# c    zone      mass      isoh1     isohe4     isoo14     isoo15    isone18    isosi25    isofe56
 thal    1 1.86004424  0.000E+00  0.000E+00  0.000E+00  0.000E+00  0.000E+00  0.000E+00  1.000E+00
 thal    2 1.86004424  0.000E+00  0.000E+00  0.000E+00  0.000E+00  0.000E+00  0.000E+00  1.000E+00
 thal    3 1.86004424  0.000E+00  0.000E+00  0.000E+00  0.000E+00  0.000E+00  0.000E+00  1.000E+00
 thal    4 1.86004424  0.000E+00  0.000E+00  0.000E+00  0.000E+00  0.000E+00  0.000E+00  1.000E+00
 thal    5 1.86004424  0.000E+00  0.000E+00  0.000E+00  0.000E+00  0.000E+00  0.000E+00  1.000E+00
 thal    6 1.86004424  0.000E+00  0.000E+00  0.000E+00  0.000E+00  0.000E+00  0.000E+00  1.000E+00
 thal    7 1.86004424  0.000E+00  0.000E+00  0.000E+00  0.000E+00  0.000E+00  0.000E+00  1.000E+00
 thal    8 1.86004424  0.000E+00  0.000E+00  0.000E+00  0.000E+00  0.000E+00  0.000E+00  1.000E+00
 thal    9 1.86004424  0.000E+00  0.000E+00  0.000E+00  0.000E+00  0.000E+00  0.000E+00  1.000E+00
 thal   10 1.86004424  0.000E+00  0.000E+00  0.000E+00  0.000E+00  0.000E+00  0.000E+00  1.000E+00
 thal   11 1.86004424  0.000E+00  0.000E+00  0.000E+00  0.000E+00  0.000E+00  0.000E+00  1.000E+00
 thal   12 1.86004425  0.000E+00  0.000E+00  0.000E+00  0.000E+00  0.000E+00  0.000E+00  1.000E+00
 thal   13 1.86004425  0.000E+00  0.000E+00  0.000E+00  0.000E+00  0.000E+00  0.000E+00  1.000E+00
 thal   14 1.86004425  0.000E+00  0.000E+00  0.000E+00  0.000E+00  0.000E+00  0.000E+00  1.000E+00
 thal   15 1.86004425  0.000E+00  0.000E+00  0.000E+00  0.000E+00  0.000E+00  0.000E+00  1.000E+00
 thal   16 1.86004425  0.000E+00  0.000E+00  0.000E+00  0.000E+00  0.000E+00  0.000E+00  1.000E+00
 thal   17 1.86004425  0.000E+00  0.000E+00  0.000E+00  0.000E+00  0.000E+00  0.000E+00  1.000E+00
 thal   18 1.86004425  0.000E+00  0.000E+00  0.000E+00  0.000E+00  0.000E+00  0.000E+00  1.000E+00
 thal   19 1.86004425  0.000E+00  0.000E+00  0.000E+00  0.000E+00  0.000E+00  0.000E+00  1.000E+00
 thal   20 1.86004425  0.000E+00  0.000E+00  0.000E+00  0.000E+00  0.000E+00  0.000E+00  1.000E+00
 thal   21 1.86004425  0.000E+00  0.000E+00  0.000E+00  0.000E+00  0.000E+00  0.000E+00  1.000E+00
 thal   22 1.86004425  0.000E+00  0.000E+00  0.000E+00  0.000E+00  0.000E+00  0.000E+00  1.000E+00
 thal   23 1.86004425  0.000E+00  0.000E+00  0.000E+00  0.000E+00  0.000E+00  0.000E+00  1.000E+00
 thal   24 1.86004425  0.000E+00  0.000E+00  0.000E+00  0.000E+00  0.000E+00  0.000E+00  1.000E+00
 thal   25 1.86004425  0.000E+00  0.000E+00  0.000E+00  0.000E+00  0.000E+00  0.000E+00  1.000E+00
 thal   26 1.86004425  0.000E+00  0.000E+00  0.000E+00  0.000E+00  0.000E+00  0.000E+00  1.000E+00
 thal   27 1.86004425  0.000E+00  0.000E+00  0.000E+00  0.000E+00  0.000E+00  0.000E+00  1.000E+00
 thal   28 1.86004425  0.000E+00  0.000E+00  0.000E+00  0.000E+00  0.000E+00  0.000E+00  1.000E+00
 thal   29 1.86004425  0.000E+00  0.000E+00  0.000E+00  0.000E+00  0.000E+00  0.000E+00  1.000E+00
 thal   30 1.86004425  0.000E+00  0.000E+00  0.000E+00  0.000E+00  0.000E+00  0.000E+00  1.000E+00
 thal   31 1.86004425  0.000E+00  0.000E+00  0.000E+00  0.000E+00  0.000E+00  0.000E+00  1.000E+00
 thal   32 1.86004425  0.000E+00  0.000E+00  0.000E+00  0.000E+00  0.000E+00  0.000E+00  1.000E+00
 thal   33 1.86004425  0.000E+00  0.000E+00  0.000E+00  0.000E+00  0.000E+00  0.000E+00  1.000E+00
 thal   34 1.86004425  0.000E+00  0.000E+00  0.000E+00  0.000E+00  0.000E+00  0.000E+00  1.000E+00
 thal   35 1.86004425  0.000E+00  0.000E+00  0.000E+00  0.000E+00  0.000E+00  0.000E+00  1.000E+00
 thal   36 1.86004425  0.000E+00  0.000E+00  0.000E+00  0.000E+00  0.000E+00  0.000E+00  1.000E+00
 thal   37 1.86004425  0.000E+00  0.000E+00  0.000E+00  0.000E+00  0.000E+00  0.000E+00  1.000E+00
  -     38 1.86004425  0.000E+00  0.000E+00  0.000E+00  0.000E+00  0.000E+00  0.000E+00  1.000E+00
  -     39 1.86004425  0.000E+00  0.000E+00  0.000E+00  0.000E+00  0.000E+00  0.000E+00  1.000E+00
  -     40 1.86004425  0.000E+00  0.000E+00  0.000E+00  0.000E+00  0.000E+00  0.000E+00  1.000E+00
  -     41 1.86004425  0.000E+00  0.000E+00  0.000E+00  0.000E+00  0.000E+00  0.000E+00  1.000E+00
  -     42 1.86004425  0.000E+00  0.000E+00  0.000E+00  0.000E+00  0.000E+00  0.000E+00  1.000E+00
  -     43 1.86004425  0.000E+00  0.000E+00  0.000E+00  0.000E+00  0.000E+00  0.000E+00  1.000E+00
  -     44 1.86004425  0.000E+00  0.000E+00  0.000E+00  0.000E+00  0.000E+00  0.000E+00  1.000E+00
  -     45 1.86004425  0.000E+00  0.000E+00  0.000E+00  0.000E+00  0.000E+00  0.000E+00  1.000E+00
  -     46 1.86004425  0.000E+00  0.000E+00  0.000E+00  0.000E+00  0.000E+00  0.000E+00  1.000E+00
 thal   47 1.86004425  0.000E+00  0.000E+00  0.000E+00  0.000E+00  0.000E+00  0.000E+00  1.000E+00
 thal   48 1.86004425  0.000E+00  0.000E+00  0.000E+00  0.000E+00  0.000E+00  0.000E+00  1.000E+00
  -     49 1.86004425  0.000E+00  0.000E+00  0.000E+00  0.000E+00  0.000E+00  0.000E+00  1.000E+00
  -     50 1.86004425  0.000E+00  0.000E+00  0.000E+00  0.000E+00  0.000E+00  0.000E+00  1.000E+00
  -     51 1.86004425  6.041E-01  1.700E-01  2.305E-05  4.983E-05  2.588E-03  6.616E-02  3.238E-28
  -     52 1.86004425  6.044E-01  1.703E-01  2.185E-05  4.130E-05  2.217E-03  6.641E-02  3.022E-28
  -     53 1.86004425  6.049E-01  1.709E-01  2.101E-05  3.699E-05  2.018E-03  6.635E-02  2.874E-28
  -     54 1.86004425  6.565E-01  2.114E-01  2.985E-05  1.756E-05  1.587E-03  4.425E-02  8.843E-29
  -     55 1.86004425  6.820E-01  2.457E-01  3.852E-05  2.751E-05  1.998E-03  1.918E-02  3.744E-29
  -     56 1.86004425  6.829E-01  2.476E-01  3.825E-05  5.181E-05  2.416E-03  1.562E-02  3.786E-29
  -     57 1.86004425  6.835E-01  2.491E-01  3.799E-05  1.036E-04  3.159E-03  1.297E-02  3.872E-29
  -     58 1.86004425  6.842E-01  2.503E-01  3.771E-05  2.018E-04  4.395E-03  1.093E-02  4.005E-29
  -     59 1.86004425  6.849E-01  2.517E-01  3.781E-05  4.147E-04  6.767E-03  9.569E-03  4.261E-29
  -     60 1.86004425  6.857E-01  2.534E-01  3.826E-05  8.115E-04  1.076E-02  8.865E-03  4.829E-29
 conv   61 1.86004425  6.861E-01  2.549E-01  4.423E-05  1.258E-03  1.497E-02  8.687E-03  1.161E-28
 conv   62 1.86004425  6.861E-01  2.549E-01  4.533E-05  1.263E-03  1.504E-02  8.687E-03  1.298E-28
 conv   63 1.86004425  6.861E-01  2.549E-01  4.626E-05  1.268E-03  1.510E-02  8.686E-03  1.406E-28
 conv   64 1.86004425  6.861E-01  2.549E-01  4.713E-05  1.273E-03  1.516E-02  8.685E-03  1.497E-28
 conv   65 1.86004425  6.861E-01  2.550E-01  4.805E-05  1.278E-03  1.522E-02  8.685E-03  1.599E-28
 conv   66 1.86004425  6.861E-01  2.550E-01  4.903E-05  1.283E-03  1.528E-02  8.684E-03  1.719E-28
 conv   67 1.86004425  6.861E-01  2.550E-01  5.007E-05  1.288E-03  1.534E-02  8.684E-03  1.862E-28
 conv   68 1.86004425  6.861E-01  2.550E-01  5.120E-05  1.293E-03  1.540E-02  8.683E-03  2.045E-28
 conv   69 1.86004425  6.861E-01  2.550E-01  5.244E-05  1.298E-03  1.546E-02  8.683E-03  2.302E-28
 conv   70 1.86004425  6.861E-01  2.550E-01  5.368E-05  1.302E-03  1.551E-02  8.682E-03  2.614E-28
 conv   71 1.86004425  6.861E-01  2.551E-01  5.470E-05  1.307E-03  1.556E-02  8.682E-03  2.791E-28
 conv   72 1.86004425  6.861E-01  2.551E-01  5.576E-05  1.311E-03  1.561E-02  8.681E-03  2.994E-28
 conv   73 1.86004425  6.861E-01  2.551E-01  5.688E-05  1.316E-03  1.566E-02  8.681E-03  3.232E-28
 conv   74 1.86004425  6.861E-01  2.551E-01  5.807E-05  1.320E-03  1.571E-02  8.680E-03  3.521E-28
 conv   75 1.86004425  6.861E-01  2.551E-01  5.934E-05  1.325E-03  1.576E-02  8.680E-03  3.891E-28
 conv   76 1.86004425  6.861E-01  2.551E-01  6.071E-05  1.329E-03  1.581E-02  8.680E-03  4.408E-28
 conv   77 1.86004425  6.861E-01  2.552E-01  6.221E-05  1.334E-03  1.585E-02  8.679E-03  5.244E-28
 conv   78 1.86004425  6.861E-01  2.552E-01  6.338E-05  1.338E-03  1.590E-02  8.679E-03  5.657E-28
 conv   79 1.86004425  6.861E-01  2.552E-01  6.446E-05  1.342E-03  1.594E-02  8.678E-03  5.886E-28
 conv   80 1.86004425  6.861E-01  2.552E-01  6.573E-05  1.346E-03  1.598E-02  8.678E-03  6.415E-28
 conv   81 1.86004425  6.861E-01  2.552E-01  6.705E-05  1.350E-03  1.602E-02  8.678E-03  7.049E-28
 conv   82 1.86004425  6.861E-01  2.552E-01  6.841E-05  1.354E-03  1.606E-02  8.677E-03  7.793E-28
 conv   83 1.86004425  6.861E-01  2.552E-01  6.981E-05  1.358E-03  1.610E-02  8.677E-03  8.706E-28
 conv   84 1.86004425  6.861E-01  2.552E-01  7.127E-05  1.362E-03  1.614E-02  8.677E-03  9.878E-28
 conv   85 1.86004425  6.861E-01  2.553E-01  7.279E-05  1.366E-03  1.617E-02  8.677E-03  1.149E-27
 conv   86 1.86004425  6.861E-01  2.553E-01  7.424E-05  1.369E-03  1.621E-02  8.676E-03  1.317E-27
 conv   87 1.86004425  6.862E-01  2.553E-01  7.551E-05  1.373E-03  1.624E-02  8.676E-03  1.415E-27
 conv   88 1.86004425  6.862E-01  2.553E-01  7.680E-05  1.376E-03  1.628E-02  8.676E-03  1.522E-27
 conv   89 1.86004425  6.862E-01  2.553E-01  7.810E-05  1.380E-03  1.631E-02  8.675E-03  1.639E-27
 conv   90 1.86004425  6.862E-01  2.553E-01  7.942E-05  1.383E-03  1.634E-02  8.675E-03  1.768E-27
 conv   91 1.86004425  6.862E-01  2.553E-01  8.075E-05  1.387E-03  1.637E-02  8.675E-03  1.909E-27
 conv   92 1.86004425  6.862E-01  2.553E-01  8.209E-05  1.390E-03  1.640E-02  8.674E-03  2.065E-27
 conv   93 1.86004425  6.862E-01  2.553E-01  8.345E-05  1.393E-03  1.643E-02  8.674E-03  2.239E-27
 conv   94 1.86004425  6.862E-01  2.553E-01  8.481E-05  1.397E-03  1.645E-02  8.674E-03  2.434E-27
 conv   95 1.86004425  6.862E-01  2.554E-01  8.618E-05  1.400E-03  1.648E-02  8.673E-03  2.652E-27
 conv   96 1.86004425  6.862E-01  2.554E-01  8.756E-05  1.403E-03  1.651E-02  8.673E-03  2.897E-27
 conv   97 1.86004425  6.862E-01  2.554E-01  8.894E-05  1.406E-03  1.653E-02  8.673E-03  3.173E-27
 conv   98 1.86004425  6.862E-01  2.554E-01  9.033E-05  1.409E-03  1.656E-02  8.673E-03  3.487E-27
 conv   99 1.86004425  6.862E-01  2.554E-01  9.171E-05  1.412E-03  1.658E-02  8.673E-03  3.848E-27
 conv  100 1.86004425  6.862E-01  2.554E-01  9.309E-05  1.415E-03  1.660E-02  8.672E-03  4.259E-27
 conv  101 1.86004425  6.862E-01  2.554E-01  9.446E-05  1.418E-03  1.662E-02  8.672E-03  4.735E-27
 conv  102 1.86004425  6.862E-01  2.554E-01  9.583E-05  1.421E-03  1.664E-02  8.672E-03  5.296E-27
 conv  103 1.86004425  6.862E-01  2.554E-01  9.718E-05  1.424E-03  1.666E-02  8.672E-03  5.969E-27
 conv  104 1.86004425  6.862E-01  2.554E-01  9.851E-05  1.426E-03  1.668E-02  8.672E-03  6.758E-27
 conv  105 1.86004425  6.862E-01  2.554E-01  9.977E-05  1.429E-03  1.670E-02  8.671E-03  7.265E-27
 conv  106 1.86004425  6.862E-01  2.554E-01  1.010E-04  1.432E-03  1.672E-02  8.671E-03  7.817E-27
 conv  107 1.86004425  6.862E-01  2.555E-01  1.022E-04  1.434E-03  1.674E-02  8.671E-03  8.417E-27
 conv  108 1.86004425  6.862E-01  2.555E-01  1.035E-04  1.437E-03  1.676E-02  8.671E-03  9.072E-27
 conv  109 1.86004425  6.862E-01  2.555E-01  1.047E-04  1.439E-03  1.677E-02  8.671E-03  9.787E-27
 conv  110 1.86004425  6.862E-01  2.555E-01  1.059E-04  1.442E-03  1.679E-02  8.670E-03  1.057E-26
 conv  111 1.86004425  6.862E-01  2.555E-01  1.070E-04  1.444E-03  1.680E-02  8.670E-03  1.143E-26
 conv  112 1.86004425  6.862E-01  2.555E-01  1.082E-04  1.446E-03  1.682E-02  8.670E-03  1.238E-26
 conv  113 1.86004425  6.862E-01  2.555E-01  1.093E-04  1.449E-03  1.683E-02  8.670E-03  1.343E-26
 conv  114 1.86004425  6.862E-01  2.555E-01  1.104E-04  1.451E-03  1.685E-02  8.670E-03  1.458E-26
 conv  115 1.86004425  6.862E-01  2.555E-01  1.115E-04  1.453E-03  1.686E-02  8.669E-03  1.598E-26
 conv  116 1.86004425  6.862E-01  2.555E-01  1.126E-04  1.455E-03  1.687E-02  8.669E-03  1.755E-26
 conv  117 1.86004425  6.862E-01  2.555E-01  1.136E-04  1.458E-03  1.688E-02  8.669E-03  1.934E-26
 conv  118 1.86004425  6.862E-01  2.555E-01  1.146E-04  1.460E-03  1.690E-02  8.669E-03  2.138E-26
 conv  119 1.86004425  6.862E-01  2.555E-01  1.155E-04  1.462E-03  1.691E-02  8.669E-03  2.380E-26
 conv  120 1.86004425  6.862E-01  2.555E-01  1.164E-04  1.464E-03  1.692E-02  8.669E-03  2.621E-26
 conv  121 1.86004425  6.862E-01  2.555E-01  1.173E-04  1.466E-03  1.693E-02  8.669E-03  2.821E-26
 conv  122 1.86004425  6.862E-01  2.555E-01  1.182E-04  1.468E-03  1.694E-02  8.668E-03  3.038E-26
 conv  123 1.86004425  6.862E-01  2.555E-01  1.190E-04  1.469E-03  1.695E-02  8.668E-03  3.277E-26
 conv  124 1.86004425  6.862E-01  2.555E-01  1.198E-04  1.471E-03  1.696E-02  8.668E-03  3.537E-26
 conv  125 1.86004425  6.862E-01  2.556E-01  1.206E-04  1.473E-03  1.697E-02  8.668E-03  3.820E-26
 conv  126 1.86004425  6.862E-01  2.556E-01  1.214E-04  1.475E-03  1.697E-02  8.668E-03  4.128E-26
 conv  127 1.86004425  6.862E-01  2.556E-01  1.221E-04  1.476E-03  1.698E-02  8.668E-03  4.464E-26
 conv  128 1.86004425  6.862E-01  2.556E-01  1.227E-04  1.478E-03  1.699E-02  8.668E-03  4.831E-26
 conv  129 1.86004425  6.862E-01  2.556E-01  1.234E-04  1.480E-03  1.700E-02  8.667E-03  5.234E-26
 conv  130 1.86004425  6.862E-01  2.556E-01  1.240E-04  1.481E-03  1.701E-02  8.667E-03  5.678E-26
 conv  131 1.86004425  6.862E-01  2.556E-01  1.245E-04  1.483E-03  1.701E-02  8.667E-03  6.169E-26
 conv  132 1.86004425  6.862E-01  2.556E-01  1.250E-04  1.485E-03  1.702E-02  8.667E-03  6.719E-26
 conv  133 1.86004425  6.862E-01  2.556E-01  1.255E-04  1.486E-03  1.703E-02  8.667E-03  7.350E-26
 conv  134 1.86004425  6.862E-01  2.556E-01  1.259E-04  1.488E-03  1.703E-02  8.667E-03  8.126E-26
 conv  135 1.86004425  6.862E-01  2.556E-01  1.263E-04  1.489E-03  1.704E-02  8.667E-03  8.753E-26
 conv  136 1.86004425  6.862E-01  2.556E-01  1.267E-04  1.490E-03  1.704E-02  8.667E-03  9.397E-26
 conv  137 1.86004425  6.862E-01  2.556E-01  1.271E-04  1.492E-03  1.705E-02  8.666E-03  1.000E-25
 conv  138 1.86004425  6.862E-01  2.556E-01  1.275E-04  1.493E-03  1.705E-02  8.666E-03  1.077E-25
 conv  139 1.86004425  6.862E-01  2.556E-01  1.278E-04  1.494E-03  1.706E-02  8.666E-03  1.160E-25
 conv  140 1.86004425  6.862E-01  2.556E-01  1.280E-04  1.496E-03  1.706E-02  8.666E-03  1.250E-25
 conv  141 1.86004425  6.862E-01  2.556E-01  1.283E-04  1.497E-03  1.707E-02  8.666E-03  1.347E-25
 conv  142 1.86004425  6.862E-01  2.556E-01  1.285E-04  1.498E-03  1.707E-02  8.666E-03  1.453E-25
 conv  143 1.86004425  6.862E-01  2.556E-01  1.286E-04  1.499E-03  1.708E-02  8.666E-03  1.567E-25
 conv  144 1.86004425  6.862E-01  2.556E-01  1.287E-04  1.501E-03  1.708E-02  8.665E-03  1.694E-25
 conv  145 1.86004425  6.862E-01  2.556E-01  1.288E-04  1.502E-03  1.709E-02  8.665E-03  1.837E-25
 conv  146 1.86004425  6.862E-01  2.556E-01  1.289E-04  1.503E-03  1.709E-02  8.665E-03  2.009E-25
 conv  147 1.86004425  6.862E-01  2.556E-01  1.290E-04  1.504E-03  1.709E-02  8.665E-03  2.146E-25
 conv  148 1.86004425  6.862E-01  2.556E-01  1.290E-04  1.505E-03  1.710E-02  8.665E-03  2.292E-25
 conv  149 1.86004425  6.862E-01  2.556E-01  1.290E-04  1.506E-03  1.710E-02  8.665E-03  2.447E-25
 conv  150 1.86004425  6.862E-01  2.556E-01  1.290E-04  1.507E-03  1.710E-02  8.665E-03  2.612E-25
 conv  151 1.86004425  6.862E-01  2.556E-01  1.290E-04  1.508E-03  1.711E-02  8.664E-03  2.789E-25
 conv  152 1.86004425  6.862E-01  2.556E-01  1.290E-04  1.509E-03  1.711E-02  8.664E-03  2.981E-25
 conv  153 1.86004425  6.862E-01  2.556E-01  1.289E-04  1.510E-03  1.711E-02  8.664E-03  3.190E-25
 conv  154 1.86004425  6.862E-01  2.556E-01  1.287E-04  1.511E-03  1.712E-02  8.664E-03  3.472E-25
 conv  155 1.86004425  6.862E-01  2.556E-01  1.286E-04  1.512E-03  1.712E-02  8.664E-03  3.731E-25
 conv  156 1.86004425  6.862E-01  2.556E-01  1.285E-04  1.513E-03  1.712E-02  8.664E-03  3.965E-25
 conv  157 1.86004425  6.862E-01  2.556E-01  1.283E-04  1.514E-03  1.713E-02  8.663E-03  4.214E-25
 conv  158 1.86004425  6.862E-01  2.556E-01  1.282E-04  1.514E-03  1.713E-02  8.663E-03  4.477E-25
 conv  159 1.86004425  6.862E-01  2.556E-01  1.280E-04  1.515E-03  1.713E-02  8.663E-03  4.755E-25
 conv  160 1.86004425  6.862E-01  2.556E-01  1.278E-04  1.516E-03  1.713E-02  8.663E-03  5.051E-25
 conv  161 1.86004425  6.862E-01  2.557E-01  1.276E-04  1.517E-03  1.714E-02  8.663E-03  5.368E-25
 conv  162 1.86004425  6.862E-01  2.557E-01  1.273E-04  1.518E-03  1.714E-02  8.663E-03  5.715E-25
 conv  163 1.86004425  6.862E-01  2.557E-01  1.271E-04  1.518E-03  1.714E-02  8.663E-03  6.106E-25
 conv  164 1.86004425  6.862E-01  2.557E-01  1.268E-04  1.519E-03  1.714E-02  8.662E-03  6.565E-25
 conv  165 1.86004425  6.862E-01  2.557E-01  1.266E-04  1.520E-03  1.714E-02  8.662E-03  6.910E-25
 conv  166 1.86004425  6.862E-01  2.557E-01  1.263E-04  1.520E-03  1.715E-02  8.662E-03  7.281E-25
 conv  167 1.86004425  6.862E-01  2.557E-01  1.260E-04  1.521E-03  1.715E-02  8.662E-03  7.664E-25
 conv  168 1.86004425  6.862E-01  2.557E-01  1.257E-04  1.522E-03  1.715E-02  8.662E-03  8.101E-25
 conv  169 1.86004425  6.862E-01  2.557E-01  1.254E-04  1.523E-03  1.715E-02  8.661E-03  8.579E-25
 conv  170 1.86004425  6.862E-01  2.557E-01  1.251E-04  1.523E-03  1.715E-02  8.661E-03  9.118E-25
 conv  171 1.86004425  6.863E-01  2.557E-01  1.248E-04  1.524E-03  1.716E-02  8.661E-03  9.632E-25
 conv  172 1.86004425  6.863E-01  2.557E-01  1.245E-04  1.524E-03  1.716E-02  8.661E-03  1.009E-24
 conv  173 1.86004425  6.863E-01  2.557E-01  1.242E-04  1.525E-03  1.716E-02  8.661E-03  1.056E-24
 conv  174 1.86004425  6.863E-01  2.557E-01  1.239E-04  1.526E-03  1.716E-02  8.661E-03  1.107E-24
 conv  175 1.86004425  6.863E-01  2.557E-01  1.235E-04  1.526E-03  1.716E-02  8.660E-03  1.162E-24
 conv  176 1.86004425  6.863E-01  2.557E-01  1.232E-04  1.527E-03  1.717E-02  8.660E-03  1.230E-24
 conv  177 1.86004425  6.863E-01  2.557E-01  1.229E-04  1.527E-03  1.717E-02  8.660E-03  1.283E-24
 conv  178 1.86004425  6.863E-01  2.557E-01  1.226E-04  1.528E-03  1.717E-02  8.660E-03  1.335E-24
 conv  179 1.86004425  6.863E-01  2.557E-01  1.223E-04  1.529E-03  1.717E-02  8.660E-03  1.391E-24
 conv  180 1.86004425  6.863E-01  2.557E-01  1.219E-04  1.529E-03  1.717E-02  8.659E-03  1.450E-24
 conv  181 1.86004425  6.863E-01  2.557E-01  1.216E-04  1.530E-03  1.717E-02  8.659E-03  1.515E-24
 conv  182 1.86004425  6.863E-01  2.557E-01  1.213E-04  1.530E-03  1.718E-02  8.659E-03  1.580E-24
 conv  183 1.86004425  6.863E-01  2.557E-01  1.210E-04  1.531E-03  1.718E-02  8.659E-03  1.633E-24
 conv  184 1.86004425  6.863E-01  2.557E-01  1.207E-04  1.531E-03  1.718E-02  8.659E-03  1.693E-24
 conv  185 1.86004425  6.863E-01  2.557E-01  1.203E-04  1.532E-03  1.718E-02  8.658E-03  1.759E-24
 conv  186 1.86004425  6.863E-01  2.557E-01  1.200E-04  1.532E-03  1.718E-02  8.658E-03  1.823E-24
 conv  187 1.86004425  6.863E-01  2.557E-01  1.197E-04  1.533E-03  1.718E-02  8.658E-03  1.877E-24
 conv  188 1.86004425  6.863E-01  2.557E-01  1.194E-04  1.533E-03  1.719E-02  8.658E-03  1.941E-24
 conv  189 1.86004425  6.863E-01  2.557E-01  1.191E-04  1.534E-03  1.719E-02  8.657E-03  2.001E-24
 conv  190 1.86004425  6.863E-01  2.557E-01  1.188E-04  1.534E-03  1.719E-02  8.657E-03  2.057E-24
 conv  191 1.86004425  6.863E-01  2.557E-01  1.186E-04  1.535E-03  1.719E-02  8.657E-03  2.123E-24
 conv  192 1.86004425  6.863E-01  2.557E-01  1.183E-04  1.535E-03  1.719E-02  8.657E-03  2.176E-24
 conv  193 1.86004425  6.863E-01  2.557E-01  1.180E-04  1.536E-03  1.720E-02  8.656E-03  2.237E-24
 conv  194 1.86004425  6.863E-01  2.557E-01  1.178E-04  1.536E-03  1.720E-02  8.656E-03  2.290E-24
 conv  195 1.86004425  6.863E-01  2.557E-01  1.175E-04  1.537E-03  1.720E-02  8.656E-03  2.356E-24
 conv  196 1.86004425  6.863E-01  2.557E-01  1.172E-04  1.537E-03  1.720E-02  8.655E-03  2.410E-24
 conv  197 1.86004425  6.863E-01  2.557E-01  1.170E-04  1.537E-03  1.720E-02  8.655E-03  2.463E-24
 conv  198 1.86004425  6.863E-01  2.557E-01  1.168E-04  1.538E-03  1.720E-02  8.655E-03  2.515E-24
 conv  199 1.86004425  6.863E-01  2.557E-01  1.165E-04  1.538E-03  1.721E-02  8.655E-03  2.567E-24
 conv  200 1.86004425  6.863E-01  2.557E-01  1.163E-04  1.539E-03  1.721E-02  8.654E-03  2.611E-24
 conv  201 1.86004425  6.863E-01  2.557E-01  1.161E-04  1.539E-03  1.721E-02  8.654E-03  2.672E-24
 conv  202 1.86004425  6.863E-01  2.557E-01  1.159E-04  1.540E-03  1.721E-02  8.654E-03  2.706E-24
 conv  203 1.86004425  6.863E-01  2.557E-01  1.157E-04  1.540E-03  1.721E-02  8.653E-03  2.753E-24
 conv  204 1.86004425  6.863E-01  2.557E-01  1.155E-04  1.541E-03  1.722E-02  8.653E-03  2.798E-24
 conv  205 1.86004425  6.863E-01  2.557E-01  1.153E-04  1.541E-03  1.722E-02  8.653E-03  2.843E-24
 conv  206 1.86004425  6.863E-01  2.557E-01  1.152E-04  1.542E-03  1.722E-02  8.652E-03  2.886E-24
 conv  207 1.86004425  6.863E-01  2.557E-01  1.150E-04  1.542E-03  1.722E-02  8.652E-03  2.930E-24
 conv  208 1.86004425  6.863E-01  2.557E-01  1.148E-04  1.543E-03  1.723E-02  8.651E-03  2.973E-24
 conv  209 1.86004425  6.863E-01  2.557E-01  1.147E-04  1.543E-03  1.723E-02  8.651E-03  3.016E-24
 conv  210 1.86004425  6.863E-01  2.557E-01  1.146E-04  1.544E-03  1.723E-02  8.650E-03  3.063E-24
 conv  211 1.86004425  6.863E-01  2.557E-01  1.144E-04  1.544E-03  1.723E-02  8.649E-03  3.103E-24
 conv  212 1.86004425  6.863E-01  2.557E-01  1.143E-04  1.545E-03  1.723E-02  8.649E-03  3.140E-24
 conv  213 1.86004425  6.863E-01  2.557E-01  1.142E-04  1.546E-03  1.724E-02  8.648E-03  3.177E-24
 conv  214 1.86004425  6.863E-01  2.557E-01  1.141E-04  1.546E-03  1.724E-02  8.647E-03  3.216E-24
 conv  215 1.86004425  6.863E-01  2.557E-01  1.140E-04  1.547E-03  1.724E-02  8.647E-03  3.255E-24
 conv  216 1.86004425  6.863E-01  2.557E-01  1.139E-04  1.547E-03  1.724E-02  8.646E-03  3.298E-24
 conv  217 1.86004425  6.863E-01  2.557E-01  1.138E-04  1.548E-03  1.725E-02  8.645E-03  3.345E-24
 conv  218 1.86004425  6.863E-01  2.557E-01  1.138E-04  1.548E-03  1.725E-02  8.644E-03  3.383E-24
 conv  219 1.86004425  6.863E-01  2.557E-01  1.137E-04  1.549E-03  1.725E-02  8.642E-03  3.422E-24
 conv  220 1.86004425  6.863E-01  2.557E-01  1.137E-04  1.550E-03  1.725E-02  8.641E-03  3.464E-24
 conv  221 1.86004425  6.863E-01  2.558E-01  1.136E-04  1.550E-03  1.726E-02  8.639E-03  3.513E-24
 conv  222 1.86004425  6.863E-01  2.558E-01  1.136E-04  1.551E-03  1.726E-02  8.638E-03  3.552E-24
 conv  223 1.86004425  6.863E-01  2.558E-01  1.136E-04  1.552E-03  1.726E-02  8.636E-03  3.599E-24
 conv  224 1.86004425  6.863E-01  2.558E-01  1.135E-04  1.553E-03  1.727E-02  8.633E-03  3.648E-24
 conv  225 1.86004425  6.863E-01  2.558E-01  1.135E-04  1.553E-03  1.727E-02  8.631E-03  3.701E-24
 conv  226 1.86004425  6.863E-01  2.558E-01  1.135E-04  1.554E-03  1.727E-02  8.627E-03  3.755E-24
 conv  227 1.86004425  6.863E-01  2.558E-01  1.135E-04  1.555E-03  1.728E-02  8.623E-03  3.813E-24
 conv  228 1.86004425  6.863E-01  2.558E-01  1.136E-04  1.556E-03  1.728E-02  8.618E-03  3.875E-24
 conv  229 1.86004425  6.863E-01  2.558E-01  1.136E-04  1.557E-03  1.728E-02  8.612E-03  3.941E-24
 conv  230 1.86004425  6.863E-01  2.558E-01  1.136E-04  1.558E-03  1.729E-02  8.603E-03  4.010E-24
 conv  231 1.86004425  6.863E-01  2.558E-01  1.137E-04  1.559E-03  1.729E-02  8.593E-03  4.084E-24
 conv  232 1.86004425  6.863E-01  2.558E-01  1.137E-04  1.560E-03  1.729E-02  8.580E-03  4.161E-24
 conv  233 1.86004425  6.863E-01  2.558E-01  1.138E-04  1.561E-03  1.730E-02  8.564E-03  4.245E-24
 conv  234 1.86004425  6.863E-01  2.558E-01  1.138E-04  1.562E-03  1.730E-02  8.544E-03  4.336E-24
 conv  235 1.86004425  6.864E-01  2.558E-01  1.139E-04  1.563E-03  1.731E-02  8.521E-03  4.441E-24
 conv  236 1.86004425  6.864E-01  2.558E-01  1.140E-04  1.565E-03  1.731E-02  8.494E-03  4.556E-24
 conv  237 1.86004425  6.864E-01  2.558E-01  1.141E-04  1.566E-03  1.731E-02  8.465E-03  4.688E-24
 conv  238 1.86004425  6.864E-01  2.558E-01  1.142E-04  1.568E-03  1.732E-02  8.434E-03  4.835E-24
 conv  239 1.86004425  6.864E-01  2.559E-01  1.144E-04  1.569E-03  1.732E-02  8.404E-03  5.008E-24
 conv  240 1.86004425  6.864E-01  2.559E-01  1.145E-04  1.571E-03  1.732E-02  8.375E-03  5.209E-24
 conv  241 1.86004425  6.864E-01  2.559E-01  1.147E-04  1.573E-03  1.733E-02  8.348E-03  5.449E-24
 conv  242 1.86004425  6.865E-01  2.559E-01  1.149E-04  1.576E-03  1.733E-02  8.321E-03  5.746E-24
 conv  243 1.86004425  6.865E-01  2.559E-01  1.152E-04  1.579E-03  1.733E-02  8.293E-03  6.129E-24
 conv  244 1.86004425  6.865E-01  2.560E-01  1.156E-04  1.582E-03  1.733E-02  8.262E-03  6.650E-24
 conv  245 1.86004425  6.866E-01  2.560E-01  1.161E-04  1.587E-03  1.733E-02  8.222E-03  7.419E-24
 conv  246 1.86004425  6.867E-01  2.561E-01  1.169E-04  1.594E-03  1.732E-02  8.161E-03  8.703E-24
 conv  247 1.86004425  6.869E-01  2.563E-01  1.182E-04  1.603E-03  1.729E-02  8.066E-03  1.085E-23
 conv  248 1.86004425  6.878E-01  2.572E-01  1.243E-04  1.645E-03  1.711E-02  7.612E-03  2.161E-23
 semi  249 1.86004425  6.880E-01  2.573E-01  1.256E-04  1.646E-03  1.707E-02  7.517E-03  2.384E-23
 neut  250 1.86004425  6.915E-01  2.605E-01  1.473E-04  1.748E-03  1.628E-02  5.861E-03  6.216E-23
  -    251 1.86004425  6.922E-01  2.610E-01  1.479E-04  1.715E-03  1.593E-02  5.690E-03  6.333E-23
  -    252 1.86004425  7.169E-01  2.800E-01  2.053E-05  1.014E-04  7.765E-07  1.381E-07  7.296E-27
