#      zone      mass         dn         tn         sn        xln      isoh1     isohe4    isone18    isosi24
  -     45 1.86004425  1.834E+06  7.695E+08 -9.955E+05 -4.345E+37  0.000E+00  0.000E+00  0.000E+00  0.000E+00
  -     46 1.86004425  1.802E+06  7.823E+08 -1.155E+06 -4.587E+37  0.000E+00  0.000E+00  0.000E+00  0.000E+00
 thal   47 1.86004425  1.778E+06  7.919E+08 -1.294E+06 -4.780E+37  0.000E+00  0.000E+00  0.000E+00  0.000E+00
 thal   48 1.86004425  1.759E+06  7.996E+08 -1.418E+06 -4.938E+37  0.000E+00  0.000E+00  0.000E+00  0.000E+00
  -     49 1.86004425  1.743E+06  8.058E+08 -1.530E+06 -5.074E+37  0.000E+00  0.000E+00  0.000E+00  0.000E+00
  -     50 1.86004425  1.730E+06  8.112E+08 -1.634E+06 -5.195E+37  0.000E+00  0.000E+00  0.000E+00  0.000E+00
  -     51 1.86004425  6.546E+05  8.161E+08  6.700E+17 -4.203E+37  6.041E-01  1.700E-01  2.588E-03  4.803E-02
  -     52 1.86004425  6.493E+05  8.199E+08  6.622E+17 -3.236E+37  6.044E-01  1.703E-01  2.217E-03  4.731E-02
  -     53 1.86004425  6.444E+05  8.228E+08  6.574E+17 -2.289E+37  6.049E-01  1.709E-01  2.018E-03  4.706E-02
  -     54 1.86004425  6.113E+05  8.249E+08  4.628E+17 -1.782E+37  6.565E-01  2.114E-01  1.587E-03  3.405E-02
  -     55 1.86004425  5.938E+05  8.265E+08  3.811E+17 -1.471E+37  6.820E-01  2.457E-01  1.998E-03  3.303E-02
  -     56 1.86004425  5.899E+05  8.278E+08  3.972E+17 -1.141E+37  6.829E-01  2.476E-01  2.416E-03  3.303E-02
  -     57 1.86004425  5.863E+05  8.288E+08  4.268E+17 -7.681E+36  6.835E-01  2.491E-01  3.159E-03  3.168E-02
  -     58 1.86004425  5.829E+05  8.294E+08  4.810E+17 -3.047E+36  6.842E-01  2.503E-01  4.395E-03  2.874E-02
  -     59 1.86004425  5.797E+05  8.297E+08  5.667E+17  3.077E+36  6.849E-01  2.517E-01  6.767E-03  2.357E-02
  -     60 1.86004425  5.767E+05  8.294E+08  6.859E+17  1.125E+37  6.857E-01  2.534E-01  1.076E-02  1.739E-02
 conv   61 1.86004425  5.743E+05  8.284E+08  7.949E+17  2.064E+37  6.861E-01  2.549E-01  1.497E-02  1.393E-02
 conv   62 1.86004425  5.723E+05  8.269E+08  7.781E+17  2.971E+37  6.861E-01  2.549E-01  1.504E-02  1.392E-02
 conv   63 1.86004425  5.704E+05  8.254E+08  7.621E+17  3.847E+37  6.861E-01  2.549E-01  1.510E-02  1.391E-02
 conv   64 1.86004425  5.685E+05  8.239E+08  7.465E+17  4.693E+37  6.861E-01  2.549E-01  1.516E-02  1.389E-02
 conv   65 1.86004425  5.665E+05  8.223E+08  7.311E+17  5.509E+37  6.861E-01  2.550E-01  1.522E-02  1.388E-02
 conv   66 1.86004425  5.646E+05  8.208E+08  7.159E+17  6.296E+37  6.861E-01  2.550E-01  1.528E-02  1.387E-02
 conv   67 1.86004425  5.626E+05  8.192E+08  7.010E+17  7.055E+37  6.861E-01  2.550E-01  1.534E-02  1.386E-02
 conv   68 1.86004425  5.607E+05  8.177E+08  6.863E+17  7.785E+37  6.861E-01  2.550E-01  1.540E-02  1.384E-02
 conv   69 1.86004425  5.587E+05  8.161E+08  6.718E+17  8.487E+37  6.861E-01  2.550E-01  1.546E-02  1.383E-02
 conv   70 1.86004425  5.568E+05  8.145E+08  6.576E+17  9.163E+37  6.861E-01  2.550E-01  1.551E-02  1.382E-02
 conv   71 1.86004425  5.548E+05  8.129E+08  6.440E+17  9.812E+37  6.861E-01  2.551E-01  1.556E-02  1.381E-02
 conv   72 1.86004425  5.528E+05  8.114E+08  6.306E+17  1.044E+38  6.861E-01  2.551E-01  1.561E-02  1.380E-02
 conv   73 1.86004425  5.509E+05  8.098E+08  6.175E+17  1.103E+38  6.861E-01  2.551E-01  1.566E-02  1.379E-02
 conv   74 1.86004425  5.489E+05  8.082E+08  6.045E+17  1.161E+38  6.861E-01  2.551E-01  1.571E-02  1.378E-02
 conv   75 1.86004425  5.469E+05  8.066E+08  5.918E+17  1.216E+38  6.861E-01  2.551E-01  1.576E-02  1.377E-02
 conv   76 1.86004425  5.449E+05  8.050E+08  5.793E+17  1.268E+38  6.861E-01  2.551E-01  1.581E-02  1.376E-02
 conv   77 1.86004425  5.429E+05  8.034E+08  5.670E+17  1.319E+38  6.861E-01  2.552E-01  1.585E-02  1.375E-02
 conv   78 1.86004425  5.409E+05  8.017E+08  5.552E+17  1.367E+38  6.861E-01  2.552E-01  1.590E-02  1.373E-02
 conv   79 1.86004425  5.389E+05  8.001E+08  5.438E+17  1.413E+38  6.861E-01  2.552E-01  1.594E-02  1.372E-02
 conv   80 1.86004425  5.369E+05  7.985E+08  5.325E+17  1.457E+38  6.861E-01  2.552E-01  1.598E-02  1.371E-02
 conv   81 1.86004425  5.349E+05  7.968E+08  5.215E+17  1.498E+38  6.861E-01  2.552E-01  1.602E-02  1.370E-02
 conv   82 1.86004425  5.329E+05  7.952E+08  5.106E+17  1.538E+38  6.861E-01  2.552E-01  1.606E-02  1.370E-02
 conv   83 1.86004425  5.309E+05  7.935E+08  5.000E+17  1.576E+38  6.861E-01  2.552E-01  1.610E-02  1.369E-02
 conv   84 1.86004425  5.289E+05  7.919E+08  4.897E+17  1.611E+38  6.861E-01  2.552E-01  1.614E-02  1.368E-02
 conv   85 1.86004425  5.269E+05  7.902E+08  4.795E+17  1.645E+38  6.861E-01  2.553E-01  1.617E-02  1.367E-02
 conv   86 1.86004425  5.249E+05  7.885E+08  4.696E+17  1.677E+38  6.861E-01  2.553E-01  1.621E-02  1.366E-02
 conv   87 1.86004425  5.228E+05  7.869E+08  4.601E+17  1.707E+38  6.862E-01  2.553E-01  1.624E-02  1.365E-02
 conv   88 1.86004425  5.208E+05  7.852E+08  4.507E+17  1.736E+38  6.862E-01  2.553E-01  1.628E-02  1.364E-02
 conv   89 1.86004425  5.188E+05  7.835E+08  4.416E+17  1.762E+38  6.862E-01  2.553E-01  1.631E-02  1.363E-02
 conv   90 1.86004425  5.167E+05  7.818E+08  4.327E+17  1.788E+38  6.862E-01  2.553E-01  1.634E-02  1.362E-02
 conv   91 1.86004425  5.147E+05  7.801E+08  4.239E+17  1.811E+38  6.862E-01  2.553E-01  1.637E-02  1.362E-02
 conv   92 1.86004425  5.127E+05  7.783E+08  4.154E+17  1.833E+38  6.862E-01  2.553E-01  1.640E-02  1.361E-02
 conv   93 1.86004425  5.106E+05  7.766E+08  4.071E+17  1.853E+38  6.862E-01  2.553E-01  1.643E-02  1.360E-02
 conv   94 1.86004425  5.085E+05  7.749E+08  3.990E+17  1.872E+38  6.862E-01  2.553E-01  1.645E-02  1.359E-02
 conv   95 1.86004425  5.065E+05  7.732E+08  3.911E+17  1.890E+38  6.862E-01  2.554E-01  1.648E-02  1.358E-02
 conv   96 1.86004425  5.044E+05  7.714E+08  3.833E+17  1.906E+38  6.862E-01  2.554E-01  1.651E-02  1.357E-02
 conv   97 1.86004425  5.024E+05  7.697E+08  3.758E+17  1.920E+38  6.862E-01  2.554E-01  1.653E-02  1.357E-02
 conv   98 1.86004425  5.003E+05  7.679E+08  3.684E+17  1.934E+38  6.862E-01  2.554E-01  1.656E-02  1.356E-02
 conv   99 1.86004425  4.982E+05  7.661E+08  3.612E+17  1.946E+38  6.862E-01  2.554E-01  1.658E-02  1.355E-02
 conv  100 1.86004425  4.961E+05  7.644E+08  3.542E+17  1.957E+38  6.862E-01  2.554E-01  1.660E-02  1.354E-02
 conv  101 1.86004425  4.940E+05  7.626E+08  3.474E+17  1.966E+38  6.862E-01  2.554E-01  1.662E-02  1.353E-02
 conv  102 1.86004425  4.919E+05  7.608E+08  3.407E+17  1.975E+38  6.862E-01  2.554E-01  1.664E-02  1.353E-02
 conv  103 1.86004425  4.898E+05  7.590E+08  3.342E+17  1.982E+38  6.862E-01  2.554E-01  1.666E-02  1.352E-02
 conv  104 1.86004425  4.877E+05  7.572E+08  3.279E+17  1.988E+38  6.862E-01  2.554E-01  1.668E-02  1.351E-02
 conv  105 1.86004425  4.856E+05  7.554E+08  3.217E+17  1.993E+38  6.862E-01  2.554E-01  1.670E-02  1.350E-02
 conv  106 1.86004425  4.835E+05  7.535E+08  3.157E+17  1.997E+38  6.862E-01  2.554E-01  1.672E-02  1.350E-02
 conv  107 1.86004425  4.814E+05  7.517E+08  3.099E+17  2.000E+38  6.862E-01  2.555E-01  1.674E-02  1.349E-02
 conv  108 1.86004425  4.793E+05  7.499E+08  3.042E+17  2.002E+38  6.862E-01  2.555E-01  1.676E-02  1.348E-02
 conv  109 1.86004425  4.772E+05  7.480E+08  2.987E+17  2.003E+38  6.862E-01  2.555E-01  1.677E-02  1.347E-02
 conv  110 1.86004425  4.750E+05  7.461E+08  2.933E+17  2.003E+38  6.862E-01  2.555E-01  1.679E-02  1.347E-02
 conv  111 1.86004425  4.729E+05  7.443E+08  2.881E+17  2.002E+38  6.862E-01  2.555E-01  1.680E-02  1.346E-02
 conv  112 1.86004425  4.708E+05  7.424E+08  2.830E+17  2.000E+38  6.862E-01  2.555E-01  1.682E-02  1.345E-02
 conv  113 1.86004425  4.686E+05  7.405E+08  2.780E+17  1.997E+38  6.862E-01  2.555E-01  1.683E-02  1.344E-02
 conv  114 1.86004425  4.665E+05  7.386E+08  2.731E+17  1.994E+38  6.862E-01  2.555E-01  1.685E-02  1.343E-02
 conv  115 1.86004425  4.643E+05  7.367E+08  2.684E+17  1.990E+38  6.862E-01  2.555E-01  1.686E-02  1.343E-02
 conv  116 1.86004425  4.621E+05  7.348E+08  2.638E+17  1.985E+38  6.862E-01  2.555E-01  1.687E-02  1.342E-02
 conv  117 1.86004425  4.600E+05  7.329E+08  2.594E+17  1.979E+38  6.862E-01  2.555E-01  1.688E-02  1.341E-02
 conv  118 1.86004425  4.578E+05  7.309E+08  2.550E+17  1.973E+38  6.862E-01  2.555E-01  1.690E-02  1.340E-02
 conv  119 1.86004425  4.556E+05  7.290E+08  2.508E+17  1.966E+38  6.862E-01  2.555E-01  1.691E-02  1.340E-02
 conv  120 1.86004425  4.534E+05  7.270E+08  2.467E+17  1.958E+38  6.862E-01  2.555E-01  1.692E-02  1.339E-02
 conv  121 1.86004425  4.512E+05  7.251E+08  2.427E+17  1.949E+38  6.862E-01  2.555E-01  1.693E-02  1.338E-02
 conv  122 1.86004425  4.491E+05  7.231E+08  2.388E+17  1.940E+38  6.862E-01  2.555E-01  1.694E-02  1.337E-02
 conv  123 1.86004425  4.469E+05  7.211E+08  2.350E+17  1.931E+38  6.862E-01  2.555E-01  1.695E-02  1.337E-02
 conv  124 1.86004425  4.446E+05  7.191E+08  2.314E+17  1.920E+38  6.862E-01  2.555E-01  1.696E-02  1.336E-02
 conv  125 1.86004425  4.424E+05  7.171E+08  2.278E+17  1.910E+38  6.862E-01  2.556E-01  1.697E-02  1.335E-02
 conv  126 1.86004425  4.402E+05  7.151E+08  2.243E+17  1.898E+38  6.862E-01  2.556E-01  1.697E-02  1.334E-02
 conv  127 1.86004425  4.380E+05  7.131E+08  2.210E+17  1.886E+38  6.862E-01  2.556E-01  1.698E-02  1.334E-02
 conv  128 1.86004425  4.358E+05  7.111E+08  2.177E+17  1.874E+38  6.862E-01  2.556E-01  1.699E-02  1.333E-02
 conv  129 1.86004425  4.335E+05  7.090E+08  2.145E+17  1.861E+38  6.862E-01  2.556E-01  1.700E-02  1.332E-02
 conv  130 1.86004425  4.313E+05  7.069E+08  2.114E+17  1.848E+38  6.862E-01  2.556E-01  1.701E-02  1.331E-02
 conv  131 1.86004425  4.290E+05  7.049E+08  2.083E+17  1.834E+38  6.862E-01  2.556E-01  1.701E-02  1.330E-02
 conv  132 1.86004425  4.268E+05  7.028E+08  2.054E+17  1.820E+38  6.862E-01  2.556E-01  1.702E-02  1.330E-02
 conv  133 1.86004425  4.245E+05  7.007E+08  2.026E+17  1.806E+38  6.862E-01  2.556E-01  1.703E-02  1.329E-02
 conv  134 1.86004425  4.222E+05  6.986E+08  1.998E+17  1.791E+38  6.862E-01  2.556E-01  1.703E-02  1.328E-02
 conv  135 1.86004425  4.200E+05  6.965E+08  1.971E+17  1.775E+38  6.862E-01  2.556E-01  1.704E-02  1.327E-02
 conv  136 1.86004425  4.177E+05  6.944E+08  1.946E+17  1.760E+38  6.862E-01  2.556E-01  1.704E-02  1.326E-02
 conv  137 1.86004425  4.154E+05  6.922E+08  1.921E+17  1.744E+38  6.862E-01  2.556E-01  1.705E-02  1.326E-02
 conv  138 1.86004425  4.131E+05  6.901E+08  1.896E+17  1.728E+38  6.862E-01  2.556E-01  1.705E-02  1.325E-02
 conv  139 1.86004425  4.108E+05  6.879E+08  1.872E+17  1.711E+38  6.862E-01  2.556E-01  1.706E-02  1.324E-02
 conv  140 1.86004425  4.085E+05  6.857E+08  1.849E+17  1.694E+38  6.862E-01  2.556E-01  1.706E-02  1.323E-02
 conv  141 1.86004425  4.062E+05  6.835E+08  1.827E+17  1.677E+38  6.862E-01  2.556E-01  1.707E-02  1.323E-02
 conv  142 1.86004425  4.039E+05  6.813E+08  1.805E+17  1.659E+38  6.862E-01  2.556E-01  1.707E-02  1.322E-02
 conv  143 1.86004425  4.015E+05  6.791E+08  1.783E+17  1.642E+38  6.862E-01  2.556E-01  1.708E-02  1.321E-02
 conv  144 1.86004425  3.992E+05  6.769E+08  1.763E+17  1.624E+38  6.862E-01  2.556E-01  1.708E-02  1.320E-02
 conv  145 1.86004425  3.968E+05  6.746E+08  1.742E+17  1.606E+38  6.862E-01  2.556E-01  1.709E-02  1.319E-02
 conv  146 1.86004425  3.945E+05  6.724E+08  1.723E+17  1.587E+38  6.862E-01  2.556E-01  1.709E-02  1.318E-02
 conv  147 1.86004425  3.921E+05  6.701E+08  1.703E+17  1.569E+38  6.862E-01  2.556E-01  1.709E-02  1.318E-02
 conv  148 1.86004425  3.898E+05  6.678E+08  1.685E+17  1.550E+38  6.862E-01  2.556E-01  1.710E-02  1.317E-02
 conv  149 1.86004425  3.874E+05  6.655E+08  1.667E+17  1.531E+38  6.862E-01  2.556E-01  1.710E-02  1.316E-02
 conv  150 1.86004425  3.850E+05  6.632E+08  1.649E+17  1.512E+38  6.862E-01  2.556E-01  1.710E-02  1.315E-02
 conv  151 1.86004425  3.826E+05  6.608E+08  1.631E+17  1.492E+38  6.862E-01  2.556E-01  1.711E-02  1.314E-02
 conv  152 1.86004425  3.802E+05  6.585E+08  1.615E+17  1.473E+38  6.862E-01  2.556E-01  1.711E-02  1.313E-02
 conv  153 1.86004425  3.778E+05  6.561E+08  1.598E+17  1.453E+38  6.862E-01  2.556E-01  1.711E-02  1.312E-02
 conv  154 1.86004425  3.754E+05  6.537E+08  1.582E+17  1.434E+38  6.862E-01  2.556E-01  1.712E-02  1.312E-02
 conv  155 1.86004425  3.730E+05  6.513E+08  1.566E+17  1.414E+38  6.862E-01  2.556E-01  1.712E-02  1.311E-02
 conv  156 1.86004425  3.705E+05  6.489E+08  1.551E+17  1.394E+38  6.862E-01  2.556E-01  1.712E-02  1.310E-02
 conv  157 1.86004425  3.681E+05  6.465E+08  1.536E+17  1.374E+38  6.862E-01  2.556E-01  1.713E-02  1.309E-02
 conv  158 1.86004425  3.656E+05  6.440E+08  1.522E+17  1.354E+38  6.862E-01  2.556E-01  1.713E-02  1.308E-02
 conv  159 1.86004425  3.632E+05  6.416E+08  1.508E+17  1.333E+38  6.862E-01  2.556E-01  1.713E-02  1.307E-02
 conv  160 1.86004425  3.607E+05  6.391E+08  1.494E+17  1.313E+38  6.862E-01  2.556E-01  1.713E-02  1.306E-02
 conv  161 1.86004425  3.582E+05  6.366E+08  1.480E+17  1.293E+38  6.862E-01  2.557E-01  1.714E-02  1.305E-02
 conv  162 1.86004425  3.557E+05  6.341E+08  1.467E+17  1.272E+38  6.862E-01  2.557E-01  1.714E-02  1.304E-02
 conv  163 1.86004425  3.532E+05  6.315E+08  1.454E+17  1.252E+38  6.862E-01  2.557E-01  1.714E-02  1.303E-02
 conv  164 1.86004425  3.507E+05  6.290E+08  1.442E+17  1.231E+38  6.862E-01  2.557E-01  1.714E-02  1.302E-02
 conv  165 1.86004425  3.482E+05  6.264E+08  1.429E+17  1.210E+38  6.862E-01  2.557E-01  1.714E-02  1.301E-02
 conv  166 1.86004425  3.457E+05  6.238E+08  1.417E+17  1.190E+38  6.862E-01  2.557E-01  1.715E-02  1.300E-02
 conv  167 1.86004425  3.431E+05  6.212E+08  1.406E+17  1.169E+38  6.862E-01  2.557E-01  1.715E-02  1.300E-02
 conv  168 1.86004425  3.406E+05  6.186E+08  1.394E+17  1.148E+38  6.862E-01  2.557E-01  1.715E-02  1.299E-02
 conv  169 1.86004425  3.380E+05  6.159E+08  1.383E+17  1.128E+38  6.862E-01  2.557E-01  1.715E-02  1.298E-02
 conv  170 1.86004425  3.355E+05  6.132E+08  1.372E+17  1.107E+38  6.862E-01  2.557E-01  1.715E-02  1.297E-02
 conv  171 1.86004425  3.329E+05  6.105E+08  1.362E+17  1.086E+38  6.863E-01  2.557E-01  1.716E-02  1.296E-02
 conv  172 1.86004425  3.303E+05  6.078E+08  1.351E+17  1.065E+38  6.863E-01  2.557E-01  1.716E-02  1.295E-02
 conv  173 1.86004425  3.277E+05  6.050E+08  1.341E+17  1.045E+38  6.863E-01  2.557E-01  1.716E-02  1.294E-02
 conv  174 1.86004425  3.251E+05  6.023E+08  1.331E+17  1.024E+38  6.863E-01  2.557E-01  1.716E-02  1.293E-02
 conv  175 1.86004425  3.225E+05  5.995E+08  1.321E+17  1.003E+38  6.863E-01  2.557E-01  1.716E-02  1.292E-02
 conv  176 1.86004425  3.198E+05  5.967E+08  1.312E+17  9.826E+37  6.863E-01  2.557E-01  1.717E-02  1.291E-02
 conv  177 1.86004425  3.172E+05  5.938E+08  1.303E+17  9.620E+37  6.863E-01  2.557E-01  1.717E-02  1.290E-02
 conv  178 1.86004425  3.145E+05  5.910E+08  1.294E+17  9.414E+37  6.863E-01  2.557E-01  1.717E-02  1.289E-02
 conv  179 1.86004425  3.118E+05  5.881E+08  1.286E+17  9.209E+37  6.863E-01  2.557E-01  1.717E-02  1.288E-02
 conv  180 1.86004425  3.092E+05  5.852E+08  1.277E+17  9.005E+37  6.863E-01  2.557E-01  1.717E-02  1.287E-02
 conv  181 1.86004425  3.065E+05  5.822E+08  1.269E+17  8.801E+37  6.863E-01  2.557E-01  1.717E-02  1.286E-02
 conv  182 1.86004425  3.038E+05  5.792E+08  1.261E+17  8.598E+37  6.863E-01  2.557E-01  1.718E-02  1.286E-02
 conv  183 1.86004425  3.010E+05  5.762E+08  1.253E+17  8.396E+37  6.863E-01  2.557E-01  1.718E-02  1.285E-02
 conv  184 1.86004425  2.983E+05  5.732E+08  1.246E+17  8.194E+37  6.863E-01  2.557E-01  1.718E-02  1.284E-02
 conv  185 1.86004425  2.955E+05  5.702E+08  1.238E+17  7.994E+37  6.863E-01  2.557E-01  1.718E-02  1.283E-02
 conv  186 1.86004425  2.928E+05  5.671E+08  1.231E+17  7.795E+37  6.863E-01  2.557E-01  1.718E-02  1.282E-02
 conv  187 1.86004425  2.900E+05  5.640E+08  1.224E+17  7.596E+37  6.863E-01  2.557E-01  1.718E-02  1.281E-02
 conv  188 1.86004425  2.872E+05  5.608E+08  1.217E+17  7.399E+37  6.863E-01  2.557E-01  1.719E-02  1.280E-02
 conv  189 1.86004425  2.844E+05  5.576E+08  1.210E+17  7.203E+37  6.863E-01  2.557E-01  1.719E-02  1.279E-02
 conv  190 1.86004425  2.815E+05  5.544E+08  1.204E+17  7.008E+37  6.863E-01  2.557E-01  1.719E-02  1.279E-02
 conv  191 1.86004425  2.787E+05  5.512E+08  1.198E+17  6.814E+37  6.863E-01  2.557E-01  1.719E-02  1.278E-02
 conv  192 1.86004425  2.758E+05  5.479E+08  1.192E+17  6.622E+37  6.863E-01  2.557E-01  1.719E-02  1.277E-02
 conv  193 1.86004425  2.730E+05  5.445E+08  1.186E+17  6.431E+37  6.863E-01  2.557E-01  1.720E-02  1.276E-02
 conv  194 1.86004425  2.701E+05  5.412E+08  1.180E+17  6.242E+37  6.863E-01  2.557E-01  1.720E-02  1.275E-02
 conv  195 1.86004425  2.672E+05  5.378E+08  1.175E+17  6.054E+37  6.863E-01  2.557E-01  1.720E-02  1.274E-02
 conv  196 1.86004425  2.642E+05  5.344E+08  1.169E+17  5.868E+37  6.863E-01  2.557E-01  1.720E-02  1.274E-02
 conv  197 1.86004425  2.613E+05  5.309E+08  1.164E+17  5.684E+37  6.863E-01  2.557E-01  1.720E-02  1.273E-02
 conv  198 1.86004425  2.583E+05  5.274E+08  1.159E+17  5.501E+37  6.863E-01  2.557E-01  1.720E-02  1.272E-02
 conv  199 1.86004425  2.553E+05  5.238E+08  1.155E+17  5.321E+37  6.863E-01  2.557E-01  1.721E-02  1.271E-02
 conv  200 1.86004425  2.523E+05  5.202E+08  1.150E+17  5.142E+37  6.863E-01  2.557E-01  1.721E-02  1.271E-02
 conv  201 1.86004425  2.493E+05  5.166E+08  1.146E+17  4.965E+37  6.863E-01  2.557E-01  1.721E-02  1.270E-02
 conv  202 1.86004425  2.463E+05  5.129E+08  1.142E+17  4.790E+37  6.863E-01  2.557E-01  1.721E-02  1.269E-02
 conv  203 1.86004425  2.432E+05  5.091E+08  1.138E+17  4.618E+37  6.863E-01  2.557E-01  1.721E-02  1.268E-02
 conv  204 1.86004425  2.401E+05  5.053E+08  1.135E+17  4.448E+37  6.863E-01  2.557E-01  1.722E-02  1.268E-02
 conv  205 1.86004425  2.370E+05  5.015E+08  1.131E+17  4.280E+37  6.863E-01  2.557E-01  1.722E-02  1.267E-02
 conv  206 1.86004425  2.339E+05  4.976E+08  1.128E+17  4.114E+37  6.863E-01  2.557E-01  1.722E-02  1.266E-02
 conv  207 1.86004425  2.307E+05  4.936E+08  1.125E+17  3.951E+37  6.863E-01  2.557E-01  1.722E-02  1.265E-02
 conv  208 1.86004425  2.275E+05  4.896E+08  1.122E+17  3.791E+37  6.863E-01  2.557E-01  1.723E-02  1.265E-02
 conv  209 1.86004425  2.243E+05  4.855E+08  1.119E+17  3.633E+37  6.863E-01  2.557E-01  1.723E-02  1.264E-02
 conv  210 1.86004425  2.211E+05  4.814E+08  1.116E+17  3.478E+37  6.863E-01  2.557E-01  1.723E-02  1.263E-02
 conv  211 1.86004425  2.178E+05  4.772E+08  1.114E+17  3.325E+37  6.863E-01  2.557E-01  1.723E-02  1.263E-02
 conv  212 1.86004425  2.145E+05  4.730E+08  1.112E+17  3.176E+37  6.863E-01  2.557E-01  1.723E-02  1.262E-02
 conv  213 1.86004425  2.112E+05  4.686E+08  1.110E+17  3.029E+37  6.863E-01  2.557E-01  1.724E-02  1.261E-02
 conv  214 1.86004425  2.079E+05  4.642E+08  1.108E+17  2.886E+37  6.863E-01  2.557E-01  1.724E-02  1.261E-02
 conv  215 1.86004425  2.045E+05  4.597E+08  1.106E+17  2.746E+37  6.863E-01  2.557E-01  1.724E-02  1.260E-02
 conv  216 1.86004425  2.011E+05  4.552E+08  1.105E+17  2.609E+37  6.863E-01  2.557E-01  1.724E-02  1.259E-02
 conv  217 1.86004425  1.976E+05  4.505E+08  1.103E+17  2.476E+37  6.863E-01  2.557E-01  1.725E-02  1.259E-02
 conv  218 1.86004425  1.942E+05  4.458E+08  1.102E+17  2.346E+37  6.863E-01  2.557E-01  1.725E-02  1.258E-02
 conv  219 1.86004425  1.906E+05  4.410E+08  1.101E+17  2.219E+37  6.863E-01  2.557E-01  1.725E-02  1.257E-02
 conv  220 1.86004425  1.871E+05  4.361E+08  1.100E+17  2.096E+37  6.863E-01  2.557E-01  1.725E-02  1.257E-02
 conv  221 1.86004425  1.835E+05  4.311E+08  1.100E+17  1.977E+37  6.863E-01  2.558E-01  1.726E-02  1.256E-02
 conv  222 1.86004425  1.799E+05  4.260E+08  1.099E+17  1.862E+37  6.863E-01  2.558E-01  1.726E-02  1.255E-02
 conv  223 1.86004425  1.762E+05  4.208E+08  1.099E+17  1.751E+37  6.863E-01  2.558E-01  1.726E-02  1.255E-02
 conv  224 1.86004425  1.725E+05  4.154E+08  1.098E+17  1.644E+37  6.863E-01  2.558E-01  1.727E-02  1.254E-02
 conv  225 1.86004425  1.687E+05  4.100E+08  1.098E+17  1.541E+37  6.863E-01  2.558E-01  1.727E-02  1.253E-02
 conv  226 1.86004425  1.649E+05  4.044E+08  1.097E+17  1.442E+37  6.863E-01  2.558E-01  1.727E-02  1.252E-02
 conv  227 1.86004425  1.610E+05  3.987E+08  1.096E+17  1.348E+37  6.863E-01  2.558E-01  1.728E-02  1.252E-02
 conv  228 1.86004425  1.571E+05  3.928E+08  1.095E+17  1.258E+37  6.863E-01  2.558E-01  1.728E-02  1.251E-02
 conv  229 1.86004425  1.531E+05  3.868E+08  1.092E+17  1.172E+37  6.863E-01  2.558E-01  1.728E-02  1.250E-02
 conv  230 1.86004425  1.491E+05  3.806E+08  1.089E+17  1.091E+37  6.863E-01  2.558E-01  1.729E-02  1.249E-02
 conv  231 1.86004425  1.450E+05  3.742E+08  1.085E+17  1.013E+37  6.863E-01  2.558E-01  1.729E-02  1.248E-02
 conv  232 1.86004425  1.408E+05  3.677E+08  1.078E+17  9.398E+36  6.863E-01  2.558E-01  1.729E-02  1.247E-02
 conv  233 1.86004425  1.365E+05  3.609E+08  1.069E+17  8.696E+36  6.863E-01  2.558E-01  1.730E-02  1.246E-02
 conv  234 1.86004425  1.322E+05  3.539E+08  1.056E+17  8.023E+36  6.863E-01  2.558E-01  1.730E-02  1.245E-02
 conv  235 1.86004425  1.278E+05  3.467E+08  1.038E+17  7.372E+36  6.864E-01  2.558E-01  1.731E-02  1.243E-02
 conv  236 1.86004425  1.233E+05  3.392E+08  1.016E+17  6.737E+36  6.864E-01  2.558E-01  1.731E-02  1.242E-02
 conv  237 1.86004425  1.187E+05  3.314E+08  9.902E+16  6.111E+36  6.864E-01  2.558E-01  1.731E-02  1.241E-02
 conv  238 1.86004425  1.140E+05  3.233E+08  9.615E+16  5.491E+36  6.864E-01  2.558E-01  1.732E-02  1.239E-02
 conv  239 1.86004425  1.091E+05  3.148E+08  9.326E+16  4.881E+36  6.864E-01  2.559E-01  1.732E-02  1.237E-02
 conv  240 1.86004425  1.042E+05  3.059E+08  9.052E+16  4.286E+36  6.864E-01  2.559E-01  1.732E-02  1.235E-02
 conv  241 1.86004425  9.906E+04  2.966E+08  8.797E+16  3.714E+36  6.864E-01  2.559E-01  1.733E-02  1.233E-02
 conv  242 1.86004425  9.379E+04  2.867E+08  8.579E+16  3.177E+36  6.865E-01  2.559E-01  1.733E-02  1.230E-02
 conv  243 1.86004425  8.833E+04  2.763E+08  8.419E+16  2.691E+36  6.865E-01  2.559E-01  1.733E-02  1.227E-02
 conv  244 1.86004425  8.267E+04  2.651E+08  8.299E+16  2.270E+36  6.865E-01  2.560E-01  1.733E-02  1.223E-02
 conv  245 1.86004425  7.675E+04  2.532E+08  8.201E+16  1.926E+36  6.866E-01  2.560E-01  1.733E-02  1.216E-02
 conv  246 1.86004425  7.054E+04  2.402E+08  8.101E+16  1.663E+36  6.867E-01  2.561E-01  1.732E-02  1.206E-02
 conv  247 1.86004425  6.398E+04  2.259E+08  7.963E+16  1.469E+36  6.869E-01  2.563E-01  1.729E-02  1.190E-02
 conv  248 1.86004425  5.697E+04  2.098E+08  7.465E+16  1.235E+36  6.878E-01  2.572E-01  1.711E-02  1.114E-02
 semi  249 1.86004425  4.939E+04  1.917E+08  7.128E+16  1.030E+36  6.880E-01  2.573E-01  1.707E-02  1.098E-02
 neut  250 1.86004425  4.099E+04  1.697E+08  5.539E+16  7.431E+35  6.915E-01  2.605E-01  1.628E-02  8.219E-03
   -   251 1.86004425  3.129E+04  1.431E+08  5.118E+16  4.184E+35  6.922E-01  2.610E-01  1.593E-02  7.967E-03
   -   252 1.86004425  1.786E+04  1.121E+08  3.412E+12  2.329E+35  7.169E-01  2.800E-01  7.765E-07  1.814E-07
