1  1.00008618042101E+06
2  1.00018246111284E+06
3  1.00028908937672E+06
4  1.00040618790956E+06
5  1.00053374746912E+06
6  1.00067162257214E+06
7  1.00081953024873E+06
8  1.00097705178469E+06
9  1.00114363730615E+06
10  1.00131861299650E+06
11  1.00150119068129E+06
12  1.00169047947013E+06
13  1.00188549910605E+06
14  1.00208519464427E+06
15  1.00228845206455E+06
16  1.00249411441555E+06
17  1.00270099809459E+06
18  1.00290790888081E+06
19  1.00311365736131E+06
20  1.00331707341713E+06
21  1.00351701946483E+06
22  1.00371240216725E+06
23  1.00390218233655E+06
24  1.00408538276858E+06
25  1.00426109373148E+06
26  1.00442847582394E+06
27  1.00458675992985E+06
28  1.00473524408745E+06
29  1.00487328739615E+06
30  1.00500030186795E+06
31  1.00511574486111E+06
32  1.00521911803882E+06
33  1.00530998403166E+06
34  1.00538801772050E+06
35  1.00545311093243E+06
36  1.00550552006606E+06
37  1.00554602889722E+06
38  1.00557602933638E+06
39  1.00559748742648E+06
40  1.00561264088484E+06
41  1.00562301040122E+06
42  1.00563014083935E+06
43  1.00563513184202E+06
44  1.00563871616881E+06
45  1.00564136965036E+06
46  1.00564340037686E+06
47  1.00564500981475E+06
48  1.00564633219813E+06
49  1.00564745940647E+06
50  1.00564845668302E+06
51  1.00565086089968E+06
52  1.00565328458428E+06
53  1.00565572671543E+06
54  1.00565830101129E+06
55  1.00566095102885E+06
56  1.00566361861433E+06
57  1.00566630269323E+06
58  1.00566900245059E+06
59  1.00567171714350E+06
60  1.00567444572411E+06
61  1.00567718590618E+06
62  1.00567993533455E+06
63  1.00568269408595E+06
64  1.00568546223938E+06
65  1.00568823987533E+06
66  1.00569102707560E+06
67  1.00569382392327E+06
68  1.00569663050265E+06
69  1.00569944689933E+06
70  1.00570227320018E+06
71  1.00570510949332E+06
72  1.00570795586822E+06
73  1.00571081241564E+06
74  1.00571367922771E+06
75  1.00571655639794E+06
76  1.00571944402120E+06
77  1.00572234219385E+06
78  1.00572525101364E+06
79  1.00572817057985E+06
80  1.00573110099326E+06
81  1.00573404235618E+06
82  1.00573699477251E+06
83  1.00573995834775E+06
84  1.00574293318905E+06
85  1.00574591940524E+06
86  1.00574891710686E+06
87  1.00575192640618E+06
88  1.00575494741729E+06
89  1.00575798025609E+06
90  1.00576102504035E+06
91  1.00576408188974E+06
92  1.00576715092590E+06
93  1.00577023227243E+06
94  1.00577332605502E+06
95  1.00577643240140E+06
96  1.00577955144146E+06
97  1.00578268330726E+06
98  1.00578582813311E+06
99  1.00578898605560E+06
100  1.00579215721364E+06
101  1.00579534174857E+06
102  1.00579853980416E+06
103  1.00580175152669E+06
104  1.00580497706504E+06
105  1.00580821657070E+06
106  1.00581147019786E+06
107  1.00581473810348E+06
108  1.00581802044738E+06
109  1.00582131739226E+06
110  1.00582462910380E+06
111  1.00582795575075E+06
112  1.00583129750498E+06
113  1.00583465454160E+06
114  1.00583802703900E+06
115  1.00584141517895E+06
116  1.00584481914671E+06
117  1.00584823913109E+06
118  1.00585167532458E+06
119  1.00585512792342E+06
120  1.00585859712772E+06
121  1.00586208314155E+06
122  1.00586558617306E+06
123  1.00586910643461E+06
124  1.00587264414284E+06
125  1.00587619951883E+06
126  1.00587977278824E+06
127  1.00588336418138E+06
128  1.00588697393341E+06
129  1.00589060228443E+06
130  1.00589424947967E+06
131  1.00589791576962E+06
132  1.00590160141016E+06
133  1.00590530666279E+06
134  1.00590903179473E+06
135  1.00591277707913E+06
136  1.00591654279526E+06
137  1.00592032922868E+06
138  1.00592413667145E+06
139  1.00592796542233E+06
140  1.00593181578700E+06
141  1.00593568807828E+06
142  1.00593958261636E+06
143  1.00594349972905E+06
144  1.00594743975200E+06
145  1.00595140302904E+06
146  1.00595538991236E+06
147  1.00595940076287E+06
148  1.00596343595044E+06
149  1.00596749585427E+06
150  1.00597158086317E+06
151  1.00597569137594E+06
152  1.00597982780168E+06
153  1.00598399056020E+06
154  1.00598818008241E+06
155  1.00599239681069E+06
156  1.00599664119938E+06
157  1.00600091371518E+06
158  1.00600521483762E+06
159  1.00600954505958E+06
160  1.00601390488781E+06
161  1.00601829484345E+06
162  1.00602271546259E+06
163  1.00602716729694E+06
164  1.00603165091437E+06
165  1.00603616689965E+06
166  1.00604071585510E+06
167  1.00604529840136E+06
168  1.00604991517815E+06
169  1.00605456684509E+06
170  1.00605925408260E+06
171  1.00606397759276E+06
172  1.00606873810031E+06
173  1.00607353635366E+06
174  1.00607837312600E+06
175  1.00608324921640E+06
176  1.00608816545106E+06
177  1.00609312268461E+06
178  1.00609812180141E+06
179  1.00610316371708E+06
180  1.00610824938000E+06
181  1.00611337977298E+06
182  1.00611855591499E+06
183  1.00612377886302E+06
184  1.00612904971408E+06
185  1.00613436960736E+06
186  1.00613973972643E+06
187  1.00614516130171E+06
188  1.00615063561309E+06
189  1.00615616399268E+06
190  1.00616174782782E+06
191  1.00616738856431E+06
192  1.00617308770983E+06
193  1.00617884683771E+06
194  1.00618466759090E+06
195  1.00619055168637E+06
196  1.00619650091969E+06
197  1.00620251717021E+06
198  1.00620860240648E+06
199  1.00621475869225E+06
200  1.00622098819294E+06
201  1.00622729318268E+06
202  1.00623367605202E+06
203  1.00624013931636E+06
204  1.00624668562509E+06
205  1.00625331777167E+06
206  1.00626003870475E+06
207  1.00626685154027E+06
208  1.00627375957491E+06
209  1.00628076630092E+06
210  1.00628787542250E+06
211  1.00629509087401E+06
212  1.00630241684027E+06
213  1.00630985777908E+06
214  1.00631741844651E+06
215  1.00632510392520E+06
216  1.00633291965624E+06
217  1.00634087147500E+06
218  1.00634896565185E+06
219  1.00635720893825E+06
220  1.00636560861937E+06
221  1.00637417257419E+06
222  1.00638290934464E+06
223  1.00639182821525E+06
224  1.00640093930547E+06
225  1.00641025367728E+06
226  1.00641978346095E+06
227  1.00642954200324E+06
228  1.00643954404285E+06
229  1.00644980591947E+06
230  1.00646034582476E+06
231  1.00647118410579E+06
232  1.00648234363510E+06
233  1.00649385026588E+06
234  1.00650573339754E+06
235  1.00651802668610E+06
236  1.00653076894703E+06
237  1.00654400531818E+06
238  1.00655778877991E+06
239  1.00657218217557E+06
240  1.00658726094799E+06
241  1.00660311692682E+06
242  1.00661986370317E+06
243  1.00663764448239E+06
244  1.00665664396082E+06
245  1.00667710705688E+06
246  1.00669937001844E+06
247  1.00672391559321E+06
248  1.00675147798113E+06
249  1.00678327095752E+06
250  1.00682157793863E+06
251  1.00687174516882E+06
252  1.00695963539707E+06
