# npts =   132
# num of variables =  6
# pressure
# density
# temperature
# hydrogen-1
# helium-4
# cno
       0.1966836704967920    1.049657863990897E+17        31.38016099441415        24639552.99587870       0.7086999022482894       0.2750000000000000      0.01400000043213367
        375557574.0649102    1.049463775220395E+17        31.37664306552637        24637781.83294686       0.7086999022482894       0.2750000000000000      0.01400000043213367
        375682718.2221562    1.049463645849443E+17        31.37664072045729        24637780.65236826       0.7086999022482894       0.2750000000000000      0.01400000043213367
        375932756.7480944    1.049463387236688E+17        31.37663603266001        24637778.29238939       0.7086999022482894       0.2750000000000000      0.01400000043213367
        376431838.5114449    1.049462870526231E+17        31.37662666640021        24637773.57713079       0.7086999022482894       0.2750000000000000      0.01400000043213367
        377426051.5037760    1.049461839152841E+17        31.37660797099011        24637764.16529391       0.7086999022482894       0.2750000000000000      0.01400000043213367
        379398915.5268620    1.049459784496422E+17        31.37657072680035        24637745.41543158       0.7086999022482894       0.2750000000000000      0.01400000043213367
        383284243.9293708    1.049455706773612E+17        31.37649681096065        24637708.20391518       0.7086999022482894       0.2750000000000000      0.01400000043213367
        390827012.9993643    1.049447671912302E+17        31.37635116475587        24637634.88101723       0.7086999022482894       0.2750000000000000      0.01400000043213367
        405096079.3235536    1.049432043764079E+17        31.37606787542958        24637492.26384420       0.7086999022482894       0.2750000000000000      0.01400000043213367
        430955307.9378617    1.049402294069114E+17        31.37552860220785        24637220.77455721       0.7086999022482894       0.2750000000000000      0.01400000043213367
        499516536.4890118    1.049314514369639E+17        31.37393738349518        24636419.68790640       0.7086999022482894       0.2750000000000000      0.01400000043213367
        566118913.8742644    1.049216862867453E+17        31.37216715378122        24635528.46086308       0.7086999022482894       0.2750000000000000      0.01400000043213367
        645201813.2065185    1.049085074158580E+17        31.36977798213626        24634325.59456284       0.7086999022482894       0.2750000000000000      0.01400000043213367
        734417642.0532202    1.048915765601805E+17        31.36670844937687        24632780.13702365       0.7086999022482894       0.2750000000000000      0.01400000043213367
        837336220.5489492    1.048693292084159E+17        31.36267475302564        24630749.14945297       0.7086999022482894       0.2750000000000000      0.01400000043213367
        954430533.5466528    1.048404812278127E+17        31.35744379290614        24628115.18085334       0.7086999022482894       0.2750000000000000      0.01400000043213367
        1088132484.018725    1.048029425942685E+17        31.35063613253105        24624687.03167411       0.7086999022482894       0.2750000000000000      0.01400000043213367
        1240687818.939328    1.047541273566451E+17        31.34178203389794        24620227.91673763       0.7086999022482894       0.2750000000000000      0.01400000043213367
        1414818629.855380    1.046906250664758E+17        31.33026160068162        24614425.23972363       0.7086999022482894       0.2750000000000000      0.01400000043213367
        1613598522.253970    1.046080097232056E+17        31.31526965809693        24606872.76207808       0.7086999022482894       0.2750000000000000      0.01400000043213367
        1833775467.771791    1.045039321529775E+17        31.29637648312681        24597352.94764163       0.7086999022482894       0.2750000000000000      0.01400000043213367
        2074785313.655175    1.043749056563737E+17        31.27294418186165        24585542.85093136       0.7086999022482894       0.2750000000000000      0.01400000043213367
        2338345451.321587    1.042158048399583E+17        31.24403462671058        24570967.39329373       0.7086999022482894       0.2750000000000000      0.01400000043213367
        2625788902.839414    1.040209431387164E+17        31.20860373079936        24553096.84147016       0.7086999022482894       0.2750000000000000      0.01400000043213367
        2938685546.960003    1.037836525040212E+17        31.16542330919513        24531306.86371629       0.7086999022482894       0.2750000000000000      0.01400000043213367
        3278760758.027701    1.034961923398558E+17        31.11306197345204        24504868.10064557       0.7086999022482894       0.2750000000000000      0.01400000043213367
        3651646216.373339    1.031459028770162E+17        31.04917971339153        24472588.50233900       0.7086999022482894       0.2750000000000000      0.01400000043213367
        4055905949.325824    1.027250836802496E+17        30.97232334739729        24433718.66497869       0.7086999022482894       0.2750000000000000      0.01400000043213367
        4495082733.926582    1.022201008914616E+17        30.87993402632239        24386943.13683248       0.7086999022482894       0.2750000000000000      0.01400000043213367
        4972516378.053195    1.016154728774538E+17        30.76908036253392        24330747.09445924       0.7086999022482894       0.2750000000000000      0.01400000043213367
        5492699902.821086    1.008918896305555E+17        30.63607959402236        24263219.32554606       0.7086999022482894       0.2750000000000000      0.01400000043213367
        6061646284.269345    1.000247645682197E+17        30.47620511352178        24181895.40261486       0.7086999022482894       0.2750000000000000      0.01400000043213367
        6688003578.888544    9.898109027452429E+16        30.28306325319618        24083426.83007345       0.7086999022482894       0.2750000000000000      0.01400000043213367
        7385429022.567758    9.771277486512432E+16        30.04728006015256        23962885.99948803       0.7086999022482894       0.2750000000000000      0.01400000043213367
        8179180008.883754    9.613867899708285E+16        29.75298933698124        23811915.66767905       0.7086999022482894       0.2750000000000000      0.01400000043213367
        9134398155.851557    9.406985890027773E+16        29.36333860244038        23611128.68185956       0.7086999022482894       0.2750000000000000      0.01400000043213367
        10314655432.52674    9.126952457558746E+16        28.83055632006520        23334902.07646744       0.7086999022482894       0.2750000000000000      0.01400000043213367
        11360680279.75089    8.858267804508696E+16        28.31335021647880        23064850.65246277       0.7086999022482894       0.2750000000000000      0.01400000043213367
        12359505639.58831    8.585658612043888E+16        27.78230597424339        22785579.31640753       0.7086999022482894       0.2750000000000000      0.01400000043213367
        13371586241.24357    8.295339852383691E+16        27.20948653271001        22482016.68007006       0.7086999022482894       0.2750000000000000      0.01400000043213367
        14410580962.13387    7.984582388076096E+16        26.58760980968953        22149653.92942499       0.7086999022482894       0.2750000000000000      0.01400000043213367
        15487232597.65975    7.651233800438866E+16        25.90993448020794        21784047.39237336       0.7086999022482894       0.2750000000000000      0.01400000043213367
        16611664081.74293    7.293342552803171E+16        25.16940806834929        21380313.90979676       0.7086999022482894       0.2750000000000000      0.01400000043213367
        17795097793.30112    6.908838849525742E+16        24.35782092890685        20932585.73509684       0.7086999022482894       0.2750000000000000      0.01400000043213367
        19051137141.20224    6.495340789835714E+16        23.46507537976193        20433466.78406784       0.7086999022482894       0.2750000000000000      0.01400000043213367
        20397247459.11306    6.049972917829182E+16        22.47827860416257        19873299.62692820       0.7086999022482894       0.2750000000000000      0.01400000043213367
        21856841973.27137    5.569167708260478E+16        21.38046927060547        19239072.10575296       0.7086999022482894       0.2750000000000000      0.01400000043213367
        23479517439.46846    5.043005978381568E+16        20.13560145617488        18504864.82402634       0.7086999022482894       0.2750000000000000      0.01400000043213367
        25298533068.24724    4.470825512357531E+16        18.72149121827664        17651410.46099001       0.7086999022482894       0.2750000000000000      0.01400000043213367
        27291669699.43154    3.874236479956358E+16        17.12158547832526        16731952.76763259       0.7086999022482894       0.2750000000000000      0.01400000043213367
        29908734806.87444    3.154715596883615E+16        14.97630186055782        15583200.93587090       0.7086999022482894       0.2750000000000000      0.01400000043213367
        33257582358.02966    2.360817517678298E+16        12.29307972196259        14213952.61717866       0.7086999022482894       0.2750000000000000      0.01400000043213367
        36763140650.11962    1.693191595197317E+16        9.712908614985984        12907760.46244306       0.7086999022482894       0.2750000000000000      0.01400000043213367
        37785291007.82331    1.529276434192384E+16        9.022300142651009        12551856.26757031       0.7086999022482894       0.2750000000000000      0.01400000043213367
        44157539726.10233        7790438415719655.        5.461518469240413        10568033.93985711       0.7086999022482894       0.2750000000000000      0.01400000043213367
        49724926460.09429        4154950423155196.        3.366295013507628        9145834.250589885       0.7086999022482894       0.2750000000000000      0.01400000043213367
        55292400894.18806        2173860718999191.        2.026654115559151        7947410.541214312       0.7086999022482894       0.2750000000000000      0.01400000043213367
        60659375058.57858        1155184297969735.        1.227865866028298        6968604.831397508       0.7086999022482894       0.2750000000000000      0.01400000043213367
        66109870748.28464        606950685638637.1       0.7340052574567073        6121755.689572041       0.7086999022482894       0.2750000000000000      0.01400000043213367
        71338052269.68869        327923179598791.3       0.4477356933648484        5418504.039786169       0.7086999022482894       0.2750000000000000      0.01400000043213367
        76473299095.55852        179423467763119.1       0.2757346262342352        4810213.666547883       0.7086999022482894       0.2750000000000000      0.01400000043213367
        81547071327.21727        98898508885781.42       0.1709496265312243        4272678.475116991       0.7086999022482894       0.2750000000000000      0.01400000043213367
        86230117466.56035        56918760799050.80       0.1099707810744467        3819173.644896887       0.7086999022482894       0.2750000000000000      0.01400000043213367
        90904561983.55667        32571862001765.57      0.07070466723600824        3396376.883312827       0.7086999022482894       0.2750000000000000      0.01400000043213367
        95269032078.41045        19115183189895.30      0.04669962107107602        3015971.758792142       0.7086999022482894       0.2750000000000000      0.01400000043213367
        99342074828.19974        11428625701071.13      0.03146163396606232        2675531.413901769       0.7086999022482894       0.2750000000000000      0.01400000043213367
        103051253242.2053        7010168600783.177      0.02171531628177028        2377303.483395445       0.7086999022482894       0.2750000000000000      0.01400000043213367
        106475278730.1576        4364176533542.194      0.01517005816600057        2118255.833719209       0.7086999022482894       0.2750000000000000      0.01400000043213367
        109643408339.3913        2749432091418.969      0.01067900739492405        1895351.701360165       0.7086999022482894       0.2750000000000000      0.01400000043213367
        112567512392.8815        1753033760716.731     0.007573570816789612        1703522.702207266       0.7086999022482894       0.2750000000000000      0.01400000043213367
        115299456485.5394        1124331629717.721     0.005382465533373293        1536740.727367830       0.7086999022482894       0.2750000000000000      0.01400000043213367
        117810036090.3591        730431503040.7117     0.003857469821974009        1392388.653976728       0.7086999022482894       0.2750000000000000      0.01400000043213367
        120153989513.5796        477101996037.2286     0.002773183375163537        1264397.172217193       0.7086999022482894       0.2750000000000000      0.01400000043213367
        122311877983.6407        315037603802.1710     0.002008807005300869        1151911.379612123       0.7086999022482894       0.2750000000000000      0.01400000043213367
        124402691463.9145        205636638595.8438     0.001441471665809083        1047137.534804741       0.7086999022482894       0.2750000000000000      0.01400000043213367
        126012110560.2040        145307899158.4983     0.001099277486994143        969678.3973247836       0.7086999022482894       0.2750000000000000      0.01400000043213367
        127733590745.3130        98236857422.27896    0.0008077554787637520        891375.4243113670       0.7086999022482894       0.2750000000000000      0.01400000043213367
        129395517616.8422        65941870640.73707    0.0005883064784234333        820585.1820183573       0.7086999022482894       0.2750000000000000      0.01400000043213367
        130953020538.6259        44433156804.88723    0.0004289019061228071        757398.6257276254       0.7086999022482894       0.2750000000000000      0.01400000043213367
        132413664522.8919        30050238701.77893    0.0003133284008024095        700109.9586047601       0.7086999022482894       0.2750000000000000      0.01400000043213367
        133784390540.0731        20389865957.52552    0.0002293487904981085        647906.1816808643       0.7086999022482894       0.2750000000000000      0.01400000043213367
        135070777141.8943        13878745362.49977    0.0001682051298180817        600220.1431676511       0.7086999022482894       0.2750000000000000      0.01400000043213367
        136279707581.1407        9468956611.791977    0.0001236279101968983        556091.5696854389       0.7086999022482894       0.2750000000000000      0.01400000043213367
        137402355636.8488        6502273799.641630    9.138583199271334E-05        515566.2524266363       0.7086999022482894       0.2750000000000000      0.01400000043213367
        138454369849.9560        4476875562.026628    6.774052366896998E-05        477902.5558013162       0.7086999022482894       0.2750000000000000      0.01400000043213367
        139439034679.3181        3090395763.170726    5.035086024140496E-05        442910.2201808257       0.7086999022482894       0.2750000000000000      0.01400000043213367
        140359238049.7678        2138984958.630763    3.754142932457767E-05        410301.3744473266       0.7086999022482894       0.2750000000000000      0.01400000043213367
        141218009663.6618        1484277188.653271    2.808030830762404E-05        379870.2662306124       0.7086999022482894       0.2750000000000000      0.01400000043213367
        142019037598.4935        1032400624.362429    2.104226422676403E-05        351845.0161038607       0.7086999022482894       0.2750000000000000      0.01400000043213367
        142766737068.4960        719576297.0456331    1.578684589847691E-05        326121.8619412705       0.7086999022482894       0.2750000000000000      0.01400000043213367
        143465387908.4034        502382841.7021277    1.185885100126545E-05        302371.5025853307       0.7086999022482894       0.2750000000000000      0.01400000043213367
        144116427933.1183        351525626.0377263    8.941866883090534E-06        279973.2513353898       0.7086999022482894       0.2750000000000000      0.01400000043213367
        144721913616.6389        246429834.0033614    6.771966128795662E-06        258685.2498599383       0.7086999022482894       0.2750000000000000      0.01400000043213367
        145283177026.0842        173070119.7260032    5.155128759903852E-06        238356.0170995113       0.7086999022482894       0.2750000000000000      0.01400000043213367
        145802521388.4204        121627827.8129442    3.949686359747810E-06        218566.7665285523       0.7086999022482894       0.2750000000000000      0.01400000043213367
        146269452351.3214        86208880.87512611    3.065993497540125E-06        199730.0237479513       0.7086999022482894       0.2750000000000000      0.01400000043213367
        146709154906.1078        60493834.96928877    2.374020622735926E-06        181292.8601527434       0.7086999022482894       0.2750000000000000      0.01400000043213367
        147050456739.1567        44825143.05783980    1.914512097089881E-06        166831.1337594671       0.7086999022482894       0.2750000000000000      0.01400000043213367
        147400033500.2837        32084802.10910033    1.507329081039803E-06        151940.1166406525       0.7086999022482894       0.2750000000000000      0.01400000043213367
        147723842304.6233        22861272.35145992    1.179030964552701E-06        138580.6050309445       0.7086999022482894       0.2750000000000000      0.01400000043213367
        147997050724.0289        16753692.71441627    9.373389466576895E-07        127812.6695399386       0.7086999022482894       0.2750000000000000      0.01400000043213367
        148262456983.1146        12087222.08573785    7.344699920668250E-07        117698.7803009591       0.7086999022482894       0.2750000000000000      0.01400000043213367
        148513764096.6900        8647296.552191934    5.718044489084831E-07        108169.1665963020       0.7086999022482894       0.2750000000000000      0.01400000043213367
        148744806730.0634        6194515.738102902    4.444443548413753E-07        99666.62278307207       0.7086999022482894       0.2750000000000000      0.01400000043213367
        148957919398.5168        4443349.771584789    3.446832971620853E-07        92116.15760904213       0.7086999022482894       0.2750000000000000      0.01400000043213367
        149154953771.2414        3192125.326739028    2.668937653499286E-07        85367.42422093400       0.7086999022482894       0.2750000000000000      0.01400000043213367
        149338149324.3871        2294553.107588242    2.061964604642970E-07        79301.78860324238       0.7086999022482894       0.2750000000000000      0.01400000043213367
        149506993558.1567        1656617.194449230    1.595015997898947E-07        73871.26791677737       0.7086999022482894       0.2750000000000000      0.01400000043213367
        149664463506.4180        1197431.331517606    1.233356959158179E-07        68898.77303236157       0.7086999022482894       0.2750000000000000      0.01400000043213367
        149811284196.5080        866798.0253497021    9.549515350005528E-08        64267.80243866046       0.7086999022482894       0.2750000000000000      0.01400000043213367
        149948576876.6465        627568.0420457437    7.406673146283856E-08        59866.86349083234       0.7086999022482894       0.2750000000000000      0.01400000043213367
        150074290936.4726        457138.5910292689    5.793432794772468E-08        55671.37126745579       0.7086999022482894       0.2750000000000000      0.01400000043213367
        150198695955.4593        325735.5668315642    4.490257516746595E-08        51175.61931475432       0.7086999022482894       0.2750000000000000      0.01400000043213367
        150277360177.5663        258349.9291183074    3.802881446571598E-08        47992.02209018663       0.7086999022482894       0.2750000000000000      0.01400000043213367
        150375266656.4263        188377.9507957757    3.071510842311099E-08        43501.79063794592       0.7086999022482894       0.2750000000000000      0.01400000043213367
        150463137054.5923        136866.8767411839    2.487181044751560E-08        39211.62776125294       0.7086999022482894       0.2750000000000000      0.01400000043213367
        150534732338.6455        102391.2390235939    2.043723474598312E-08        35813.27402002220       0.7086999022482894       0.2750000000000000      0.01400000043213367
        150594621958.3508        78536.25969913308    1.697896322750302E-08        33127.99871609160       0.7086999022482894       0.2750000000000000      0.01400000043213367
        150659187152.4961        57558.32406860422    1.357262660409238E-08        30410.50132930770       0.7086999022482894       0.2750000000000000      0.01400000043213367
        150719149823.2281        42039.05726099717    1.078994300430036E-08        27962.30828066944       0.7086999022482894       0.2750000000000000      0.01400000043213367
        150767829987.9149        31908.46693263766    8.797741277999365E-09        26039.15715681742       0.7086999022482894       0.2750000000000000      0.01400000043213367
        150817926620.9673        23515.85648883720    6.989143435431410E-09        24152.29050132183       0.7086999022482894       0.2750000000000000      0.01400000043213367
        150864246374.7689        17355.29645599764    5.548892308561068E-09        22442.91257207801       0.7086999022482894       0.2750000000000000      0.01400000043213367
        150907123071.2291        12827.11720439636    4.401517162636791E-09        20897.56112455542       0.7086999022482894       0.2750000000000000      0.01400000043213367
        150946893710.2261        9493.924311182403    3.482886550332693E-09        19524.35682622266       0.7086999022482894       0.2750000000000000      0.01400000043213367
        150983833482.6547        7036.945396442277    2.752167817892328E-09        18285.87013311433       0.7086999022482894       0.2750000000000000      0.01400000043213367
        151018080530.5849        5225.097277642629    2.173399378161786E-09        17161.24440835266       0.7086999022482894       0.2750000000000000      0.01400000043213367
        151049980987.9047        3880.913341817126    1.712685443565833E-09        16137.89551751851       0.7086999022482894       0.2750000000000000      0.01400000043213367
        151079059408.1564        2905.028151643427    1.354080756317362E-09        15235.82822165028       0.7086999022482894       0.2750000000000000      0.01400000043213367
        151109190251.9285        2110.651539170287    1.040816822266155E-09        14343.88678096441       0.7086999022482894       0.2750000000000000      0.01400000043213367
        151124258294.6322        1785.821542363400    9.048126603351943E-10        13923.84422615980       0.7086999022482894       0.2750000000000000      0.01400000043213367
