1
   ((   0,   0,   0) ( 255, 255, 767) (   0,   0,   0))      192
         ((   0,   0,   0) (  63,  63,  63) (   0,   0,   0))
         ((   0,   0,  64) (  63,  63, 127) (   0,   0,   0))
         ((   0,   0, 128) (  63,  63, 191) (   0,   0,   0))
         ((   0,   0, 192) (  63,  63, 255) (   0,   0,   0))
         ((   0,   0, 256) (  63,  63, 319) (   0,   0,   0))
         ((   0,   0, 320) (  63,  63, 383) (   0,   0,   0))
         ((   0,   0, 384) (  63,  63, 447) (   0,   0,   0))
         ((   0,   0, 448) (  63,  63, 511) (   0,   0,   0))
         ((   0,   0, 512) (  63,  63, 575) (   0,   0,   0))
         ((   0,   0, 576) (  63,  63, 639) (   0,   0,   0))
         ((   0,   0, 640) (  63,  63, 703) (   0,   0,   0))
         ((   0,   0, 704) (  63,  63, 767) (   0,   0,   0))
         ((   0,  64,   0) (  63, 127,  63) (   0,   0,   0))
         ((   0,  64,  64) (  63, 127, 127) (   0,   0,   0))
         ((   0,  64, 128) (  63, 127, 191) (   0,   0,   0))
         ((   0,  64, 192) (  63, 127, 255) (   0,   0,   0))
         ((   0,  64, 256) (  63, 127, 319) (   0,   0,   0))
         ((   0,  64, 320) (  63, 127, 383) (   0,   0,   0))
         ((   0,  64, 384) (  63, 127, 447) (   0,   0,   0))
         ((   0,  64, 448) (  63, 127, 511) (   0,   0,   0))
         ((   0,  64, 512) (  63, 127, 575) (   0,   0,   0))
         ((   0,  64, 576) (  63, 127, 639) (   0,   0,   0))
         ((   0,  64, 640) (  63, 127, 703) (   0,   0,   0))
         ((   0,  64, 704) (  63, 127, 767) (   0,   0,   0))
         ((   0, 128,   0) (  63, 191,  63) (   0,   0,   0))
         ((   0, 128,  64) (  63, 191, 127) (   0,   0,   0))
         ((   0, 128, 128) (  63, 191, 191) (   0,   0,   0))
         ((   0, 128, 192) (  63, 191, 255) (   0,   0,   0))
         ((   0, 128, 256) (  63, 191, 319) (   0,   0,   0))
         ((   0, 128, 320) (  63, 191, 383) (   0,   0,   0))
         ((   0, 128, 384) (  63, 191, 447) (   0,   0,   0))
         ((   0, 128, 448) (  63, 191, 511) (   0,   0,   0))
         ((   0, 128, 512) (  63, 191, 575) (   0,   0,   0))
         ((   0, 128, 576) (  63, 191, 639) (   0,   0,   0))
         ((   0, 128, 640) (  63, 191, 703) (   0,   0,   0))
         ((   0, 128, 704) (  63, 191, 767) (   0,   0,   0))
         ((   0, 192,   0) (  63, 255,  63) (   0,   0,   0))
         ((   0, 192,  64) (  63, 255, 127) (   0,   0,   0))
         ((   0, 192, 128) (  63, 255, 191) (   0,   0,   0))
         ((   0, 192, 192) (  63, 255, 255) (   0,   0,   0))
         ((   0, 192, 256) (  63, 255, 319) (   0,   0,   0))
         ((   0, 192, 320) (  63, 255, 383) (   0,   0,   0))
         ((   0, 192, 384) (  63, 255, 447) (   0,   0,   0))
         ((   0, 192, 448) (  63, 255, 511) (   0,   0,   0))
         ((   0, 192, 512) (  63, 255, 575) (   0,   0,   0))
         ((   0, 192, 576) (  63, 255, 639) (   0,   0,   0))
         ((   0, 192, 640) (  63, 255, 703) (   0,   0,   0))
         ((   0, 192, 704) (  63, 255, 767) (   0,   0,   0))
         ((  64,   0,   0) ( 127,  63,  63) (   0,   0,   0))
         ((  64,   0,  64) ( 127,  63, 127) (   0,   0,   0))
         ((  64,   0, 128) ( 127,  63, 191) (   0,   0,   0))
         ((  64,   0, 192) ( 127,  63, 255) (   0,   0,   0))
         ((  64,   0, 256) ( 127,  63, 319) (   0,   0,   0))
         ((  64,   0, 320) ( 127,  63, 383) (   0,   0,   0))
         ((  64,   0, 384) ( 127,  63, 447) (   0,   0,   0))
         ((  64,   0, 448) ( 127,  63, 511) (   0,   0,   0))
         ((  64,   0, 512) ( 127,  63, 575) (   0,   0,   0))
         ((  64,   0, 576) ( 127,  63, 639) (   0,   0,   0))
         ((  64,   0, 640) ( 127,  63, 703) (   0,   0,   0))
         ((  64,   0, 704) ( 127,  63, 767) (   0,   0,   0))
         ((  64,  64,   0) ( 127, 127,  63) (   0,   0,   0))
         ((  64,  64,  64) ( 127, 127, 127) (   0,   0,   0))
         ((  64,  64, 128) ( 127, 127, 191) (   0,   0,   0))
         ((  64,  64, 192) ( 127, 127, 255) (   0,   0,   0))
         ((  64,  64, 256) ( 127, 127, 319) (   0,   0,   0))
         ((  64,  64, 320) ( 127, 127, 383) (   0,   0,   0))
         ((  64,  64, 384) ( 127, 127, 447) (   0,   0,   0))
         ((  64,  64, 448) ( 127, 127, 511) (   0,   0,   0))
         ((  64,  64, 512) ( 127, 127, 575) (   0,   0,   0))
         ((  64,  64, 576) ( 127, 127, 639) (   0,   0,   0))
         ((  64,  64, 640) ( 127, 127, 703) (   0,   0,   0))
         ((  64,  64, 704) ( 127, 127, 767) (   0,   0,   0))
         ((  64, 128,   0) ( 127, 191,  63) (   0,   0,   0))
         ((  64, 128,  64) ( 127, 191, 127) (   0,   0,   0))
         ((  64, 128, 128) ( 127, 191, 191) (   0,   0,   0))
         ((  64, 128, 192) ( 127, 191, 255) (   0,   0,   0))
         ((  64, 128, 256) ( 127, 191, 319) (   0,   0,   0))
         ((  64, 128, 320) ( 127, 191, 383) (   0,   0,   0))
         ((  64, 128, 384) ( 127, 191, 447) (   0,   0,   0))
         ((  64, 128, 448) ( 127, 191, 511) (   0,   0,   0))
         ((  64, 128, 512) ( 127, 191, 575) (   0,   0,   0))
         ((  64, 128, 576) ( 127, 191, 639) (   0,   0,   0))
         ((  64, 128, 640) ( 127, 191, 703) (   0,   0,   0))
         ((  64, 128, 704) ( 127, 191, 767) (   0,   0,   0))
         ((  64, 192,   0) ( 127, 255,  63) (   0,   0,   0))
         ((  64, 192,  64) ( 127, 255, 127) (   0,   0,   0))
         ((  64, 192, 128) ( 127, 255, 191) (   0,   0,   0))
         ((  64, 192, 192) ( 127, 255, 255) (   0,   0,   0))
         ((  64, 192, 256) ( 127, 255, 319) (   0,   0,   0))
         ((  64, 192, 320) ( 127, 255, 383) (   0,   0,   0))
         ((  64, 192, 384) ( 127, 255, 447) (   0,   0,   0))
         ((  64, 192, 448) ( 127, 255, 511) (   0,   0,   0))
         ((  64, 192, 512) ( 127, 255, 575) (   0,   0,   0))
         ((  64, 192, 576) ( 127, 255, 639) (   0,   0,   0))
         ((  64, 192, 640) ( 127, 255, 703) (   0,   0,   0))
         ((  64, 192, 704) ( 127, 255, 767) (   0,   0,   0))
         (( 128,   0,   0) ( 191,  63,  63) (   0,   0,   0))
         (( 128,   0,  64) ( 191,  63, 127) (   0,   0,   0))
         (( 128,   0, 128) ( 191,  63, 191) (   0,   0,   0))
         (( 128,   0, 192) ( 191,  63, 255) (   0,   0,   0))
         (( 128,   0, 256) ( 191,  63, 319) (   0,   0,   0))
         (( 128,   0, 320) ( 191,  63, 383) (   0,   0,   0))
         (( 128,   0, 384) ( 191,  63, 447) (   0,   0,   0))
         (( 128,   0, 448) ( 191,  63, 511) (   0,   0,   0))
         (( 128,   0, 512) ( 191,  63, 575) (   0,   0,   0))
         (( 128,   0, 576) ( 191,  63, 639) (   0,   0,   0))
         (( 128,   0, 640) ( 191,  63, 703) (   0,   0,   0))
         (( 128,   0, 704) ( 191,  63, 767) (   0,   0,   0))
         (( 128,  64,   0) ( 191, 127,  63) (   0,   0,   0))
         (( 128,  64,  64) ( 191, 127, 127) (   0,   0,   0))
         (( 128,  64, 128) ( 191, 127, 191) (   0,   0,   0))
         (( 128,  64, 192) ( 191, 127, 255) (   0,   0,   0))
         (( 128,  64, 256) ( 191, 127, 319) (   0,   0,   0))
         (( 128,  64, 320) ( 191, 127, 383) (   0,   0,   0))
         (( 128,  64, 384) ( 191, 127, 447) (   0,   0,   0))
         (( 128,  64, 448) ( 191, 127, 511) (   0,   0,   0))
         (( 128,  64, 512) ( 191, 127, 575) (   0,   0,   0))
         (( 128,  64, 576) ( 191, 127, 639) (   0,   0,   0))
         (( 128,  64, 640) ( 191, 127, 703) (   0,   0,   0))
         (( 128,  64, 704) ( 191, 127, 767) (   0,   0,   0))
         (( 128, 128,   0) ( 191, 191,  63) (   0,   0,   0))
         (( 128, 128,  64) ( 191, 191, 127) (   0,   0,   0))
         (( 128, 128, 128) ( 191, 191, 191) (   0,   0,   0))
         (( 128, 128, 192) ( 191, 191, 255) (   0,   0,   0))
         (( 128, 128, 256) ( 191, 191, 319) (   0,   0,   0))
         (( 128, 128, 320) ( 191, 191, 383) (   0,   0,   0))
         (( 128, 128, 384) ( 191, 191, 447) (   0,   0,   0))
         (( 128, 128, 448) ( 191, 191, 511) (   0,   0,   0))
         (( 128, 128, 512) ( 191, 191, 575) (   0,   0,   0))
         (( 128, 128, 576) ( 191, 191, 639) (   0,   0,   0))
         (( 128, 128, 640) ( 191, 191, 703) (   0,   0,   0))
         (( 128, 128, 704) ( 191, 191, 767) (   0,   0,   0))
         (( 128, 192,   0) ( 191, 255,  63) (   0,   0,   0))
         (( 128, 192,  64) ( 191, 255, 127) (   0,   0,   0))
         (( 128, 192, 128) ( 191, 255, 191) (   0,   0,   0))
         (( 128, 192, 192) ( 191, 255, 255) (   0,   0,   0))
         (( 128, 192, 256) ( 191, 255, 319) (   0,   0,   0))
         (( 128, 192, 320) ( 191, 255, 383) (   0,   0,   0))
         (( 128, 192, 384) ( 191, 255, 447) (   0,   0,   0))
         (( 128, 192, 448) ( 191, 255, 511) (   0,   0,   0))
         (( 128, 192, 512) ( 191, 255, 575) (   0,   0,   0))
         (( 128, 192, 576) ( 191, 255, 639) (   0,   0,   0))
         (( 128, 192, 640) ( 191, 255, 703) (   0,   0,   0))
         (( 128, 192, 704) ( 191, 255, 767) (   0,   0,   0))
         (( 192,   0,   0) ( 255,  63,  63) (   0,   0,   0))
         (( 192,   0,  64) ( 255,  63, 127) (   0,   0,   0))
         (( 192,   0, 128) ( 255,  63, 191) (   0,   0,   0))
         (( 192,   0, 192) ( 255,  63, 255) (   0,   0,   0))
         (( 192,   0, 256) ( 255,  63, 319) (   0,   0,   0))
         (( 192,   0, 320) ( 255,  63, 383) (   0,   0,   0))
         (( 192,   0, 384) ( 255,  63, 447) (   0,   0,   0))
         (( 192,   0, 448) ( 255,  63, 511) (   0,   0,   0))
         (( 192,   0, 512) ( 255,  63, 575) (   0,   0,   0))
         (( 192,   0, 576) ( 255,  63, 639) (   0,   0,   0))
         (( 192,   0, 640) ( 255,  63, 703) (   0,   0,   0))
         (( 192,   0, 704) ( 255,  63, 767) (   0,   0,   0))
         (( 192,  64,   0) ( 255, 127,  63) (   0,   0,   0))
         (( 192,  64,  64) ( 255, 127, 127) (   0,   0,   0))
         (( 192,  64, 128) ( 255, 127, 191) (   0,   0,   0))
         (( 192,  64, 192) ( 255, 127, 255) (   0,   0,   0))
         (( 192,  64, 256) ( 255, 127, 319) (   0,   0,   0))
         (( 192,  64, 320) ( 255, 127, 383) (   0,   0,   0))
         (( 192,  64, 384) ( 255, 127, 447) (   0,   0,   0))
         (( 192,  64, 448) ( 255, 127, 511) (   0,   0,   0))
         (( 192,  64, 512) ( 255, 127, 575) (   0,   0,   0))
         (( 192,  64, 576) ( 255, 127, 639) (   0,   0,   0))
         (( 192,  64, 640) ( 255, 127, 703) (   0,   0,   0))
         (( 192,  64, 704) ( 255, 127, 767) (   0,   0,   0))
         (( 192, 128,   0) ( 255, 191,  63) (   0,   0,   0))
         (( 192, 128,  64) ( 255, 191, 127) (   0,   0,   0))
         (( 192, 128, 128) ( 255, 191, 191) (   0,   0,   0))
         (( 192, 128, 192) ( 255, 191, 255) (   0,   0,   0))
         (( 192, 128, 256) ( 255, 191, 319) (   0,   0,   0))
         (( 192, 128, 320) ( 255, 191, 383) (   0,   0,   0))
         (( 192, 128, 384) ( 255, 191, 447) (   0,   0,   0))
         (( 192, 128, 448) ( 255, 191, 511) (   0,   0,   0))
         (( 192, 128, 512) ( 255, 191, 575) (   0,   0,   0))
         (( 192, 128, 576) ( 255, 191, 639) (   0,   0,   0))
         (( 192, 128, 640) ( 255, 191, 703) (   0,   0,   0))
         (( 192, 128, 704) ( 255, 191, 767) (   0,   0,   0))
         (( 192, 192,   0) ( 255, 255,  63) (   0,   0,   0))
         (( 192, 192,  64) ( 255, 255, 127) (   0,   0,   0))
         (( 192, 192, 128) ( 255, 255, 191) (   0,   0,   0))
         (( 192, 192, 192) ( 255, 255, 255) (   0,   0,   0))
         (( 192, 192, 256) ( 255, 255, 319) (   0,   0,   0))
         (( 192, 192, 320) ( 255, 255, 383) (   0,   0,   0))
         (( 192, 192, 384) ( 255, 255, 447) (   0,   0,   0))
         (( 192, 192, 448) ( 255, 255, 511) (   0,   0,   0))
         (( 192, 192, 512) ( 255, 255, 575) (   0,   0,   0))
         (( 192, 192, 576) ( 255, 255, 639) (   0,   0,   0))
         (( 192, 192, 640) ( 255, 255, 703) (   0,   0,   0))
         (( 192, 192, 704) ( 255, 255, 767) (   0,   0,   0))
