1
   ((   0,   0,   0) ( 383, 383, 767) (   0,   0,   0))      432
         ((   0,   0,   0) (  63,  63,  63) (   0,   0,   0))
         ((   0,   0,  64) (  63,  63, 127) (   0,   0,   0))
         ((   0,   0, 128) (  63,  63, 191) (   0,   0,   0))
         ((   0,   0, 192) (  63,  63, 255) (   0,   0,   0))
         ((   0,   0, 256) (  63,  63, 319) (   0,   0,   0))
         ((   0,   0, 320) (  63,  63, 383) (   0,   0,   0))
         ((   0,   0, 384) (  63,  63, 447) (   0,   0,   0))
         ((   0,   0, 448) (  63,  63, 511) (   0,   0,   0))
         ((   0,   0, 512) (  63,  63, 575) (   0,   0,   0))
         ((   0,   0, 576) (  63,  63, 639) (   0,   0,   0))
         ((   0,   0, 640) (  63,  63, 703) (   0,   0,   0))
         ((   0,   0, 704) (  63,  63, 767) (   0,   0,   0))
         ((   0,  64,   0) (  63, 127,  63) (   0,   0,   0))
         ((   0,  64,  64) (  63, 127, 127) (   0,   0,   0))
         ((   0,  64, 128) (  63, 127, 191) (   0,   0,   0))
         ((   0,  64, 192) (  63, 127, 255) (   0,   0,   0))
         ((   0,  64, 256) (  63, 127, 319) (   0,   0,   0))
         ((   0,  64, 320) (  63, 127, 383) (   0,   0,   0))
         ((   0,  64, 384) (  63, 127, 447) (   0,   0,   0))
         ((   0,  64, 448) (  63, 127, 511) (   0,   0,   0))
         ((   0,  64, 512) (  63, 127, 575) (   0,   0,   0))
         ((   0,  64, 576) (  63, 127, 639) (   0,   0,   0))
         ((   0,  64, 640) (  63, 127, 703) (   0,   0,   0))
         ((   0,  64, 704) (  63, 127, 767) (   0,   0,   0))
         ((   0, 128,   0) (  63, 191,  63) (   0,   0,   0))
         ((   0, 128,  64) (  63, 191, 127) (   0,   0,   0))
         ((   0, 128, 128) (  63, 191, 191) (   0,   0,   0))
         ((   0, 128, 192) (  63, 191, 255) (   0,   0,   0))
         ((   0, 128, 256) (  63, 191, 319) (   0,   0,   0))
         ((   0, 128, 320) (  63, 191, 383) (   0,   0,   0))
         ((   0, 128, 384) (  63, 191, 447) (   0,   0,   0))
         ((   0, 128, 448) (  63, 191, 511) (   0,   0,   0))
         ((   0, 128, 512) (  63, 191, 575) (   0,   0,   0))
         ((   0, 128, 576) (  63, 191, 639) (   0,   0,   0))
         ((   0, 128, 640) (  63, 191, 703) (   0,   0,   0))
         ((   0, 128, 704) (  63, 191, 767) (   0,   0,   0))
         ((   0, 192,   0) (  63, 255,  63) (   0,   0,   0))
         ((   0, 192,  64) (  63, 255, 127) (   0,   0,   0))
         ((   0, 192, 128) (  63, 255, 191) (   0,   0,   0))
         ((   0, 192, 192) (  63, 255, 255) (   0,   0,   0))
         ((   0, 192, 256) (  63, 255, 319) (   0,   0,   0))
         ((   0, 192, 320) (  63, 255, 383) (   0,   0,   0))
         ((   0, 192, 384) (  63, 255, 447) (   0,   0,   0))
         ((   0, 192, 448) (  63, 255, 511) (   0,   0,   0))
         ((   0, 192, 512) (  63, 255, 575) (   0,   0,   0))
         ((   0, 192, 576) (  63, 255, 639) (   0,   0,   0))
         ((   0, 192, 640) (  63, 255, 703) (   0,   0,   0))
         ((   0, 192, 704) (  63, 255, 767) (   0,   0,   0))
         ((   0, 256,   0) (  63, 319,  63) (   0,   0,   0))
         ((   0, 256,  64) (  63, 319, 127) (   0,   0,   0))
         ((   0, 256, 128) (  63, 319, 191) (   0,   0,   0))
         ((   0, 256, 192) (  63, 319, 255) (   0,   0,   0))
         ((   0, 256, 256) (  63, 319, 319) (   0,   0,   0))
         ((   0, 256, 320) (  63, 319, 383) (   0,   0,   0))
         ((   0, 256, 384) (  63, 319, 447) (   0,   0,   0))
         ((   0, 256, 448) (  63, 319, 511) (   0,   0,   0))
         ((   0, 256, 512) (  63, 319, 575) (   0,   0,   0))
         ((   0, 256, 576) (  63, 319, 639) (   0,   0,   0))
         ((   0, 256, 640) (  63, 319, 703) (   0,   0,   0))
         ((   0, 256, 704) (  63, 319, 767) (   0,   0,   0))
         ((   0, 320,   0) (  63, 383,  63) (   0,   0,   0))
         ((   0, 320,  64) (  63, 383, 127) (   0,   0,   0))
         ((   0, 320, 128) (  63, 383, 191) (   0,   0,   0))
         ((   0, 320, 192) (  63, 383, 255) (   0,   0,   0))
         ((   0, 320, 256) (  63, 383, 319) (   0,   0,   0))
         ((   0, 320, 320) (  63, 383, 383) (   0,   0,   0))
         ((   0, 320, 384) (  63, 383, 447) (   0,   0,   0))
         ((   0, 320, 448) (  63, 383, 511) (   0,   0,   0))
         ((   0, 320, 512) (  63, 383, 575) (   0,   0,   0))
         ((   0, 320, 576) (  63, 383, 639) (   0,   0,   0))
         ((   0, 320, 640) (  63, 383, 703) (   0,   0,   0))
         ((   0, 320, 704) (  63, 383, 767) (   0,   0,   0))
         ((  64,   0,   0) ( 127,  63,  63) (   0,   0,   0))
         ((  64,   0,  64) ( 127,  63, 127) (   0,   0,   0))
         ((  64,   0, 128) ( 127,  63, 191) (   0,   0,   0))
         ((  64,   0, 192) ( 127,  63, 255) (   0,   0,   0))
         ((  64,   0, 256) ( 127,  63, 319) (   0,   0,   0))
         ((  64,   0, 320) ( 127,  63, 383) (   0,   0,   0))
         ((  64,   0, 384) ( 127,  63, 447) (   0,   0,   0))
         ((  64,   0, 448) ( 127,  63, 511) (   0,   0,   0))
         ((  64,   0, 512) ( 127,  63, 575) (   0,   0,   0))
         ((  64,   0, 576) ( 127,  63, 639) (   0,   0,   0))
         ((  64,   0, 640) ( 127,  63, 703) (   0,   0,   0))
         ((  64,   0, 704) ( 127,  63, 767) (   0,   0,   0))
         ((  64,  64,   0) ( 127, 127,  63) (   0,   0,   0))
         ((  64,  64,  64) ( 127, 127, 127) (   0,   0,   0))
         ((  64,  64, 128) ( 127, 127, 191) (   0,   0,   0))
         ((  64,  64, 192) ( 127, 127, 255) (   0,   0,   0))
         ((  64,  64, 256) ( 127, 127, 319) (   0,   0,   0))
         ((  64,  64, 320) ( 127, 127, 383) (   0,   0,   0))
         ((  64,  64, 384) ( 127, 127, 447) (   0,   0,   0))
         ((  64,  64, 448) ( 127, 127, 511) (   0,   0,   0))
         ((  64,  64, 512) ( 127, 127, 575) (   0,   0,   0))
         ((  64,  64, 576) ( 127, 127, 639) (   0,   0,   0))
         ((  64,  64, 640) ( 127, 127, 703) (   0,   0,   0))
         ((  64,  64, 704) ( 127, 127, 767) (   0,   0,   0))
         ((  64, 128,   0) ( 127, 191,  63) (   0,   0,   0))
         ((  64, 128,  64) ( 127, 191, 127) (   0,   0,   0))
         ((  64, 128, 128) ( 127, 191, 191) (   0,   0,   0))
         ((  64, 128, 192) ( 127, 191, 255) (   0,   0,   0))
         ((  64, 128, 256) ( 127, 191, 319) (   0,   0,   0))
         ((  64, 128, 320) ( 127, 191, 383) (   0,   0,   0))
         ((  64, 128, 384) ( 127, 191, 447) (   0,   0,   0))
         ((  64, 128, 448) ( 127, 191, 511) (   0,   0,   0))
         ((  64, 128, 512) ( 127, 191, 575) (   0,   0,   0))
         ((  64, 128, 576) ( 127, 191, 639) (   0,   0,   0))
         ((  64, 128, 640) ( 127, 191, 703) (   0,   0,   0))
         ((  64, 128, 704) ( 127, 191, 767) (   0,   0,   0))
         ((  64, 192,   0) ( 127, 255,  63) (   0,   0,   0))
         ((  64, 192,  64) ( 127, 255, 127) (   0,   0,   0))
         ((  64, 192, 128) ( 127, 255, 191) (   0,   0,   0))
         ((  64, 192, 192) ( 127, 255, 255) (   0,   0,   0))
         ((  64, 192, 256) ( 127, 255, 319) (   0,   0,   0))
         ((  64, 192, 320) ( 127, 255, 383) (   0,   0,   0))
         ((  64, 192, 384) ( 127, 255, 447) (   0,   0,   0))
         ((  64, 192, 448) ( 127, 255, 511) (   0,   0,   0))
         ((  64, 192, 512) ( 127, 255, 575) (   0,   0,   0))
         ((  64, 192, 576) ( 127, 255, 639) (   0,   0,   0))
         ((  64, 192, 640) ( 127, 255, 703) (   0,   0,   0))
         ((  64, 192, 704) ( 127, 255, 767) (   0,   0,   0))
         ((  64, 256,   0) ( 127, 319,  63) (   0,   0,   0))
         ((  64, 256,  64) ( 127, 319, 127) (   0,   0,   0))
         ((  64, 256, 128) ( 127, 319, 191) (   0,   0,   0))
         ((  64, 256, 192) ( 127, 319, 255) (   0,   0,   0))
         ((  64, 256, 256) ( 127, 319, 319) (   0,   0,   0))
         ((  64, 256, 320) ( 127, 319, 383) (   0,   0,   0))
         ((  64, 256, 384) ( 127, 319, 447) (   0,   0,   0))
         ((  64, 256, 448) ( 127, 319, 511) (   0,   0,   0))
         ((  64, 256, 512) ( 127, 319, 575) (   0,   0,   0))
         ((  64, 256, 576) ( 127, 319, 639) (   0,   0,   0))
         ((  64, 256, 640) ( 127, 319, 703) (   0,   0,   0))
         ((  64, 256, 704) ( 127, 319, 767) (   0,   0,   0))
         ((  64, 320,   0) ( 127, 383,  63) (   0,   0,   0))
         ((  64, 320,  64) ( 127, 383, 127) (   0,   0,   0))
         ((  64, 320, 128) ( 127, 383, 191) (   0,   0,   0))
         ((  64, 320, 192) ( 127, 383, 255) (   0,   0,   0))
         ((  64, 320, 256) ( 127, 383, 319) (   0,   0,   0))
         ((  64, 320, 320) ( 127, 383, 383) (   0,   0,   0))
         ((  64, 320, 384) ( 127, 383, 447) (   0,   0,   0))
         ((  64, 320, 448) ( 127, 383, 511) (   0,   0,   0))
         ((  64, 320, 512) ( 127, 383, 575) (   0,   0,   0))
         ((  64, 320, 576) ( 127, 383, 639) (   0,   0,   0))
         ((  64, 320, 640) ( 127, 383, 703) (   0,   0,   0))
         ((  64, 320, 704) ( 127, 383, 767) (   0,   0,   0))
         (( 128,   0,   0) ( 191,  63,  63) (   0,   0,   0))
         (( 128,   0,  64) ( 191,  63, 127) (   0,   0,   0))
         (( 128,   0, 128) ( 191,  63, 191) (   0,   0,   0))
         (( 128,   0, 192) ( 191,  63, 255) (   0,   0,   0))
         (( 128,   0, 256) ( 191,  63, 319) (   0,   0,   0))
         (( 128,   0, 320) ( 191,  63, 383) (   0,   0,   0))
         (( 128,   0, 384) ( 191,  63, 447) (   0,   0,   0))
         (( 128,   0, 448) ( 191,  63, 511) (   0,   0,   0))
         (( 128,   0, 512) ( 191,  63, 575) (   0,   0,   0))
         (( 128,   0, 576) ( 191,  63, 639) (   0,   0,   0))
         (( 128,   0, 640) ( 191,  63, 703) (   0,   0,   0))
         (( 128,   0, 704) ( 191,  63, 767) (   0,   0,   0))
         (( 128,  64,   0) ( 191, 127,  63) (   0,   0,   0))
         (( 128,  64,  64) ( 191, 127, 127) (   0,   0,   0))
         (( 128,  64, 128) ( 191, 127, 191) (   0,   0,   0))
         (( 128,  64, 192) ( 191, 127, 255) (   0,   0,   0))
         (( 128,  64, 256) ( 191, 127, 319) (   0,   0,   0))
         (( 128,  64, 320) ( 191, 127, 383) (   0,   0,   0))
         (( 128,  64, 384) ( 191, 127, 447) (   0,   0,   0))
         (( 128,  64, 448) ( 191, 127, 511) (   0,   0,   0))
         (( 128,  64, 512) ( 191, 127, 575) (   0,   0,   0))
         (( 128,  64, 576) ( 191, 127, 639) (   0,   0,   0))
         (( 128,  64, 640) ( 191, 127, 703) (   0,   0,   0))
         (( 128,  64, 704) ( 191, 127, 767) (   0,   0,   0))
         (( 128, 128,   0) ( 191, 191,  63) (   0,   0,   0))
         (( 128, 128,  64) ( 191, 191, 127) (   0,   0,   0))
         (( 128, 128, 128) ( 191, 191, 191) (   0,   0,   0))
         (( 128, 128, 192) ( 191, 191, 255) (   0,   0,   0))
         (( 128, 128, 256) ( 191, 191, 319) (   0,   0,   0))
         (( 128, 128, 320) ( 191, 191, 383) (   0,   0,   0))
         (( 128, 128, 384) ( 191, 191, 447) (   0,   0,   0))
         (( 128, 128, 448) ( 191, 191, 511) (   0,   0,   0))
         (( 128, 128, 512) ( 191, 191, 575) (   0,   0,   0))
         (( 128, 128, 576) ( 191, 191, 639) (   0,   0,   0))
         (( 128, 128, 640) ( 191, 191, 703) (   0,   0,   0))
         (( 128, 128, 704) ( 191, 191, 767) (   0,   0,   0))
         (( 128, 192,   0) ( 191, 255,  63) (   0,   0,   0))
         (( 128, 192,  64) ( 191, 255, 127) (   0,   0,   0))
         (( 128, 192, 128) ( 191, 255, 191) (   0,   0,   0))
         (( 128, 192, 192) ( 191, 255, 255) (   0,   0,   0))
         (( 128, 192, 256) ( 191, 255, 319) (   0,   0,   0))
         (( 128, 192, 320) ( 191, 255, 383) (   0,   0,   0))
         (( 128, 192, 384) ( 191, 255, 447) (   0,   0,   0))
         (( 128, 192, 448) ( 191, 255, 511) (   0,   0,   0))
         (( 128, 192, 512) ( 191, 255, 575) (   0,   0,   0))
         (( 128, 192, 576) ( 191, 255, 639) (   0,   0,   0))
         (( 128, 192, 640) ( 191, 255, 703) (   0,   0,   0))
         (( 128, 192, 704) ( 191, 255, 767) (   0,   0,   0))
         (( 128, 256,   0) ( 191, 319,  63) (   0,   0,   0))
         (( 128, 256,  64) ( 191, 319, 127) (   0,   0,   0))
         (( 128, 256, 128) ( 191, 319, 191) (   0,   0,   0))
         (( 128, 256, 192) ( 191, 319, 255) (   0,   0,   0))
         (( 128, 256, 256) ( 191, 319, 319) (   0,   0,   0))
         (( 128, 256, 320) ( 191, 319, 383) (   0,   0,   0))
         (( 128, 256, 384) ( 191, 319, 447) (   0,   0,   0))
         (( 128, 256, 448) ( 191, 319, 511) (   0,   0,   0))
         (( 128, 256, 512) ( 191, 319, 575) (   0,   0,   0))
         (( 128, 256, 576) ( 191, 319, 639) (   0,   0,   0))
         (( 128, 256, 640) ( 191, 319, 703) (   0,   0,   0))
         (( 128, 256, 704) ( 191, 319, 767) (   0,   0,   0))
         (( 128, 320,   0) ( 191, 383,  63) (   0,   0,   0))
         (( 128, 320,  64) ( 191, 383, 127) (   0,   0,   0))
         (( 128, 320, 128) ( 191, 383, 191) (   0,   0,   0))
         (( 128, 320, 192) ( 191, 383, 255) (   0,   0,   0))
         (( 128, 320, 256) ( 191, 383, 319) (   0,   0,   0))
         (( 128, 320, 320) ( 191, 383, 383) (   0,   0,   0))
         (( 128, 320, 384) ( 191, 383, 447) (   0,   0,   0))
         (( 128, 320, 448) ( 191, 383, 511) (   0,   0,   0))
         (( 128, 320, 512) ( 191, 383, 575) (   0,   0,   0))
         (( 128, 320, 576) ( 191, 383, 639) (   0,   0,   0))
         (( 128, 320, 640) ( 191, 383, 703) (   0,   0,   0))
         (( 128, 320, 704) ( 191, 383, 767) (   0,   0,   0))
         (( 192,   0,   0) ( 255,  63,  63) (   0,   0,   0))
         (( 192,   0,  64) ( 255,  63, 127) (   0,   0,   0))
         (( 192,   0, 128) ( 255,  63, 191) (   0,   0,   0))
         (( 192,   0, 192) ( 255,  63, 255) (   0,   0,   0))
         (( 192,   0, 256) ( 255,  63, 319) (   0,   0,   0))
         (( 192,   0, 320) ( 255,  63, 383) (   0,   0,   0))
         (( 192,   0, 384) ( 255,  63, 447) (   0,   0,   0))
         (( 192,   0, 448) ( 255,  63, 511) (   0,   0,   0))
         (( 192,   0, 512) ( 255,  63, 575) (   0,   0,   0))
         (( 192,   0, 576) ( 255,  63, 639) (   0,   0,   0))
         (( 192,   0, 640) ( 255,  63, 703) (   0,   0,   0))
         (( 192,   0, 704) ( 255,  63, 767) (   0,   0,   0))
         (( 192,  64,   0) ( 255, 127,  63) (   0,   0,   0))
         (( 192,  64,  64) ( 255, 127, 127) (   0,   0,   0))
         (( 192,  64, 128) ( 255, 127, 191) (   0,   0,   0))
         (( 192,  64, 192) ( 255, 127, 255) (   0,   0,   0))
         (( 192,  64, 256) ( 255, 127, 319) (   0,   0,   0))
         (( 192,  64, 320) ( 255, 127, 383) (   0,   0,   0))
         (( 192,  64, 384) ( 255, 127, 447) (   0,   0,   0))
         (( 192,  64, 448) ( 255, 127, 511) (   0,   0,   0))
         (( 192,  64, 512) ( 255, 127, 575) (   0,   0,   0))
         (( 192,  64, 576) ( 255, 127, 639) (   0,   0,   0))
         (( 192,  64, 640) ( 255, 127, 703) (   0,   0,   0))
         (( 192,  64, 704) ( 255, 127, 767) (   0,   0,   0))
         (( 192, 128,   0) ( 255, 191,  63) (   0,   0,   0))
         (( 192, 128,  64) ( 255, 191, 127) (   0,   0,   0))
         (( 192, 128, 128) ( 255, 191, 191) (   0,   0,   0))
         (( 192, 128, 192) ( 255, 191, 255) (   0,   0,   0))
         (( 192, 128, 256) ( 255, 191, 319) (   0,   0,   0))
         (( 192, 128, 320) ( 255, 191, 383) (   0,   0,   0))
         (( 192, 128, 384) ( 255, 191, 447) (   0,   0,   0))
         (( 192, 128, 448) ( 255, 191, 511) (   0,   0,   0))
         (( 192, 128, 512) ( 255, 191, 575) (   0,   0,   0))
         (( 192, 128, 576) ( 255, 191, 639) (   0,   0,   0))
         (( 192, 128, 640) ( 255, 191, 703) (   0,   0,   0))
         (( 192, 128, 704) ( 255, 191, 767) (   0,   0,   0))
         (( 192, 192,   0) ( 255, 255,  63) (   0,   0,   0))
         (( 192, 192,  64) ( 255, 255, 127) (   0,   0,   0))
         (( 192, 192, 128) ( 255, 255, 191) (   0,   0,   0))
         (( 192, 192, 192) ( 255, 255, 255) (   0,   0,   0))
         (( 192, 192, 256) ( 255, 255, 319) (   0,   0,   0))
         (( 192, 192, 320) ( 255, 255, 383) (   0,   0,   0))
         (( 192, 192, 384) ( 255, 255, 447) (   0,   0,   0))
         (( 192, 192, 448) ( 255, 255, 511) (   0,   0,   0))
         (( 192, 192, 512) ( 255, 255, 575) (   0,   0,   0))
         (( 192, 192, 576) ( 255, 255, 639) (   0,   0,   0))
         (( 192, 192, 640) ( 255, 255, 703) (   0,   0,   0))
         (( 192, 192, 704) ( 255, 255, 767) (   0,   0,   0))
         (( 192, 256,   0) ( 255, 319,  63) (   0,   0,   0))
         (( 192, 256,  64) ( 255, 319, 127) (   0,   0,   0))
         (( 192, 256, 128) ( 255, 319, 191) (   0,   0,   0))
         (( 192, 256, 192) ( 255, 319, 255) (   0,   0,   0))
         (( 192, 256, 256) ( 255, 319, 319) (   0,   0,   0))
         (( 192, 256, 320) ( 255, 319, 383) (   0,   0,   0))
         (( 192, 256, 384) ( 255, 319, 447) (   0,   0,   0))
         (( 192, 256, 448) ( 255, 319, 511) (   0,   0,   0))
         (( 192, 256, 512) ( 255, 319, 575) (   0,   0,   0))
         (( 192, 256, 576) ( 255, 319, 639) (   0,   0,   0))
         (( 192, 256, 640) ( 255, 319, 703) (   0,   0,   0))
         (( 192, 256, 704) ( 255, 319, 767) (   0,   0,   0))
         (( 192, 320,   0) ( 255, 383,  63) (   0,   0,   0))
         (( 192, 320,  64) ( 255, 383, 127) (   0,   0,   0))
         (( 192, 320, 128) ( 255, 383, 191) (   0,   0,   0))
         (( 192, 320, 192) ( 255, 383, 255) (   0,   0,   0))
         (( 192, 320, 256) ( 255, 383, 319) (   0,   0,   0))
         (( 192, 320, 320) ( 255, 383, 383) (   0,   0,   0))
         (( 192, 320, 384) ( 255, 383, 447) (   0,   0,   0))
         (( 192, 320, 448) ( 255, 383, 511) (   0,   0,   0))
         (( 192, 320, 512) ( 255, 383, 575) (   0,   0,   0))
         (( 192, 320, 576) ( 255, 383, 639) (   0,   0,   0))
         (( 192, 320, 640) ( 255, 383, 703) (   0,   0,   0))
         (( 192, 320, 704) ( 255, 383, 767) (   0,   0,   0))
         (( 256,   0,   0) ( 319,  63,  63) (   0,   0,   0))
         (( 256,   0,  64) ( 319,  63, 127) (   0,   0,   0))
         (( 256,   0, 128) ( 319,  63, 191) (   0,   0,   0))
         (( 256,   0, 192) ( 319,  63, 255) (   0,   0,   0))
         (( 256,   0, 256) ( 319,  63, 319) (   0,   0,   0))
         (( 256,   0, 320) ( 319,  63, 383) (   0,   0,   0))
         (( 256,   0, 384) ( 319,  63, 447) (   0,   0,   0))
         (( 256,   0, 448) ( 319,  63, 511) (   0,   0,   0))
         (( 256,   0, 512) ( 319,  63, 575) (   0,   0,   0))
         (( 256,   0, 576) ( 319,  63, 639) (   0,   0,   0))
         (( 256,   0, 640) ( 319,  63, 703) (   0,   0,   0))
         (( 256,   0, 704) ( 319,  63, 767) (   0,   0,   0))
         (( 256,  64,   0) ( 319, 127,  63) (   0,   0,   0))
         (( 256,  64,  64) ( 319, 127, 127) (   0,   0,   0))
         (( 256,  64, 128) ( 319, 127, 191) (   0,   0,   0))
         (( 256,  64, 192) ( 319, 127, 255) (   0,   0,   0))
         (( 256,  64, 256) ( 319, 127, 319) (   0,   0,   0))
         (( 256,  64, 320) ( 319, 127, 383) (   0,   0,   0))
         (( 256,  64, 384) ( 319, 127, 447) (   0,   0,   0))
         (( 256,  64, 448) ( 319, 127, 511) (   0,   0,   0))
         (( 256,  64, 512) ( 319, 127, 575) (   0,   0,   0))
         (( 256,  64, 576) ( 319, 127, 639) (   0,   0,   0))
         (( 256,  64, 640) ( 319, 127, 703) (   0,   0,   0))
         (( 256,  64, 704) ( 319, 127, 767) (   0,   0,   0))
         (( 256, 128,   0) ( 319, 191,  63) (   0,   0,   0))
         (( 256, 128,  64) ( 319, 191, 127) (   0,   0,   0))
         (( 256, 128, 128) ( 319, 191, 191) (   0,   0,   0))
         (( 256, 128, 192) ( 319, 191, 255) (   0,   0,   0))
         (( 256, 128, 256) ( 319, 191, 319) (   0,   0,   0))
         (( 256, 128, 320) ( 319, 191, 383) (   0,   0,   0))
         (( 256, 128, 384) ( 319, 191, 447) (   0,   0,   0))
         (( 256, 128, 448) ( 319, 191, 511) (   0,   0,   0))
         (( 256, 128, 512) ( 319, 191, 575) (   0,   0,   0))
         (( 256, 128, 576) ( 319, 191, 639) (   0,   0,   0))
         (( 256, 128, 640) ( 319, 191, 703) (   0,   0,   0))
         (( 256, 128, 704) ( 319, 191, 767) (   0,   0,   0))
         (( 256, 192,   0) ( 319, 255,  63) (   0,   0,   0))
         (( 256, 192,  64) ( 319, 255, 127) (   0,   0,   0))
         (( 256, 192, 128) ( 319, 255, 191) (   0,   0,   0))
         (( 256, 192, 192) ( 319, 255, 255) (   0,   0,   0))
         (( 256, 192, 256) ( 319, 255, 319) (   0,   0,   0))
         (( 256, 192, 320) ( 319, 255, 383) (   0,   0,   0))
         (( 256, 192, 384) ( 319, 255, 447) (   0,   0,   0))
         (( 256, 192, 448) ( 319, 255, 511) (   0,   0,   0))
         (( 256, 192, 512) ( 319, 255, 575) (   0,   0,   0))
         (( 256, 192, 576) ( 319, 255, 639) (   0,   0,   0))
         (( 256, 192, 640) ( 319, 255, 703) (   0,   0,   0))
         (( 256, 192, 704) ( 319, 255, 767) (   0,   0,   0))
         (( 256, 256,   0) ( 319, 319,  63) (   0,   0,   0))
         (( 256, 256,  64) ( 319, 319, 127) (   0,   0,   0))
         (( 256, 256, 128) ( 319, 319, 191) (   0,   0,   0))
         (( 256, 256, 192) ( 319, 319, 255) (   0,   0,   0))
         (( 256, 256, 256) ( 319, 319, 319) (   0,   0,   0))
         (( 256, 256, 320) ( 319, 319, 383) (   0,   0,   0))
         (( 256, 256, 384) ( 319, 319, 447) (   0,   0,   0))
         (( 256, 256, 448) ( 319, 319, 511) (   0,   0,   0))
         (( 256, 256, 512) ( 319, 319, 575) (   0,   0,   0))
         (( 256, 256, 576) ( 319, 319, 639) (   0,   0,   0))
         (( 256, 256, 640) ( 319, 319, 703) (   0,   0,   0))
         (( 256, 256, 704) ( 319, 319, 767) (   0,   0,   0))
         (( 256, 320,   0) ( 319, 383,  63) (   0,   0,   0))
         (( 256, 320,  64) ( 319, 383, 127) (   0,   0,   0))
         (( 256, 320, 128) ( 319, 383, 191) (   0,   0,   0))
         (( 256, 320, 192) ( 319, 383, 255) (   0,   0,   0))
         (( 256, 320, 256) ( 319, 383, 319) (   0,   0,   0))
         (( 256, 320, 320) ( 319, 383, 383) (   0,   0,   0))
         (( 256, 320, 384) ( 319, 383, 447) (   0,   0,   0))
         (( 256, 320, 448) ( 319, 383, 511) (   0,   0,   0))
         (( 256, 320, 512) ( 319, 383, 575) (   0,   0,   0))
         (( 256, 320, 576) ( 319, 383, 639) (   0,   0,   0))
         (( 256, 320, 640) ( 319, 383, 703) (   0,   0,   0))
         (( 256, 320, 704) ( 319, 383, 767) (   0,   0,   0))
         (( 320,   0,   0) ( 383,  63,  63) (   0,   0,   0))
         (( 320,   0,  64) ( 383,  63, 127) (   0,   0,   0))
         (( 320,   0, 128) ( 383,  63, 191) (   0,   0,   0))
         (( 320,   0, 192) ( 383,  63, 255) (   0,   0,   0))
         (( 320,   0, 256) ( 383,  63, 319) (   0,   0,   0))
         (( 320,   0, 320) ( 383,  63, 383) (   0,   0,   0))
         (( 320,   0, 384) ( 383,  63, 447) (   0,   0,   0))
         (( 320,   0, 448) ( 383,  63, 511) (   0,   0,   0))
         (( 320,   0, 512) ( 383,  63, 575) (   0,   0,   0))
         (( 320,   0, 576) ( 383,  63, 639) (   0,   0,   0))
         (( 320,   0, 640) ( 383,  63, 703) (   0,   0,   0))
         (( 320,   0, 704) ( 383,  63, 767) (   0,   0,   0))
         (( 320,  64,   0) ( 383, 127,  63) (   0,   0,   0))
         (( 320,  64,  64) ( 383, 127, 127) (   0,   0,   0))
         (( 320,  64, 128) ( 383, 127, 191) (   0,   0,   0))
         (( 320,  64, 192) ( 383, 127, 255) (   0,   0,   0))
         (( 320,  64, 256) ( 383, 127, 319) (   0,   0,   0))
         (( 320,  64, 320) ( 383, 127, 383) (   0,   0,   0))
         (( 320,  64, 384) ( 383, 127, 447) (   0,   0,   0))
         (( 320,  64, 448) ( 383, 127, 511) (   0,   0,   0))
         (( 320,  64, 512) ( 383, 127, 575) (   0,   0,   0))
         (( 320,  64, 576) ( 383, 127, 639) (   0,   0,   0))
         (( 320,  64, 640) ( 383, 127, 703) (   0,   0,   0))
         (( 320,  64, 704) ( 383, 127, 767) (   0,   0,   0))
         (( 320, 128,   0) ( 383, 191,  63) (   0,   0,   0))
         (( 320, 128,  64) ( 383, 191, 127) (   0,   0,   0))
         (( 320, 128, 128) ( 383, 191, 191) (   0,   0,   0))
         (( 320, 128, 192) ( 383, 191, 255) (   0,   0,   0))
         (( 320, 128, 256) ( 383, 191, 319) (   0,   0,   0))
         (( 320, 128, 320) ( 383, 191, 383) (   0,   0,   0))
         (( 320, 128, 384) ( 383, 191, 447) (   0,   0,   0))
         (( 320, 128, 448) ( 383, 191, 511) (   0,   0,   0))
         (( 320, 128, 512) ( 383, 191, 575) (   0,   0,   0))
         (( 320, 128, 576) ( 383, 191, 639) (   0,   0,   0))
         (( 320, 128, 640) ( 383, 191, 703) (   0,   0,   0))
         (( 320, 128, 704) ( 383, 191, 767) (   0,   0,   0))
         (( 320, 192,   0) ( 383, 255,  63) (   0,   0,   0))
         (( 320, 192,  64) ( 383, 255, 127) (   0,   0,   0))
         (( 320, 192, 128) ( 383, 255, 191) (   0,   0,   0))
         (( 320, 192, 192) ( 383, 255, 255) (   0,   0,   0))
         (( 320, 192, 256) ( 383, 255, 319) (   0,   0,   0))
         (( 320, 192, 320) ( 383, 255, 383) (   0,   0,   0))
         (( 320, 192, 384) ( 383, 255, 447) (   0,   0,   0))
         (( 320, 192, 448) ( 383, 255, 511) (   0,   0,   0))
         (( 320, 192, 512) ( 383, 255, 575) (   0,   0,   0))
         (( 320, 192, 576) ( 383, 255, 639) (   0,   0,   0))
         (( 320, 192, 640) ( 383, 255, 703) (   0,   0,   0))
         (( 320, 192, 704) ( 383, 255, 767) (   0,   0,   0))
         (( 320, 256,   0) ( 383, 319,  63) (   0,   0,   0))
         (( 320, 256,  64) ( 383, 319, 127) (   0,   0,   0))
         (( 320, 256, 128) ( 383, 319, 191) (   0,   0,   0))
         (( 320, 256, 192) ( 383, 319, 255) (   0,   0,   0))
         (( 320, 256, 256) ( 383, 319, 319) (   0,   0,   0))
         (( 320, 256, 320) ( 383, 319, 383) (   0,   0,   0))
         (( 320, 256, 384) ( 383, 319, 447) (   0,   0,   0))
         (( 320, 256, 448) ( 383, 319, 511) (   0,   0,   0))
         (( 320, 256, 512) ( 383, 319, 575) (   0,   0,   0))
         (( 320, 256, 576) ( 383, 319, 639) (   0,   0,   0))
         (( 320, 256, 640) ( 383, 319, 703) (   0,   0,   0))
         (( 320, 256, 704) ( 383, 319, 767) (   0,   0,   0))
         (( 320, 320,   0) ( 383, 383,  63) (   0,   0,   0))
         (( 320, 320,  64) ( 383, 383, 127) (   0,   0,   0))
         (( 320, 320, 128) ( 383, 383, 191) (   0,   0,   0))
         (( 320, 320, 192) ( 383, 383, 255) (   0,   0,   0))
         (( 320, 320, 256) ( 383, 383, 319) (   0,   0,   0))
         (( 320, 320, 320) ( 383, 383, 383) (   0,   0,   0))
         (( 320, 320, 384) ( 383, 383, 447) (   0,   0,   0))
         (( 320, 320, 448) ( 383, 383, 511) (   0,   0,   0))
         (( 320, 320, 512) ( 383, 383, 575) (   0,   0,   0))
         (( 320, 320, 576) ( 383, 383, 639) (   0,   0,   0))
         (( 320, 320, 640) ( 383, 383, 703) (   0,   0,   0))
         (( 320, 320, 704) ( 383, 383, 767) (   0,   0,   0))
