1
   ((   0,   0,   0) ( 191, 191, 191) (   0,   0,   0))      216
         ((   0,   0,   0) (  31,  31,  31) (   0,   0,   0))
         ((   0,   0,  32) (  31,  31,  63) (   0,   0,   0))
         ((   0,   0,  64) (  31,  31,  95) (   0,   0,   0))
         ((   0,   0,  96) (  31,  31, 127) (   0,   0,   0))
         ((   0,   0, 128) (  31,  31, 159) (   0,   0,   0))
         ((   0,   0, 160) (  31,  31, 191) (   0,   0,   0))
         ((   0,  32,   0) (  31,  63,  31) (   0,   0,   0))
         ((   0,  32,  32) (  31,  63,  63) (   0,   0,   0))
         ((   0,  32,  64) (  31,  63,  95) (   0,   0,   0))
         ((   0,  32,  96) (  31,  63, 127) (   0,   0,   0))
         ((   0,  32, 128) (  31,  63, 159) (   0,   0,   0))
         ((   0,  32, 160) (  31,  63, 191) (   0,   0,   0))
         ((   0,  64,   0) (  31,  95,  31) (   0,   0,   0))
         ((   0,  64,  32) (  31,  95,  63) (   0,   0,   0))
         ((   0,  64,  64) (  31,  95,  95) (   0,   0,   0))
         ((   0,  64,  96) (  31,  95, 127) (   0,   0,   0))
         ((   0,  64, 128) (  31,  95, 159) (   0,   0,   0))
         ((   0,  64, 160) (  31,  95, 191) (   0,   0,   0))
         ((   0,  96,   0) (  31, 127,  31) (   0,   0,   0))
         ((   0,  96,  32) (  31, 127,  63) (   0,   0,   0))
         ((   0,  96,  64) (  31, 127,  95) (   0,   0,   0))
         ((   0,  96,  96) (  31, 127, 127) (   0,   0,   0))
         ((   0,  96, 128) (  31, 127, 159) (   0,   0,   0))
         ((   0,  96, 160) (  31, 127, 191) (   0,   0,   0))
         ((   0, 128,   0) (  31, 159,  31) (   0,   0,   0))
         ((   0, 128,  32) (  31, 159,  63) (   0,   0,   0))
         ((   0, 128,  64) (  31, 159,  95) (   0,   0,   0))
         ((   0, 128,  96) (  31, 159, 127) (   0,   0,   0))
         ((   0, 128, 128) (  31, 159, 159) (   0,   0,   0))
         ((   0, 128, 160) (  31, 159, 191) (   0,   0,   0))
         ((   0, 160,   0) (  31, 191,  31) (   0,   0,   0))
         ((   0, 160,  32) (  31, 191,  63) (   0,   0,   0))
         ((   0, 160,  64) (  31, 191,  95) (   0,   0,   0))
         ((   0, 160,  96) (  31, 191, 127) (   0,   0,   0))
         ((   0, 160, 128) (  31, 191, 159) (   0,   0,   0))
         ((   0, 160, 160) (  31, 191, 191) (   0,   0,   0))
         ((  32,   0,   0) (  63,  31,  31) (   0,   0,   0))
         ((  32,   0,  32) (  63,  31,  63) (   0,   0,   0))
         ((  32,   0,  64) (  63,  31,  95) (   0,   0,   0))
         ((  32,   0,  96) (  63,  31, 127) (   0,   0,   0))
         ((  32,   0, 128) (  63,  31, 159) (   0,   0,   0))
         ((  32,   0, 160) (  63,  31, 191) (   0,   0,   0))
         ((  32,  32,   0) (  63,  63,  31) (   0,   0,   0))
         ((  32,  32,  32) (  63,  63,  63) (   0,   0,   0))
         ((  32,  32,  64) (  63,  63,  95) (   0,   0,   0))
         ((  32,  32,  96) (  63,  63, 127) (   0,   0,   0))
         ((  32,  32, 128) (  63,  63, 159) (   0,   0,   0))
         ((  32,  32, 160) (  63,  63, 191) (   0,   0,   0))
         ((  32,  64,   0) (  63,  95,  31) (   0,   0,   0))
         ((  32,  64,  32) (  63,  95,  63) (   0,   0,   0))
         ((  32,  64,  64) (  63,  95,  95) (   0,   0,   0))
         ((  32,  64,  96) (  63,  95, 127) (   0,   0,   0))
         ((  32,  64, 128) (  63,  95, 159) (   0,   0,   0))
         ((  32,  64, 160) (  63,  95, 191) (   0,   0,   0))
         ((  32,  96,   0) (  63, 127,  31) (   0,   0,   0))
         ((  32,  96,  32) (  63, 127,  63) (   0,   0,   0))
         ((  32,  96,  64) (  63, 127,  95) (   0,   0,   0))
         ((  32,  96,  96) (  63, 127, 127) (   0,   0,   0))
         ((  32,  96, 128) (  63, 127, 159) (   0,   0,   0))
         ((  32,  96, 160) (  63, 127, 191) (   0,   0,   0))
         ((  32, 128,   0) (  63, 159,  31) (   0,   0,   0))
         ((  32, 128,  32) (  63, 159,  63) (   0,   0,   0))
         ((  32, 128,  64) (  63, 159,  95) (   0,   0,   0))
         ((  32, 128,  96) (  63, 159, 127) (   0,   0,   0))
         ((  32, 128, 128) (  63, 159, 159) (   0,   0,   0))
         ((  32, 128, 160) (  63, 159, 191) (   0,   0,   0))
         ((  32, 160,   0) (  63, 191,  31) (   0,   0,   0))
         ((  32, 160,  32) (  63, 191,  63) (   0,   0,   0))
         ((  32, 160,  64) (  63, 191,  95) (   0,   0,   0))
         ((  32, 160,  96) (  63, 191, 127) (   0,   0,   0))
         ((  32, 160, 128) (  63, 191, 159) (   0,   0,   0))
         ((  32, 160, 160) (  63, 191, 191) (   0,   0,   0))
         ((  64,   0,   0) (  95,  31,  31) (   0,   0,   0))
         ((  64,   0,  32) (  95,  31,  63) (   0,   0,   0))
         ((  64,   0,  64) (  95,  31,  95) (   0,   0,   0))
         ((  64,   0,  96) (  95,  31, 127) (   0,   0,   0))
         ((  64,   0, 128) (  95,  31, 159) (   0,   0,   0))
         ((  64,   0, 160) (  95,  31, 191) (   0,   0,   0))
         ((  64,  32,   0) (  95,  63,  31) (   0,   0,   0))
         ((  64,  32,  32) (  95,  63,  63) (   0,   0,   0))
         ((  64,  32,  64) (  95,  63,  95) (   0,   0,   0))
         ((  64,  32,  96) (  95,  63, 127) (   0,   0,   0))
         ((  64,  32, 128) (  95,  63, 159) (   0,   0,   0))
         ((  64,  32, 160) (  95,  63, 191) (   0,   0,   0))
         ((  64,  64,   0) (  95,  95,  31) (   0,   0,   0))
         ((  64,  64,  32) (  95,  95,  63) (   0,   0,   0))
         ((  64,  64,  64) (  95,  95,  95) (   0,   0,   0))
         ((  64,  64,  96) (  95,  95, 127) (   0,   0,   0))
         ((  64,  64, 128) (  95,  95, 159) (   0,   0,   0))
         ((  64,  64, 160) (  95,  95, 191) (   0,   0,   0))
         ((  64,  96,   0) (  95, 127,  31) (   0,   0,   0))
         ((  64,  96,  32) (  95, 127,  63) (   0,   0,   0))
         ((  64,  96,  64) (  95, 127,  95) (   0,   0,   0))
         ((  64,  96,  96) (  95, 127, 127) (   0,   0,   0))
         ((  64,  96, 128) (  95, 127, 159) (   0,   0,   0))
         ((  64,  96, 160) (  95, 127, 191) (   0,   0,   0))
         ((  64, 128,   0) (  95, 159,  31) (   0,   0,   0))
         ((  64, 128,  32) (  95, 159,  63) (   0,   0,   0))
         ((  64, 128,  64) (  95, 159,  95) (   0,   0,   0))
         ((  64, 128,  96) (  95, 159, 127) (   0,   0,   0))
         ((  64, 128, 128) (  95, 159, 159) (   0,   0,   0))
         ((  64, 128, 160) (  95, 159, 191) (   0,   0,   0))
         ((  64, 160,   0) (  95, 191,  31) (   0,   0,   0))
         ((  64, 160,  32) (  95, 191,  63) (   0,   0,   0))
         ((  64, 160,  64) (  95, 191,  95) (   0,   0,   0))
         ((  64, 160,  96) (  95, 191, 127) (   0,   0,   0))
         ((  64, 160, 128) (  95, 191, 159) (   0,   0,   0))
         ((  64, 160, 160) (  95, 191, 191) (   0,   0,   0))
         ((  96,   0,   0) ( 127,  31,  31) (   0,   0,   0))
         ((  96,   0,  32) ( 127,  31,  63) (   0,   0,   0))
         ((  96,   0,  64) ( 127,  31,  95) (   0,   0,   0))
         ((  96,   0,  96) ( 127,  31, 127) (   0,   0,   0))
         ((  96,   0, 128) ( 127,  31, 159) (   0,   0,   0))
         ((  96,   0, 160) ( 127,  31, 191) (   0,   0,   0))
         ((  96,  32,   0) ( 127,  63,  31) (   0,   0,   0))
         ((  96,  32,  32) ( 127,  63,  63) (   0,   0,   0))
         ((  96,  32,  64) ( 127,  63,  95) (   0,   0,   0))
         ((  96,  32,  96) ( 127,  63, 127) (   0,   0,   0))
         ((  96,  32, 128) ( 127,  63, 159) (   0,   0,   0))
         ((  96,  32, 160) ( 127,  63, 191) (   0,   0,   0))
         ((  96,  64,   0) ( 127,  95,  31) (   0,   0,   0))
         ((  96,  64,  32) ( 127,  95,  63) (   0,   0,   0))
         ((  96,  64,  64) ( 127,  95,  95) (   0,   0,   0))
         ((  96,  64,  96) ( 127,  95, 127) (   0,   0,   0))
         ((  96,  64, 128) ( 127,  95, 159) (   0,   0,   0))
         ((  96,  64, 160) ( 127,  95, 191) (   0,   0,   0))
         ((  96,  96,   0) ( 127, 127,  31) (   0,   0,   0))
         ((  96,  96,  32) ( 127, 127,  63) (   0,   0,   0))
         ((  96,  96,  64) ( 127, 127,  95) (   0,   0,   0))
         ((  96,  96,  96) ( 127, 127, 127) (   0,   0,   0))
         ((  96,  96, 128) ( 127, 127, 159) (   0,   0,   0))
         ((  96,  96, 160) ( 127, 127, 191) (   0,   0,   0))
         ((  96, 128,   0) ( 127, 159,  31) (   0,   0,   0))
         ((  96, 128,  32) ( 127, 159,  63) (   0,   0,   0))
         ((  96, 128,  64) ( 127, 159,  95) (   0,   0,   0))
         ((  96, 128,  96) ( 127, 159, 127) (   0,   0,   0))
         ((  96, 128, 128) ( 127, 159, 159) (   0,   0,   0))
         ((  96, 128, 160) ( 127, 159, 191) (   0,   0,   0))
         ((  96, 160,   0) ( 127, 191,  31) (   0,   0,   0))
         ((  96, 160,  32) ( 127, 191,  63) (   0,   0,   0))
         ((  96, 160,  64) ( 127, 191,  95) (   0,   0,   0))
         ((  96, 160,  96) ( 127, 191, 127) (   0,   0,   0))
         ((  96, 160, 128) ( 127, 191, 159) (   0,   0,   0))
         ((  96, 160, 160) ( 127, 191, 191) (   0,   0,   0))
         (( 128,   0,   0) ( 159,  31,  31) (   0,   0,   0))
         (( 128,   0,  32) ( 159,  31,  63) (   0,   0,   0))
         (( 128,   0,  64) ( 159,  31,  95) (   0,   0,   0))
         (( 128,   0,  96) ( 159,  31, 127) (   0,   0,   0))
         (( 128,   0, 128) ( 159,  31, 159) (   0,   0,   0))
         (( 128,   0, 160) ( 159,  31, 191) (   0,   0,   0))
         (( 128,  32,   0) ( 159,  63,  31) (   0,   0,   0))
         (( 128,  32,  32) ( 159,  63,  63) (   0,   0,   0))
         (( 128,  32,  64) ( 159,  63,  95) (   0,   0,   0))
         (( 128,  32,  96) ( 159,  63, 127) (   0,   0,   0))
         (( 128,  32, 128) ( 159,  63, 159) (   0,   0,   0))
         (( 128,  32, 160) ( 159,  63, 191) (   0,   0,   0))
         (( 128,  64,   0) ( 159,  95,  31) (   0,   0,   0))
         (( 128,  64,  32) ( 159,  95,  63) (   0,   0,   0))
         (( 128,  64,  64) ( 159,  95,  95) (   0,   0,   0))
         (( 128,  64,  96) ( 159,  95, 127) (   0,   0,   0))
         (( 128,  64, 128) ( 159,  95, 159) (   0,   0,   0))
         (( 128,  64, 160) ( 159,  95, 191) (   0,   0,   0))
         (( 128,  96,   0) ( 159, 127,  31) (   0,   0,   0))
         (( 128,  96,  32) ( 159, 127,  63) (   0,   0,   0))
         (( 128,  96,  64) ( 159, 127,  95) (   0,   0,   0))
         (( 128,  96,  96) ( 159, 127, 127) (   0,   0,   0))
         (( 128,  96, 128) ( 159, 127, 159) (   0,   0,   0))
         (( 128,  96, 160) ( 159, 127, 191) (   0,   0,   0))
         (( 128, 128,   0) ( 159, 159,  31) (   0,   0,   0))
         (( 128, 128,  32) ( 159, 159,  63) (   0,   0,   0))
         (( 128, 128,  64) ( 159, 159,  95) (   0,   0,   0))
         (( 128, 128,  96) ( 159, 159, 127) (   0,   0,   0))
         (( 128, 128, 128) ( 159, 159, 159) (   0,   0,   0))
         (( 128, 128, 160) ( 159, 159, 191) (   0,   0,   0))
         (( 128, 160,   0) ( 159, 191,  31) (   0,   0,   0))
         (( 128, 160,  32) ( 159, 191,  63) (   0,   0,   0))
         (( 128, 160,  64) ( 159, 191,  95) (   0,   0,   0))
         (( 128, 160,  96) ( 159, 191, 127) (   0,   0,   0))
         (( 128, 160, 128) ( 159, 191, 159) (   0,   0,   0))
         (( 128, 160, 160) ( 159, 191, 191) (   0,   0,   0))
         (( 160,   0,   0) ( 191,  31,  31) (   0,   0,   0))
         (( 160,   0,  32) ( 191,  31,  63) (   0,   0,   0))
         (( 160,   0,  64) ( 191,  31,  95) (   0,   0,   0))
         (( 160,   0,  96) ( 191,  31, 127) (   0,   0,   0))
         (( 160,   0, 128) ( 191,  31, 159) (   0,   0,   0))
         (( 160,   0, 160) ( 191,  31, 191) (   0,   0,   0))
         (( 160,  32,   0) ( 191,  63,  31) (   0,   0,   0))
         (( 160,  32,  32) ( 191,  63,  63) (   0,   0,   0))
         (( 160,  32,  64) ( 191,  63,  95) (   0,   0,   0))
         (( 160,  32,  96) ( 191,  63, 127) (   0,   0,   0))
         (( 160,  32, 128) ( 191,  63, 159) (   0,   0,   0))
         (( 160,  32, 160) ( 191,  63, 191) (   0,   0,   0))
         (( 160,  64,   0) ( 191,  95,  31) (   0,   0,   0))
         (( 160,  64,  32) ( 191,  95,  63) (   0,   0,   0))
         (( 160,  64,  64) ( 191,  95,  95) (   0,   0,   0))
         (( 160,  64,  96) ( 191,  95, 127) (   0,   0,   0))
         (( 160,  64, 128) ( 191,  95, 159) (   0,   0,   0))
         (( 160,  64, 160) ( 191,  95, 191) (   0,   0,   0))
         (( 160,  96,   0) ( 191, 127,  31) (   0,   0,   0))
         (( 160,  96,  32) ( 191, 127,  63) (   0,   0,   0))
         (( 160,  96,  64) ( 191, 127,  95) (   0,   0,   0))
         (( 160,  96,  96) ( 191, 127, 127) (   0,   0,   0))
         (( 160,  96, 128) ( 191, 127, 159) (   0,   0,   0))
         (( 160,  96, 160) ( 191, 127, 191) (   0,   0,   0))
         (( 160, 128,   0) ( 191, 159,  31) (   0,   0,   0))
         (( 160, 128,  32) ( 191, 159,  63) (   0,   0,   0))
         (( 160, 128,  64) ( 191, 159,  95) (   0,   0,   0))
         (( 160, 128,  96) ( 191, 159, 127) (   0,   0,   0))
         (( 160, 128, 128) ( 191, 159, 159) (   0,   0,   0))
         (( 160, 128, 160) ( 191, 159, 191) (   0,   0,   0))
         (( 160, 160,   0) ( 191, 191,  31) (   0,   0,   0))
         (( 160, 160,  32) ( 191, 191,  63) (   0,   0,   0))
         (( 160, 160,  64) ( 191, 191,  95) (   0,   0,   0))
         (( 160, 160,  96) ( 191, 191, 127) (   0,   0,   0))
         (( 160, 160, 128) ( 191, 191, 159) (   0,   0,   0))
         (( 160, 160, 160) ( 191, 191, 191) (   0,   0,   0))

1
   ((   0,   0,   0) ( 191, 191, 191) (   0,   0,   0))       48
         ((   0,   0,   0) (  63,  47,  47) (   0,   0,   0))
         ((   0,   0,  48) (  63,  47,  95) (   0,   0,   0))
         ((   0,   0,  96) (  63,  47, 143) (   0,   0,   0))
         ((   0,   0, 144) (  63,  47, 191) (   0,   0,   0))
         ((   0,  48,   0) (  63,  95,  47) (   0,   0,   0))
         ((   0,  48,  48) (  63,  95,  95) (   0,   0,   0))
         ((   0,  48,  96) (  63,  95, 143) (   0,   0,   0))
         ((   0,  48, 144) (  63,  95, 191) (   0,   0,   0))
         ((   0,  96,   0) (  63, 143,  47) (   0,   0,   0))
         ((   0,  96,  48) (  63, 143,  95) (   0,   0,   0))
         ((   0,  96,  96) (  63, 143, 143) (   0,   0,   0))
         ((   0,  96, 144) (  63, 143, 191) (   0,   0,   0))
         ((   0, 144,   0) (  63, 191,  47) (   0,   0,   0))
         ((   0, 144,  48) (  63, 191,  95) (   0,   0,   0))
         ((   0, 144,  96) (  63, 191, 143) (   0,   0,   0))
         ((   0, 144, 144) (  63, 191, 191) (   0,   0,   0))
         ((  64,   0,   0) ( 127,  47,  47) (   0,   0,   0))
         ((  64,   0,  48) ( 127,  47,  95) (   0,   0,   0))
         ((  64,   0,  96) ( 127,  47, 143) (   0,   0,   0))
         ((  64,   0, 144) ( 127,  47, 191) (   0,   0,   0))
         ((  64,  48,   0) ( 127,  95,  47) (   0,   0,   0))
         ((  64,  48,  48) ( 127,  95,  95) (   0,   0,   0))
         ((  64,  48,  96) ( 127,  95, 143) (   0,   0,   0))
         ((  64,  48, 144) ( 127,  95, 191) (   0,   0,   0))
         ((  64,  96,   0) ( 127, 143,  47) (   0,   0,   0))
         ((  64,  96,  48) ( 127, 143,  95) (   0,   0,   0))
         ((  64,  96,  96) ( 127, 143, 143) (   0,   0,   0))
         ((  64,  96, 144) ( 127, 143, 191) (   0,   0,   0))
         ((  64, 144,   0) ( 127, 191,  47) (   0,   0,   0))
         ((  64, 144,  48) ( 127, 191,  95) (   0,   0,   0))
         ((  64, 144,  96) ( 127, 191, 143) (   0,   0,   0))
         ((  64, 144, 144) ( 127, 191, 191) (   0,   0,   0))
         (( 128,   0,   0) ( 191,  47,  47) (   0,   0,   0))
         (( 128,   0,  48) ( 191,  47,  95) (   0,   0,   0))
         (( 128,   0,  96) ( 191,  47, 143) (   0,   0,   0))
         (( 128,   0, 144) ( 191,  47, 191) (   0,   0,   0))
         (( 128,  48,   0) ( 191,  95,  47) (   0,   0,   0))
         (( 128,  48,  48) ( 191,  95,  95) (   0,   0,   0))
         (( 128,  48,  96) ( 191,  95, 143) (   0,   0,   0))
         (( 128,  48, 144) ( 191,  95, 191) (   0,   0,   0))
         (( 128,  96,   0) ( 191, 143,  47) (   0,   0,   0))
         (( 128,  96,  48) ( 191, 143,  95) (   0,   0,   0))
         (( 128,  96,  96) ( 191, 143, 143) (   0,   0,   0))
         (( 128,  96, 144) ( 191, 143, 191) (   0,   0,   0))
         (( 128, 144,   0) ( 191, 191,  47) (   0,   0,   0))
         (( 128, 144,  48) ( 191, 191,  95) (   0,   0,   0))
         (( 128, 144,  96) ( 191, 191, 143) (   0,   0,   0))
         (( 128, 144, 144) ( 191, 191, 191) (   0,   0,   0))
