1
   ((  0,  0,  0) (383,383,383) (  0,  0,  0)) 1728
         ((  0,  0,  0) ( 31, 31, 31) (  0,  0,  0))
         ((  0,  0, 32) ( 31, 31, 63) (  0,  0,  0))
         ((  0,  0, 64) ( 31, 31, 95) (  0,  0,  0))
         ((  0,  0, 96) ( 31, 31,127) (  0,  0,  0))
         ((  0,  0,128) ( 31, 31,159) (  0,  0,  0))
         ((  0,  0,160) ( 31, 31,191) (  0,  0,  0))
         ((  0,  0,192) ( 31, 31,223) (  0,  0,  0))
         ((  0,  0,224) ( 31, 31,255) (  0,  0,  0))
         ((  0,  0,256) ( 31, 31,287) (  0,  0,  0))
         ((  0,  0,288) ( 31, 31,319) (  0,  0,  0))
         ((  0,  0,320) ( 31, 31,351) (  0,  0,  0))
         ((  0,  0,352) ( 31, 31,383) (  0,  0,  0))
         ((  0, 32,  0) ( 31, 63, 31) (  0,  0,  0))
         ((  0, 32, 32) ( 31, 63, 63) (  0,  0,  0))
         ((  0, 32, 64) ( 31, 63, 95) (  0,  0,  0))
         ((  0, 32, 96) ( 31, 63,127) (  0,  0,  0))
         ((  0, 32,128) ( 31, 63,159) (  0,  0,  0))
         ((  0, 32,160) ( 31, 63,191) (  0,  0,  0))
         ((  0, 32,192) ( 31, 63,223) (  0,  0,  0))
         ((  0, 32,224) ( 31, 63,255) (  0,  0,  0))
         ((  0, 32,256) ( 31, 63,287) (  0,  0,  0))
         ((  0, 32,288) ( 31, 63,319) (  0,  0,  0))
         ((  0, 32,320) ( 31, 63,351) (  0,  0,  0))
         ((  0, 32,352) ( 31, 63,383) (  0,  0,  0))
         ((  0, 64,  0) ( 31, 95, 31) (  0,  0,  0))
         ((  0, 64, 32) ( 31, 95, 63) (  0,  0,  0))
         ((  0, 64, 64) ( 31, 95, 95) (  0,  0,  0))
         ((  0, 64, 96) ( 31, 95,127) (  0,  0,  0))
         ((  0, 64,128) ( 31, 95,159) (  0,  0,  0))
         ((  0, 64,160) ( 31, 95,191) (  0,  0,  0))
         ((  0, 64,192) ( 31, 95,223) (  0,  0,  0))
         ((  0, 64,224) ( 31, 95,255) (  0,  0,  0))
         ((  0, 64,256) ( 31, 95,287) (  0,  0,  0))
         ((  0, 64,288) ( 31, 95,319) (  0,  0,  0))
         ((  0, 64,320) ( 31, 95,351) (  0,  0,  0))
         ((  0, 64,352) ( 31, 95,383) (  0,  0,  0))
         ((  0, 96,  0) ( 31,127, 31) (  0,  0,  0))
         ((  0, 96, 32) ( 31,127, 63) (  0,  0,  0))
         ((  0, 96, 64) ( 31,127, 95) (  0,  0,  0))
         ((  0, 96, 96) ( 31,127,127) (  0,  0,  0))
         ((  0, 96,128) ( 31,127,159) (  0,  0,  0))
         ((  0, 96,160) ( 31,127,191) (  0,  0,  0))
         ((  0, 96,192) ( 31,127,223) (  0,  0,  0))
         ((  0, 96,224) ( 31,127,255) (  0,  0,  0))
         ((  0, 96,256) ( 31,127,287) (  0,  0,  0))
         ((  0, 96,288) ( 31,127,319) (  0,  0,  0))
         ((  0, 96,320) ( 31,127,351) (  0,  0,  0))
         ((  0, 96,352) ( 31,127,383) (  0,  0,  0))
         ((  0,128,  0) ( 31,159, 31) (  0,  0,  0))
         ((  0,128, 32) ( 31,159, 63) (  0,  0,  0))
         ((  0,128, 64) ( 31,159, 95) (  0,  0,  0))
         ((  0,128, 96) ( 31,159,127) (  0,  0,  0))
         ((  0,128,128) ( 31,159,159) (  0,  0,  0))
         ((  0,128,160) ( 31,159,191) (  0,  0,  0))
         ((  0,128,192) ( 31,159,223) (  0,  0,  0))
         ((  0,128,224) ( 31,159,255) (  0,  0,  0))
         ((  0,128,256) ( 31,159,287) (  0,  0,  0))
         ((  0,128,288) ( 31,159,319) (  0,  0,  0))
         ((  0,128,320) ( 31,159,351) (  0,  0,  0))
         ((  0,128,352) ( 31,159,383) (  0,  0,  0))
         ((  0,160,  0) ( 31,191, 31) (  0,  0,  0))
         ((  0,160, 32) ( 31,191, 63) (  0,  0,  0))
         ((  0,160, 64) ( 31,191, 95) (  0,  0,  0))
         ((  0,160, 96) ( 31,191,127) (  0,  0,  0))
         ((  0,160,128) ( 31,191,159) (  0,  0,  0))
         ((  0,160,160) ( 31,191,191) (  0,  0,  0))
         ((  0,160,192) ( 31,191,223) (  0,  0,  0))
         ((  0,160,224) ( 31,191,255) (  0,  0,  0))
         ((  0,160,256) ( 31,191,287) (  0,  0,  0))
         ((  0,160,288) ( 31,191,319) (  0,  0,  0))
         ((  0,160,320) ( 31,191,351) (  0,  0,  0))
         ((  0,160,352) ( 31,191,383) (  0,  0,  0))
         ((  0,192,  0) ( 31,223, 31) (  0,  0,  0))
         ((  0,192, 32) ( 31,223, 63) (  0,  0,  0))
         ((  0,192, 64) ( 31,223, 95) (  0,  0,  0))
         ((  0,192, 96) ( 31,223,127) (  0,  0,  0))
         ((  0,192,128) ( 31,223,159) (  0,  0,  0))
         ((  0,192,160) ( 31,223,191) (  0,  0,  0))
         ((  0,192,192) ( 31,223,223) (  0,  0,  0))
         ((  0,192,224) ( 31,223,255) (  0,  0,  0))
         ((  0,192,256) ( 31,223,287) (  0,  0,  0))
         ((  0,192,288) ( 31,223,319) (  0,  0,  0))
         ((  0,192,320) ( 31,223,351) (  0,  0,  0))
         ((  0,192,352) ( 31,223,383) (  0,  0,  0))
         ((  0,224,  0) ( 31,255, 31) (  0,  0,  0))
         ((  0,224, 32) ( 31,255, 63) (  0,  0,  0))
         ((  0,224, 64) ( 31,255, 95) (  0,  0,  0))
         ((  0,224, 96) ( 31,255,127) (  0,  0,  0))
         ((  0,224,128) ( 31,255,159) (  0,  0,  0))
         ((  0,224,160) ( 31,255,191) (  0,  0,  0))
         ((  0,224,192) ( 31,255,223) (  0,  0,  0))
         ((  0,224,224) ( 31,255,255) (  0,  0,  0))
         ((  0,224,256) ( 31,255,287) (  0,  0,  0))
         ((  0,224,288) ( 31,255,319) (  0,  0,  0))
         ((  0,224,320) ( 31,255,351) (  0,  0,  0))
         ((  0,224,352) ( 31,255,383) (  0,  0,  0))
         ((  0,256,  0) ( 31,287, 31) (  0,  0,  0))
         ((  0,256, 32) ( 31,287, 63) (  0,  0,  0))
         ((  0,256, 64) ( 31,287, 95) (  0,  0,  0))
         ((  0,256, 96) ( 31,287,127) (  0,  0,  0))
         ((  0,256,128) ( 31,287,159) (  0,  0,  0))
         ((  0,256,160) ( 31,287,191) (  0,  0,  0))
         ((  0,256,192) ( 31,287,223) (  0,  0,  0))
         ((  0,256,224) ( 31,287,255) (  0,  0,  0))
         ((  0,256,256) ( 31,287,287) (  0,  0,  0))
         ((  0,256,288) ( 31,287,319) (  0,  0,  0))
         ((  0,256,320) ( 31,287,351) (  0,  0,  0))
         ((  0,256,352) ( 31,287,383) (  0,  0,  0))
         ((  0,288,  0) ( 31,319, 31) (  0,  0,  0))
         ((  0,288, 32) ( 31,319, 63) (  0,  0,  0))
         ((  0,288, 64) ( 31,319, 95) (  0,  0,  0))
         ((  0,288, 96) ( 31,319,127) (  0,  0,  0))
         ((  0,288,128) ( 31,319,159) (  0,  0,  0))
         ((  0,288,160) ( 31,319,191) (  0,  0,  0))
         ((  0,288,192) ( 31,319,223) (  0,  0,  0))
         ((  0,288,224) ( 31,319,255) (  0,  0,  0))
         ((  0,288,256) ( 31,319,287) (  0,  0,  0))
         ((  0,288,288) ( 31,319,319) (  0,  0,  0))
         ((  0,288,320) ( 31,319,351) (  0,  0,  0))
         ((  0,288,352) ( 31,319,383) (  0,  0,  0))
         ((  0,320,  0) ( 31,351, 31) (  0,  0,  0))
         ((  0,320, 32) ( 31,351, 63) (  0,  0,  0))
         ((  0,320, 64) ( 31,351, 95) (  0,  0,  0))
         ((  0,320, 96) ( 31,351,127) (  0,  0,  0))
         ((  0,320,128) ( 31,351,159) (  0,  0,  0))
         ((  0,320,160) ( 31,351,191) (  0,  0,  0))
         ((  0,320,192) ( 31,351,223) (  0,  0,  0))
         ((  0,320,224) ( 31,351,255) (  0,  0,  0))
         ((  0,320,256) ( 31,351,287) (  0,  0,  0))
         ((  0,320,288) ( 31,351,319) (  0,  0,  0))
         ((  0,320,320) ( 31,351,351) (  0,  0,  0))
         ((  0,320,352) ( 31,351,383) (  0,  0,  0))
         ((  0,352,  0) ( 31,383, 31) (  0,  0,  0))
         ((  0,352, 32) ( 31,383, 63) (  0,  0,  0))
         ((  0,352, 64) ( 31,383, 95) (  0,  0,  0))
         ((  0,352, 96) ( 31,383,127) (  0,  0,  0))
         ((  0,352,128) ( 31,383,159) (  0,  0,  0))
         ((  0,352,160) ( 31,383,191) (  0,  0,  0))
         ((  0,352,192) ( 31,383,223) (  0,  0,  0))
         ((  0,352,224) ( 31,383,255) (  0,  0,  0))
         ((  0,352,256) ( 31,383,287) (  0,  0,  0))
         ((  0,352,288) ( 31,383,319) (  0,  0,  0))
         ((  0,352,320) ( 31,383,351) (  0,  0,  0))
         ((  0,352,352) ( 31,383,383) (  0,  0,  0))
         (( 32,  0,  0) ( 63, 31, 31) (  0,  0,  0))
         (( 32,  0, 32) ( 63, 31, 63) (  0,  0,  0))
         (( 32,  0, 64) ( 63, 31, 95) (  0,  0,  0))
         (( 32,  0, 96) ( 63, 31,127) (  0,  0,  0))
         (( 32,  0,128) ( 63, 31,159) (  0,  0,  0))
         (( 32,  0,160) ( 63, 31,191) (  0,  0,  0))
         (( 32,  0,192) ( 63, 31,223) (  0,  0,  0))
         (( 32,  0,224) ( 63, 31,255) (  0,  0,  0))
         (( 32,  0,256) ( 63, 31,287) (  0,  0,  0))
         (( 32,  0,288) ( 63, 31,319) (  0,  0,  0))
         (( 32,  0,320) ( 63, 31,351) (  0,  0,  0))
         (( 32,  0,352) ( 63, 31,383) (  0,  0,  0))
         (( 32, 32,  0) ( 63, 63, 31) (  0,  0,  0))
         (( 32, 32, 32) ( 63, 63, 63) (  0,  0,  0))
         (( 32, 32, 64) ( 63, 63, 95) (  0,  0,  0))
         (( 32, 32, 96) ( 63, 63,127) (  0,  0,  0))
         (( 32, 32,128) ( 63, 63,159) (  0,  0,  0))
         (( 32, 32,160) ( 63, 63,191) (  0,  0,  0))
         (( 32, 32,192) ( 63, 63,223) (  0,  0,  0))
         (( 32, 32,224) ( 63, 63,255) (  0,  0,  0))
         (( 32, 32,256) ( 63, 63,287) (  0,  0,  0))
         (( 32, 32,288) ( 63, 63,319) (  0,  0,  0))
         (( 32, 32,320) ( 63, 63,351) (  0,  0,  0))
         (( 32, 32,352) ( 63, 63,383) (  0,  0,  0))
         (( 32, 64,  0) ( 63, 95, 31) (  0,  0,  0))
         (( 32, 64, 32) ( 63, 95, 63) (  0,  0,  0))
         (( 32, 64, 64) ( 63, 95, 95) (  0,  0,  0))
         (( 32, 64, 96) ( 63, 95,127) (  0,  0,  0))
         (( 32, 64,128) ( 63, 95,159) (  0,  0,  0))
         (( 32, 64,160) ( 63, 95,191) (  0,  0,  0))
         (( 32, 64,192) ( 63, 95,223) (  0,  0,  0))
         (( 32, 64,224) ( 63, 95,255) (  0,  0,  0))
         (( 32, 64,256) ( 63, 95,287) (  0,  0,  0))
         (( 32, 64,288) ( 63, 95,319) (  0,  0,  0))
         (( 32, 64,320) ( 63, 95,351) (  0,  0,  0))
         (( 32, 64,352) ( 63, 95,383) (  0,  0,  0))
         (( 32, 96,  0) ( 63,127, 31) (  0,  0,  0))
         (( 32, 96, 32) ( 63,127, 63) (  0,  0,  0))
         (( 32, 96, 64) ( 63,127, 95) (  0,  0,  0))
         (( 32, 96, 96) ( 63,127,127) (  0,  0,  0))
         (( 32, 96,128) ( 63,127,159) (  0,  0,  0))
         (( 32, 96,160) ( 63,127,191) (  0,  0,  0))
         (( 32, 96,192) ( 63,127,223) (  0,  0,  0))
         (( 32, 96,224) ( 63,127,255) (  0,  0,  0))
         (( 32, 96,256) ( 63,127,287) (  0,  0,  0))
         (( 32, 96,288) ( 63,127,319) (  0,  0,  0))
         (( 32, 96,320) ( 63,127,351) (  0,  0,  0))
         (( 32, 96,352) ( 63,127,383) (  0,  0,  0))
         (( 32,128,  0) ( 63,159, 31) (  0,  0,  0))
         (( 32,128, 32) ( 63,159, 63) (  0,  0,  0))
         (( 32,128, 64) ( 63,159, 95) (  0,  0,  0))
         (( 32,128, 96) ( 63,159,127) (  0,  0,  0))
         (( 32,128,128) ( 63,159,159) (  0,  0,  0))
         (( 32,128,160) ( 63,159,191) (  0,  0,  0))
         (( 32,128,192) ( 63,159,223) (  0,  0,  0))
         (( 32,128,224) ( 63,159,255) (  0,  0,  0))
         (( 32,128,256) ( 63,159,287) (  0,  0,  0))
         (( 32,128,288) ( 63,159,319) (  0,  0,  0))
         (( 32,128,320) ( 63,159,351) (  0,  0,  0))
         (( 32,128,352) ( 63,159,383) (  0,  0,  0))
         (( 32,160,  0) ( 63,191, 31) (  0,  0,  0))
         (( 32,160, 32) ( 63,191, 63) (  0,  0,  0))
         (( 32,160, 64) ( 63,191, 95) (  0,  0,  0))
         (( 32,160, 96) ( 63,191,127) (  0,  0,  0))
         (( 32,160,128) ( 63,191,159) (  0,  0,  0))
         (( 32,160,160) ( 63,191,191) (  0,  0,  0))
         (( 32,160,192) ( 63,191,223) (  0,  0,  0))
         (( 32,160,224) ( 63,191,255) (  0,  0,  0))
         (( 32,160,256) ( 63,191,287) (  0,  0,  0))
         (( 32,160,288) ( 63,191,319) (  0,  0,  0))
         (( 32,160,320) ( 63,191,351) (  0,  0,  0))
         (( 32,160,352) ( 63,191,383) (  0,  0,  0))
         (( 32,192,  0) ( 63,223, 31) (  0,  0,  0))
         (( 32,192, 32) ( 63,223, 63) (  0,  0,  0))
         (( 32,192, 64) ( 63,223, 95) (  0,  0,  0))
         (( 32,192, 96) ( 63,223,127) (  0,  0,  0))
         (( 32,192,128) ( 63,223,159) (  0,  0,  0))
         (( 32,192,160) ( 63,223,191) (  0,  0,  0))
         (( 32,192,192) ( 63,223,223) (  0,  0,  0))
         (( 32,192,224) ( 63,223,255) (  0,  0,  0))
         (( 32,192,256) ( 63,223,287) (  0,  0,  0))
         (( 32,192,288) ( 63,223,319) (  0,  0,  0))
         (( 32,192,320) ( 63,223,351) (  0,  0,  0))
         (( 32,192,352) ( 63,223,383) (  0,  0,  0))
         (( 32,224,  0) ( 63,255, 31) (  0,  0,  0))
         (( 32,224, 32) ( 63,255, 63) (  0,  0,  0))
         (( 32,224, 64) ( 63,255, 95) (  0,  0,  0))
         (( 32,224, 96) ( 63,255,127) (  0,  0,  0))
         (( 32,224,128) ( 63,255,159) (  0,  0,  0))
         (( 32,224,160) ( 63,255,191) (  0,  0,  0))
         (( 32,224,192) ( 63,255,223) (  0,  0,  0))
         (( 32,224,224) ( 63,255,255) (  0,  0,  0))
         (( 32,224,256) ( 63,255,287) (  0,  0,  0))
         (( 32,224,288) ( 63,255,319) (  0,  0,  0))
         (( 32,224,320) ( 63,255,351) (  0,  0,  0))
         (( 32,224,352) ( 63,255,383) (  0,  0,  0))
         (( 32,256,  0) ( 63,287, 31) (  0,  0,  0))
         (( 32,256, 32) ( 63,287, 63) (  0,  0,  0))
         (( 32,256, 64) ( 63,287, 95) (  0,  0,  0))
         (( 32,256, 96) ( 63,287,127) (  0,  0,  0))
         (( 32,256,128) ( 63,287,159) (  0,  0,  0))
         (( 32,256,160) ( 63,287,191) (  0,  0,  0))
         (( 32,256,192) ( 63,287,223) (  0,  0,  0))
         (( 32,256,224) ( 63,287,255) (  0,  0,  0))
         (( 32,256,256) ( 63,287,287) (  0,  0,  0))
         (( 32,256,288) ( 63,287,319) (  0,  0,  0))
         (( 32,256,320) ( 63,287,351) (  0,  0,  0))
         (( 32,256,352) ( 63,287,383) (  0,  0,  0))
         (( 32,288,  0) ( 63,319, 31) (  0,  0,  0))
         (( 32,288, 32) ( 63,319, 63) (  0,  0,  0))
         (( 32,288, 64) ( 63,319, 95) (  0,  0,  0))
         (( 32,288, 96) ( 63,319,127) (  0,  0,  0))
         (( 32,288,128) ( 63,319,159) (  0,  0,  0))
         (( 32,288,160) ( 63,319,191) (  0,  0,  0))
         (( 32,288,192) ( 63,319,223) (  0,  0,  0))
         (( 32,288,224) ( 63,319,255) (  0,  0,  0))
         (( 32,288,256) ( 63,319,287) (  0,  0,  0))
         (( 32,288,288) ( 63,319,319) (  0,  0,  0))
         (( 32,288,320) ( 63,319,351) (  0,  0,  0))
         (( 32,288,352) ( 63,319,383) (  0,  0,  0))
         (( 32,320,  0) ( 63,351, 31) (  0,  0,  0))
         (( 32,320, 32) ( 63,351, 63) (  0,  0,  0))
         (( 32,320, 64) ( 63,351, 95) (  0,  0,  0))
         (( 32,320, 96) ( 63,351,127) (  0,  0,  0))
         (( 32,320,128) ( 63,351,159) (  0,  0,  0))
         (( 32,320,160) ( 63,351,191) (  0,  0,  0))
         (( 32,320,192) ( 63,351,223) (  0,  0,  0))
         (( 32,320,224) ( 63,351,255) (  0,  0,  0))
         (( 32,320,256) ( 63,351,287) (  0,  0,  0))
         (( 32,320,288) ( 63,351,319) (  0,  0,  0))
         (( 32,320,320) ( 63,351,351) (  0,  0,  0))
         (( 32,320,352) ( 63,351,383) (  0,  0,  0))
         (( 32,352,  0) ( 63,383, 31) (  0,  0,  0))
         (( 32,352, 32) ( 63,383, 63) (  0,  0,  0))
         (( 32,352, 64) ( 63,383, 95) (  0,  0,  0))
         (( 32,352, 96) ( 63,383,127) (  0,  0,  0))
         (( 32,352,128) ( 63,383,159) (  0,  0,  0))
         (( 32,352,160) ( 63,383,191) (  0,  0,  0))
         (( 32,352,192) ( 63,383,223) (  0,  0,  0))
         (( 32,352,224) ( 63,383,255) (  0,  0,  0))
         (( 32,352,256) ( 63,383,287) (  0,  0,  0))
         (( 32,352,288) ( 63,383,319) (  0,  0,  0))
         (( 32,352,320) ( 63,383,351) (  0,  0,  0))
         (( 32,352,352) ( 63,383,383) (  0,  0,  0))
         (( 64,  0,  0) ( 95, 31, 31) (  0,  0,  0))
         (( 64,  0, 32) ( 95, 31, 63) (  0,  0,  0))
         (( 64,  0, 64) ( 95, 31, 95) (  0,  0,  0))
         (( 64,  0, 96) ( 95, 31,127) (  0,  0,  0))
         (( 64,  0,128) ( 95, 31,159) (  0,  0,  0))
         (( 64,  0,160) ( 95, 31,191) (  0,  0,  0))
         (( 64,  0,192) ( 95, 31,223) (  0,  0,  0))
         (( 64,  0,224) ( 95, 31,255) (  0,  0,  0))
         (( 64,  0,256) ( 95, 31,287) (  0,  0,  0))
         (( 64,  0,288) ( 95, 31,319) (  0,  0,  0))
         (( 64,  0,320) ( 95, 31,351) (  0,  0,  0))
         (( 64,  0,352) ( 95, 31,383) (  0,  0,  0))
         (( 64, 32,  0) ( 95, 63, 31) (  0,  0,  0))
         (( 64, 32, 32) ( 95, 63, 63) (  0,  0,  0))
         (( 64, 32, 64) ( 95, 63, 95) (  0,  0,  0))
         (( 64, 32, 96) ( 95, 63,127) (  0,  0,  0))
         (( 64, 32,128) ( 95, 63,159) (  0,  0,  0))
         (( 64, 32,160) ( 95, 63,191) (  0,  0,  0))
         (( 64, 32,192) ( 95, 63,223) (  0,  0,  0))
         (( 64, 32,224) ( 95, 63,255) (  0,  0,  0))
         (( 64, 32,256) ( 95, 63,287) (  0,  0,  0))
         (( 64, 32,288) ( 95, 63,319) (  0,  0,  0))
         (( 64, 32,320) ( 95, 63,351) (  0,  0,  0))
         (( 64, 32,352) ( 95, 63,383) (  0,  0,  0))
         (( 64, 64,  0) ( 95, 95, 31) (  0,  0,  0))
         (( 64, 64, 32) ( 95, 95, 63) (  0,  0,  0))
         (( 64, 64, 64) ( 95, 95, 95) (  0,  0,  0))
         (( 64, 64, 96) ( 95, 95,127) (  0,  0,  0))
         (( 64, 64,128) ( 95, 95,159) (  0,  0,  0))
         (( 64, 64,160) ( 95, 95,191) (  0,  0,  0))
         (( 64, 64,192) ( 95, 95,223) (  0,  0,  0))
         (( 64, 64,224) ( 95, 95,255) (  0,  0,  0))
         (( 64, 64,256) ( 95, 95,287) (  0,  0,  0))
         (( 64, 64,288) ( 95, 95,319) (  0,  0,  0))
         (( 64, 64,320) ( 95, 95,351) (  0,  0,  0))
         (( 64, 64,352) ( 95, 95,383) (  0,  0,  0))
         (( 64, 96,  0) ( 95,127, 31) (  0,  0,  0))
         (( 64, 96, 32) ( 95,127, 63) (  0,  0,  0))
         (( 64, 96, 64) ( 95,127, 95) (  0,  0,  0))
         (( 64, 96, 96) ( 95,127,127) (  0,  0,  0))
         (( 64, 96,128) ( 95,127,159) (  0,  0,  0))
         (( 64, 96,160) ( 95,127,191) (  0,  0,  0))
         (( 64, 96,192) ( 95,127,223) (  0,  0,  0))
         (( 64, 96,224) ( 95,127,255) (  0,  0,  0))
         (( 64, 96,256) ( 95,127,287) (  0,  0,  0))
         (( 64, 96,288) ( 95,127,319) (  0,  0,  0))
         (( 64, 96,320) ( 95,127,351) (  0,  0,  0))
         (( 64, 96,352) ( 95,127,383) (  0,  0,  0))
         (( 64,128,  0) ( 95,159, 31) (  0,  0,  0))
         (( 64,128, 32) ( 95,159, 63) (  0,  0,  0))
         (( 64,128, 64) ( 95,159, 95) (  0,  0,  0))
         (( 64,128, 96) ( 95,159,127) (  0,  0,  0))
         (( 64,128,128) ( 95,159,159) (  0,  0,  0))
         (( 64,128,160) ( 95,159,191) (  0,  0,  0))
         (( 64,128,192) ( 95,159,223) (  0,  0,  0))
         (( 64,128,224) ( 95,159,255) (  0,  0,  0))
         (( 64,128,256) ( 95,159,287) (  0,  0,  0))
         (( 64,128,288) ( 95,159,319) (  0,  0,  0))
         (( 64,128,320) ( 95,159,351) (  0,  0,  0))
         (( 64,128,352) ( 95,159,383) (  0,  0,  0))
         (( 64,160,  0) ( 95,191, 31) (  0,  0,  0))
         (( 64,160, 32) ( 95,191, 63) (  0,  0,  0))
         (( 64,160, 64) ( 95,191, 95) (  0,  0,  0))
         (( 64,160, 96) ( 95,191,127) (  0,  0,  0))
         (( 64,160,128) ( 95,191,159) (  0,  0,  0))
         (( 64,160,160) ( 95,191,191) (  0,  0,  0))
         (( 64,160,192) ( 95,191,223) (  0,  0,  0))
         (( 64,160,224) ( 95,191,255) (  0,  0,  0))
         (( 64,160,256) ( 95,191,287) (  0,  0,  0))
         (( 64,160,288) ( 95,191,319) (  0,  0,  0))
         (( 64,160,320) ( 95,191,351) (  0,  0,  0))
         (( 64,160,352) ( 95,191,383) (  0,  0,  0))
         (( 64,192,  0) ( 95,223, 31) (  0,  0,  0))
         (( 64,192, 32) ( 95,223, 63) (  0,  0,  0))
         (( 64,192, 64) ( 95,223, 95) (  0,  0,  0))
         (( 64,192, 96) ( 95,223,127) (  0,  0,  0))
         (( 64,192,128) ( 95,223,159) (  0,  0,  0))
         (( 64,192,160) ( 95,223,191) (  0,  0,  0))
         (( 64,192,192) ( 95,223,223) (  0,  0,  0))
         (( 64,192,224) ( 95,223,255) (  0,  0,  0))
         (( 64,192,256) ( 95,223,287) (  0,  0,  0))
         (( 64,192,288) ( 95,223,319) (  0,  0,  0))
         (( 64,192,320) ( 95,223,351) (  0,  0,  0))
         (( 64,192,352) ( 95,223,383) (  0,  0,  0))
         (( 64,224,  0) ( 95,255, 31) (  0,  0,  0))
         (( 64,224, 32) ( 95,255, 63) (  0,  0,  0))
         (( 64,224, 64) ( 95,255, 95) (  0,  0,  0))
         (( 64,224, 96) ( 95,255,127) (  0,  0,  0))
         (( 64,224,128) ( 95,255,159) (  0,  0,  0))
         (( 64,224,160) ( 95,255,191) (  0,  0,  0))
         (( 64,224,192) ( 95,255,223) (  0,  0,  0))
         (( 64,224,224) ( 95,255,255) (  0,  0,  0))
         (( 64,224,256) ( 95,255,287) (  0,  0,  0))
         (( 64,224,288) ( 95,255,319) (  0,  0,  0))
         (( 64,224,320) ( 95,255,351) (  0,  0,  0))
         (( 64,224,352) ( 95,255,383) (  0,  0,  0))
         (( 64,256,  0) ( 95,287, 31) (  0,  0,  0))
         (( 64,256, 32) ( 95,287, 63) (  0,  0,  0))
         (( 64,256, 64) ( 95,287, 95) (  0,  0,  0))
         (( 64,256, 96) ( 95,287,127) (  0,  0,  0))
         (( 64,256,128) ( 95,287,159) (  0,  0,  0))
         (( 64,256,160) ( 95,287,191) (  0,  0,  0))
         (( 64,256,192) ( 95,287,223) (  0,  0,  0))
         (( 64,256,224) ( 95,287,255) (  0,  0,  0))
         (( 64,256,256) ( 95,287,287) (  0,  0,  0))
         (( 64,256,288) ( 95,287,319) (  0,  0,  0))
         (( 64,256,320) ( 95,287,351) (  0,  0,  0))
         (( 64,256,352) ( 95,287,383) (  0,  0,  0))
         (( 64,288,  0) ( 95,319, 31) (  0,  0,  0))
         (( 64,288, 32) ( 95,319, 63) (  0,  0,  0))
         (( 64,288, 64) ( 95,319, 95) (  0,  0,  0))
         (( 64,288, 96) ( 95,319,127) (  0,  0,  0))
         (( 64,288,128) ( 95,319,159) (  0,  0,  0))
         (( 64,288,160) ( 95,319,191) (  0,  0,  0))
         (( 64,288,192) ( 95,319,223) (  0,  0,  0))
         (( 64,288,224) ( 95,319,255) (  0,  0,  0))
         (( 64,288,256) ( 95,319,287) (  0,  0,  0))
         (( 64,288,288) ( 95,319,319) (  0,  0,  0))
         (( 64,288,320) ( 95,319,351) (  0,  0,  0))
         (( 64,288,352) ( 95,319,383) (  0,  0,  0))
         (( 64,320,  0) ( 95,351, 31) (  0,  0,  0))
         (( 64,320, 32) ( 95,351, 63) (  0,  0,  0))
         (( 64,320, 64) ( 95,351, 95) (  0,  0,  0))
         (( 64,320, 96) ( 95,351,127) (  0,  0,  0))
         (( 64,320,128) ( 95,351,159) (  0,  0,  0))
         (( 64,320,160) ( 95,351,191) (  0,  0,  0))
         (( 64,320,192) ( 95,351,223) (  0,  0,  0))
         (( 64,320,224) ( 95,351,255) (  0,  0,  0))
         (( 64,320,256) ( 95,351,287) (  0,  0,  0))
         (( 64,320,288) ( 95,351,319) (  0,  0,  0))
         (( 64,320,320) ( 95,351,351) (  0,  0,  0))
         (( 64,320,352) ( 95,351,383) (  0,  0,  0))
         (( 64,352,  0) ( 95,383, 31) (  0,  0,  0))
         (( 64,352, 32) ( 95,383, 63) (  0,  0,  0))
         (( 64,352, 64) ( 95,383, 95) (  0,  0,  0))
         (( 64,352, 96) ( 95,383,127) (  0,  0,  0))
         (( 64,352,128) ( 95,383,159) (  0,  0,  0))
         (( 64,352,160) ( 95,383,191) (  0,  0,  0))
         (( 64,352,192) ( 95,383,223) (  0,  0,  0))
         (( 64,352,224) ( 95,383,255) (  0,  0,  0))
         (( 64,352,256) ( 95,383,287) (  0,  0,  0))
         (( 64,352,288) ( 95,383,319) (  0,  0,  0))
         (( 64,352,320) ( 95,383,351) (  0,  0,  0))
         (( 64,352,352) ( 95,383,383) (  0,  0,  0))
         (( 96,  0,  0) (127, 31, 31) (  0,  0,  0))
         (( 96,  0, 32) (127, 31, 63) (  0,  0,  0))
         (( 96,  0, 64) (127, 31, 95) (  0,  0,  0))
         (( 96,  0, 96) (127, 31,127) (  0,  0,  0))
         (( 96,  0,128) (127, 31,159) (  0,  0,  0))
         (( 96,  0,160) (127, 31,191) (  0,  0,  0))
         (( 96,  0,192) (127, 31,223) (  0,  0,  0))
         (( 96,  0,224) (127, 31,255) (  0,  0,  0))
         (( 96,  0,256) (127, 31,287) (  0,  0,  0))
         (( 96,  0,288) (127, 31,319) (  0,  0,  0))
         (( 96,  0,320) (127, 31,351) (  0,  0,  0))
         (( 96,  0,352) (127, 31,383) (  0,  0,  0))
         (( 96, 32,  0) (127, 63, 31) (  0,  0,  0))
         (( 96, 32, 32) (127, 63, 63) (  0,  0,  0))
         (( 96, 32, 64) (127, 63, 95) (  0,  0,  0))
         (( 96, 32, 96) (127, 63,127) (  0,  0,  0))
         (( 96, 32,128) (127, 63,159) (  0,  0,  0))
         (( 96, 32,160) (127, 63,191) (  0,  0,  0))
         (( 96, 32,192) (127, 63,223) (  0,  0,  0))
         (( 96, 32,224) (127, 63,255) (  0,  0,  0))
         (( 96, 32,256) (127, 63,287) (  0,  0,  0))
         (( 96, 32,288) (127, 63,319) (  0,  0,  0))
         (( 96, 32,320) (127, 63,351) (  0,  0,  0))
         (( 96, 32,352) (127, 63,383) (  0,  0,  0))
         (( 96, 64,  0) (127, 95, 31) (  0,  0,  0))
         (( 96, 64, 32) (127, 95, 63) (  0,  0,  0))
         (( 96, 64, 64) (127, 95, 95) (  0,  0,  0))
         (( 96, 64, 96) (127, 95,127) (  0,  0,  0))
         (( 96, 64,128) (127, 95,159) (  0,  0,  0))
         (( 96, 64,160) (127, 95,191) (  0,  0,  0))
         (( 96, 64,192) (127, 95,223) (  0,  0,  0))
         (( 96, 64,224) (127, 95,255) (  0,  0,  0))
         (( 96, 64,256) (127, 95,287) (  0,  0,  0))
         (( 96, 64,288) (127, 95,319) (  0,  0,  0))
         (( 96, 64,320) (127, 95,351) (  0,  0,  0))
         (( 96, 64,352) (127, 95,383) (  0,  0,  0))
         (( 96, 96,  0) (127,127, 31) (  0,  0,  0))
         (( 96, 96, 32) (127,127, 63) (  0,  0,  0))
         (( 96, 96, 64) (127,127, 95) (  0,  0,  0))
         (( 96, 96, 96) (127,127,127) (  0,  0,  0))
         (( 96, 96,128) (127,127,159) (  0,  0,  0))
         (( 96, 96,160) (127,127,191) (  0,  0,  0))
         (( 96, 96,192) (127,127,223) (  0,  0,  0))
         (( 96, 96,224) (127,127,255) (  0,  0,  0))
         (( 96, 96,256) (127,127,287) (  0,  0,  0))
         (( 96, 96,288) (127,127,319) (  0,  0,  0))
         (( 96, 96,320) (127,127,351) (  0,  0,  0))
         (( 96, 96,352) (127,127,383) (  0,  0,  0))
         (( 96,128,  0) (127,159, 31) (  0,  0,  0))
         (( 96,128, 32) (127,159, 63) (  0,  0,  0))
         (( 96,128, 64) (127,159, 95) (  0,  0,  0))
         (( 96,128, 96) (127,159,127) (  0,  0,  0))
         (( 96,128,128) (127,159,159) (  0,  0,  0))
         (( 96,128,160) (127,159,191) (  0,  0,  0))
         (( 96,128,192) (127,159,223) (  0,  0,  0))
         (( 96,128,224) (127,159,255) (  0,  0,  0))
         (( 96,128,256) (127,159,287) (  0,  0,  0))
         (( 96,128,288) (127,159,319) (  0,  0,  0))
         (( 96,128,320) (127,159,351) (  0,  0,  0))
         (( 96,128,352) (127,159,383) (  0,  0,  0))
         (( 96,160,  0) (127,191, 31) (  0,  0,  0))
         (( 96,160, 32) (127,191, 63) (  0,  0,  0))
         (( 96,160, 64) (127,191, 95) (  0,  0,  0))
         (( 96,160, 96) (127,191,127) (  0,  0,  0))
         (( 96,160,128) (127,191,159) (  0,  0,  0))
         (( 96,160,160) (127,191,191) (  0,  0,  0))
         (( 96,160,192) (127,191,223) (  0,  0,  0))
         (( 96,160,224) (127,191,255) (  0,  0,  0))
         (( 96,160,256) (127,191,287) (  0,  0,  0))
         (( 96,160,288) (127,191,319) (  0,  0,  0))
         (( 96,160,320) (127,191,351) (  0,  0,  0))
         (( 96,160,352) (127,191,383) (  0,  0,  0))
         (( 96,192,  0) (127,223, 31) (  0,  0,  0))
         (( 96,192, 32) (127,223, 63) (  0,  0,  0))
         (( 96,192, 64) (127,223, 95) (  0,  0,  0))
         (( 96,192, 96) (127,223,127) (  0,  0,  0))
         (( 96,192,128) (127,223,159) (  0,  0,  0))
         (( 96,192,160) (127,223,191) (  0,  0,  0))
         (( 96,192,192) (127,223,223) (  0,  0,  0))
         (( 96,192,224) (127,223,255) (  0,  0,  0))
         (( 96,192,256) (127,223,287) (  0,  0,  0))
         (( 96,192,288) (127,223,319) (  0,  0,  0))
         (( 96,192,320) (127,223,351) (  0,  0,  0))
         (( 96,192,352) (127,223,383) (  0,  0,  0))
         (( 96,224,  0) (127,255, 31) (  0,  0,  0))
         (( 96,224, 32) (127,255, 63) (  0,  0,  0))
         (( 96,224, 64) (127,255, 95) (  0,  0,  0))
         (( 96,224, 96) (127,255,127) (  0,  0,  0))
         (( 96,224,128) (127,255,159) (  0,  0,  0))
         (( 96,224,160) (127,255,191) (  0,  0,  0))
         (( 96,224,192) (127,255,223) (  0,  0,  0))
         (( 96,224,224) (127,255,255) (  0,  0,  0))
         (( 96,224,256) (127,255,287) (  0,  0,  0))
         (( 96,224,288) (127,255,319) (  0,  0,  0))
         (( 96,224,320) (127,255,351) (  0,  0,  0))
         (( 96,224,352) (127,255,383) (  0,  0,  0))
         (( 96,256,  0) (127,287, 31) (  0,  0,  0))
         (( 96,256, 32) (127,287, 63) (  0,  0,  0))
         (( 96,256, 64) (127,287, 95) (  0,  0,  0))
         (( 96,256, 96) (127,287,127) (  0,  0,  0))
         (( 96,256,128) (127,287,159) (  0,  0,  0))
         (( 96,256,160) (127,287,191) (  0,  0,  0))
         (( 96,256,192) (127,287,223) (  0,  0,  0))
         (( 96,256,224) (127,287,255) (  0,  0,  0))
         (( 96,256,256) (127,287,287) (  0,  0,  0))
         (( 96,256,288) (127,287,319) (  0,  0,  0))
         (( 96,256,320) (127,287,351) (  0,  0,  0))
         (( 96,256,352) (127,287,383) (  0,  0,  0))
         (( 96,288,  0) (127,319, 31) (  0,  0,  0))
         (( 96,288, 32) (127,319, 63) (  0,  0,  0))
         (( 96,288, 64) (127,319, 95) (  0,  0,  0))
         (( 96,288, 96) (127,319,127) (  0,  0,  0))
         (( 96,288,128) (127,319,159) (  0,  0,  0))
         (( 96,288,160) (127,319,191) (  0,  0,  0))
         (( 96,288,192) (127,319,223) (  0,  0,  0))
         (( 96,288,224) (127,319,255) (  0,  0,  0))
         (( 96,288,256) (127,319,287) (  0,  0,  0))
         (( 96,288,288) (127,319,319) (  0,  0,  0))
         (( 96,288,320) (127,319,351) (  0,  0,  0))
         (( 96,288,352) (127,319,383) (  0,  0,  0))
         (( 96,320,  0) (127,351, 31) (  0,  0,  0))
         (( 96,320, 32) (127,351, 63) (  0,  0,  0))
         (( 96,320, 64) (127,351, 95) (  0,  0,  0))
         (( 96,320, 96) (127,351,127) (  0,  0,  0))
         (( 96,320,128) (127,351,159) (  0,  0,  0))
         (( 96,320,160) (127,351,191) (  0,  0,  0))
         (( 96,320,192) (127,351,223) (  0,  0,  0))
         (( 96,320,224) (127,351,255) (  0,  0,  0))
         (( 96,320,256) (127,351,287) (  0,  0,  0))
         (( 96,320,288) (127,351,319) (  0,  0,  0))
         (( 96,320,320) (127,351,351) (  0,  0,  0))
         (( 96,320,352) (127,351,383) (  0,  0,  0))
         (( 96,352,  0) (127,383, 31) (  0,  0,  0))
         (( 96,352, 32) (127,383, 63) (  0,  0,  0))
         (( 96,352, 64) (127,383, 95) (  0,  0,  0))
         (( 96,352, 96) (127,383,127) (  0,  0,  0))
         (( 96,352,128) (127,383,159) (  0,  0,  0))
         (( 96,352,160) (127,383,191) (  0,  0,  0))
         (( 96,352,192) (127,383,223) (  0,  0,  0))
         (( 96,352,224) (127,383,255) (  0,  0,  0))
         (( 96,352,256) (127,383,287) (  0,  0,  0))
         (( 96,352,288) (127,383,319) (  0,  0,  0))
         (( 96,352,320) (127,383,351) (  0,  0,  0))
         (( 96,352,352) (127,383,383) (  0,  0,  0))
         ((128,  0,  0) (159, 31, 31) (  0,  0,  0))
         ((128,  0, 32) (159, 31, 63) (  0,  0,  0))
         ((128,  0, 64) (159, 31, 95) (  0,  0,  0))
         ((128,  0, 96) (159, 31,127) (  0,  0,  0))
         ((128,  0,128) (159, 31,159) (  0,  0,  0))
         ((128,  0,160) (159, 31,191) (  0,  0,  0))
         ((128,  0,192) (159, 31,223) (  0,  0,  0))
         ((128,  0,224) (159, 31,255) (  0,  0,  0))
         ((128,  0,256) (159, 31,287) (  0,  0,  0))
         ((128,  0,288) (159, 31,319) (  0,  0,  0))
         ((128,  0,320) (159, 31,351) (  0,  0,  0))
         ((128,  0,352) (159, 31,383) (  0,  0,  0))
         ((128, 32,  0) (159, 63, 31) (  0,  0,  0))
         ((128, 32, 32) (159, 63, 63) (  0,  0,  0))
         ((128, 32, 64) (159, 63, 95) (  0,  0,  0))
         ((128, 32, 96) (159, 63,127) (  0,  0,  0))
         ((128, 32,128) (159, 63,159) (  0,  0,  0))
         ((128, 32,160) (159, 63,191) (  0,  0,  0))
         ((128, 32,192) (159, 63,223) (  0,  0,  0))
         ((128, 32,224) (159, 63,255) (  0,  0,  0))
         ((128, 32,256) (159, 63,287) (  0,  0,  0))
         ((128, 32,288) (159, 63,319) (  0,  0,  0))
         ((128, 32,320) (159, 63,351) (  0,  0,  0))
         ((128, 32,352) (159, 63,383) (  0,  0,  0))
         ((128, 64,  0) (159, 95, 31) (  0,  0,  0))
         ((128, 64, 32) (159, 95, 63) (  0,  0,  0))
         ((128, 64, 64) (159, 95, 95) (  0,  0,  0))
         ((128, 64, 96) (159, 95,127) (  0,  0,  0))
         ((128, 64,128) (159, 95,159) (  0,  0,  0))
         ((128, 64,160) (159, 95,191) (  0,  0,  0))
         ((128, 64,192) (159, 95,223) (  0,  0,  0))
         ((128, 64,224) (159, 95,255) (  0,  0,  0))
         ((128, 64,256) (159, 95,287) (  0,  0,  0))
         ((128, 64,288) (159, 95,319) (  0,  0,  0))
         ((128, 64,320) (159, 95,351) (  0,  0,  0))
         ((128, 64,352) (159, 95,383) (  0,  0,  0))
         ((128, 96,  0) (159,127, 31) (  0,  0,  0))
         ((128, 96, 32) (159,127, 63) (  0,  0,  0))
         ((128, 96, 64) (159,127, 95) (  0,  0,  0))
         ((128, 96, 96) (159,127,127) (  0,  0,  0))
         ((128, 96,128) (159,127,159) (  0,  0,  0))
         ((128, 96,160) (159,127,191) (  0,  0,  0))
         ((128, 96,192) (159,127,223) (  0,  0,  0))
         ((128, 96,224) (159,127,255) (  0,  0,  0))
         ((128, 96,256) (159,127,287) (  0,  0,  0))
         ((128, 96,288) (159,127,319) (  0,  0,  0))
         ((128, 96,320) (159,127,351) (  0,  0,  0))
         ((128, 96,352) (159,127,383) (  0,  0,  0))
         ((128,128,  0) (159,159, 31) (  0,  0,  0))
         ((128,128, 32) (159,159, 63) (  0,  0,  0))
         ((128,128, 64) (159,159, 95) (  0,  0,  0))
         ((128,128, 96) (159,159,127) (  0,  0,  0))
         ((128,128,128) (159,159,159) (  0,  0,  0))
         ((128,128,160) (159,159,191) (  0,  0,  0))
         ((128,128,192) (159,159,223) (  0,  0,  0))
         ((128,128,224) (159,159,255) (  0,  0,  0))
         ((128,128,256) (159,159,287) (  0,  0,  0))
         ((128,128,288) (159,159,319) (  0,  0,  0))
         ((128,128,320) (159,159,351) (  0,  0,  0))
         ((128,128,352) (159,159,383) (  0,  0,  0))
         ((128,160,  0) (159,191, 31) (  0,  0,  0))
         ((128,160, 32) (159,191, 63) (  0,  0,  0))
         ((128,160, 64) (159,191, 95) (  0,  0,  0))
         ((128,160, 96) (159,191,127) (  0,  0,  0))
         ((128,160,128) (159,191,159) (  0,  0,  0))
         ((128,160,160) (159,191,191) (  0,  0,  0))
         ((128,160,192) (159,191,223) (  0,  0,  0))
         ((128,160,224) (159,191,255) (  0,  0,  0))
         ((128,160,256) (159,191,287) (  0,  0,  0))
         ((128,160,288) (159,191,319) (  0,  0,  0))
         ((128,160,320) (159,191,351) (  0,  0,  0))
         ((128,160,352) (159,191,383) (  0,  0,  0))
         ((128,192,  0) (159,223, 31) (  0,  0,  0))
         ((128,192, 32) (159,223, 63) (  0,  0,  0))
         ((128,192, 64) (159,223, 95) (  0,  0,  0))
         ((128,192, 96) (159,223,127) (  0,  0,  0))
         ((128,192,128) (159,223,159) (  0,  0,  0))
         ((128,192,160) (159,223,191) (  0,  0,  0))
         ((128,192,192) (159,223,223) (  0,  0,  0))
         ((128,192,224) (159,223,255) (  0,  0,  0))
         ((128,192,256) (159,223,287) (  0,  0,  0))
         ((128,192,288) (159,223,319) (  0,  0,  0))
         ((128,192,320) (159,223,351) (  0,  0,  0))
         ((128,192,352) (159,223,383) (  0,  0,  0))
         ((128,224,  0) (159,255, 31) (  0,  0,  0))
         ((128,224, 32) (159,255, 63) (  0,  0,  0))
         ((128,224, 64) (159,255, 95) (  0,  0,  0))
         ((128,224, 96) (159,255,127) (  0,  0,  0))
         ((128,224,128) (159,255,159) (  0,  0,  0))
         ((128,224,160) (159,255,191) (  0,  0,  0))
         ((128,224,192) (159,255,223) (  0,  0,  0))
         ((128,224,224) (159,255,255) (  0,  0,  0))
         ((128,224,256) (159,255,287) (  0,  0,  0))
         ((128,224,288) (159,255,319) (  0,  0,  0))
         ((128,224,320) (159,255,351) (  0,  0,  0))
         ((128,224,352) (159,255,383) (  0,  0,  0))
         ((128,256,  0) (159,287, 31) (  0,  0,  0))
         ((128,256, 32) (159,287, 63) (  0,  0,  0))
         ((128,256, 64) (159,287, 95) (  0,  0,  0))
         ((128,256, 96) (159,287,127) (  0,  0,  0))
         ((128,256,128) (159,287,159) (  0,  0,  0))
         ((128,256,160) (159,287,191) (  0,  0,  0))
         ((128,256,192) (159,287,223) (  0,  0,  0))
         ((128,256,224) (159,287,255) (  0,  0,  0))
         ((128,256,256) (159,287,287) (  0,  0,  0))
         ((128,256,288) (159,287,319) (  0,  0,  0))
         ((128,256,320) (159,287,351) (  0,  0,  0))
         ((128,256,352) (159,287,383) (  0,  0,  0))
         ((128,288,  0) (159,319, 31) (  0,  0,  0))
         ((128,288, 32) (159,319, 63) (  0,  0,  0))
         ((128,288, 64) (159,319, 95) (  0,  0,  0))
         ((128,288, 96) (159,319,127) (  0,  0,  0))
         ((128,288,128) (159,319,159) (  0,  0,  0))
         ((128,288,160) (159,319,191) (  0,  0,  0))
         ((128,288,192) (159,319,223) (  0,  0,  0))
         ((128,288,224) (159,319,255) (  0,  0,  0))
         ((128,288,256) (159,319,287) (  0,  0,  0))
         ((128,288,288) (159,319,319) (  0,  0,  0))
         ((128,288,320) (159,319,351) (  0,  0,  0))
         ((128,288,352) (159,319,383) (  0,  0,  0))
         ((128,320,  0) (159,351, 31) (  0,  0,  0))
         ((128,320, 32) (159,351, 63) (  0,  0,  0))
         ((128,320, 64) (159,351, 95) (  0,  0,  0))
         ((128,320, 96) (159,351,127) (  0,  0,  0))
         ((128,320,128) (159,351,159) (  0,  0,  0))
         ((128,320,160) (159,351,191) (  0,  0,  0))
         ((128,320,192) (159,351,223) (  0,  0,  0))
         ((128,320,224) (159,351,255) (  0,  0,  0))
         ((128,320,256) (159,351,287) (  0,  0,  0))
         ((128,320,288) (159,351,319) (  0,  0,  0))
         ((128,320,320) (159,351,351) (  0,  0,  0))
         ((128,320,352) (159,351,383) (  0,  0,  0))
         ((128,352,  0) (159,383, 31) (  0,  0,  0))
         ((128,352, 32) (159,383, 63) (  0,  0,  0))
         ((128,352, 64) (159,383, 95) (  0,  0,  0))
         ((128,352, 96) (159,383,127) (  0,  0,  0))
         ((128,352,128) (159,383,159) (  0,  0,  0))
         ((128,352,160) (159,383,191) (  0,  0,  0))
         ((128,352,192) (159,383,223) (  0,  0,  0))
         ((128,352,224) (159,383,255) (  0,  0,  0))
         ((128,352,256) (159,383,287) (  0,  0,  0))
         ((128,352,288) (159,383,319) (  0,  0,  0))
         ((128,352,320) (159,383,351) (  0,  0,  0))
         ((128,352,352) (159,383,383) (  0,  0,  0))
         ((160,  0,  0) (191, 31, 31) (  0,  0,  0))
         ((160,  0, 32) (191, 31, 63) (  0,  0,  0))
         ((160,  0, 64) (191, 31, 95) (  0,  0,  0))
         ((160,  0, 96) (191, 31,127) (  0,  0,  0))
         ((160,  0,128) (191, 31,159) (  0,  0,  0))
         ((160,  0,160) (191, 31,191) (  0,  0,  0))
         ((160,  0,192) (191, 31,223) (  0,  0,  0))
         ((160,  0,224) (191, 31,255) (  0,  0,  0))
         ((160,  0,256) (191, 31,287) (  0,  0,  0))
         ((160,  0,288) (191, 31,319) (  0,  0,  0))
         ((160,  0,320) (191, 31,351) (  0,  0,  0))
         ((160,  0,352) (191, 31,383) (  0,  0,  0))
         ((160, 32,  0) (191, 63, 31) (  0,  0,  0))
         ((160, 32, 32) (191, 63, 63) (  0,  0,  0))
         ((160, 32, 64) (191, 63, 95) (  0,  0,  0))
         ((160, 32, 96) (191, 63,127) (  0,  0,  0))
         ((160, 32,128) (191, 63,159) (  0,  0,  0))
         ((160, 32,160) (191, 63,191) (  0,  0,  0))
         ((160, 32,192) (191, 63,223) (  0,  0,  0))
         ((160, 32,224) (191, 63,255) (  0,  0,  0))
         ((160, 32,256) (191, 63,287) (  0,  0,  0))
         ((160, 32,288) (191, 63,319) (  0,  0,  0))
         ((160, 32,320) (191, 63,351) (  0,  0,  0))
         ((160, 32,352) (191, 63,383) (  0,  0,  0))
         ((160, 64,  0) (191, 95, 31) (  0,  0,  0))
         ((160, 64, 32) (191, 95, 63) (  0,  0,  0))
         ((160, 64, 64) (191, 95, 95) (  0,  0,  0))
         ((160, 64, 96) (191, 95,127) (  0,  0,  0))
         ((160, 64,128) (191, 95,159) (  0,  0,  0))
         ((160, 64,160) (191, 95,191) (  0,  0,  0))
         ((160, 64,192) (191, 95,223) (  0,  0,  0))
         ((160, 64,224) (191, 95,255) (  0,  0,  0))
         ((160, 64,256) (191, 95,287) (  0,  0,  0))
         ((160, 64,288) (191, 95,319) (  0,  0,  0))
         ((160, 64,320) (191, 95,351) (  0,  0,  0))
         ((160, 64,352) (191, 95,383) (  0,  0,  0))
         ((160, 96,  0) (191,127, 31) (  0,  0,  0))
         ((160, 96, 32) (191,127, 63) (  0,  0,  0))
         ((160, 96, 64) (191,127, 95) (  0,  0,  0))
         ((160, 96, 96) (191,127,127) (  0,  0,  0))
         ((160, 96,128) (191,127,159) (  0,  0,  0))
         ((160, 96,160) (191,127,191) (  0,  0,  0))
         ((160, 96,192) (191,127,223) (  0,  0,  0))
         ((160, 96,224) (191,127,255) (  0,  0,  0))
         ((160, 96,256) (191,127,287) (  0,  0,  0))
         ((160, 96,288) (191,127,319) (  0,  0,  0))
         ((160, 96,320) (191,127,351) (  0,  0,  0))
         ((160, 96,352) (191,127,383) (  0,  0,  0))
         ((160,128,  0) (191,159, 31) (  0,  0,  0))
         ((160,128, 32) (191,159, 63) (  0,  0,  0))
         ((160,128, 64) (191,159, 95) (  0,  0,  0))
         ((160,128, 96) (191,159,127) (  0,  0,  0))
         ((160,128,128) (191,159,159) (  0,  0,  0))
         ((160,128,160) (191,159,191) (  0,  0,  0))
         ((160,128,192) (191,159,223) (  0,  0,  0))
         ((160,128,224) (191,159,255) (  0,  0,  0))
         ((160,128,256) (191,159,287) (  0,  0,  0))
         ((160,128,288) (191,159,319) (  0,  0,  0))
         ((160,128,320) (191,159,351) (  0,  0,  0))
         ((160,128,352) (191,159,383) (  0,  0,  0))
         ((160,160,  0) (191,191, 31) (  0,  0,  0))
         ((160,160, 32) (191,191, 63) (  0,  0,  0))
         ((160,160, 64) (191,191, 95) (  0,  0,  0))
         ((160,160, 96) (191,191,127) (  0,  0,  0))
         ((160,160,128) (191,191,159) (  0,  0,  0))
         ((160,160,160) (191,191,191) (  0,  0,  0))
         ((160,160,192) (191,191,223) (  0,  0,  0))
         ((160,160,224) (191,191,255) (  0,  0,  0))
         ((160,160,256) (191,191,287) (  0,  0,  0))
         ((160,160,288) (191,191,319) (  0,  0,  0))
         ((160,160,320) (191,191,351) (  0,  0,  0))
         ((160,160,352) (191,191,383) (  0,  0,  0))
         ((160,192,  0) (191,223, 31) (  0,  0,  0))
         ((160,192, 32) (191,223, 63) (  0,  0,  0))
         ((160,192, 64) (191,223, 95) (  0,  0,  0))
         ((160,192, 96) (191,223,127) (  0,  0,  0))
         ((160,192,128) (191,223,159) (  0,  0,  0))
         ((160,192,160) (191,223,191) (  0,  0,  0))
         ((160,192,192) (191,223,223) (  0,  0,  0))
         ((160,192,224) (191,223,255) (  0,  0,  0))
         ((160,192,256) (191,223,287) (  0,  0,  0))
         ((160,192,288) (191,223,319) (  0,  0,  0))
         ((160,192,320) (191,223,351) (  0,  0,  0))
         ((160,192,352) (191,223,383) (  0,  0,  0))
         ((160,224,  0) (191,255, 31) (  0,  0,  0))
         ((160,224, 32) (191,255, 63) (  0,  0,  0))
         ((160,224, 64) (191,255, 95) (  0,  0,  0))
         ((160,224, 96) (191,255,127) (  0,  0,  0))
         ((160,224,128) (191,255,159) (  0,  0,  0))
         ((160,224,160) (191,255,191) (  0,  0,  0))
         ((160,224,192) (191,255,223) (  0,  0,  0))
         ((160,224,224) (191,255,255) (  0,  0,  0))
         ((160,224,256) (191,255,287) (  0,  0,  0))
         ((160,224,288) (191,255,319) (  0,  0,  0))
         ((160,224,320) (191,255,351) (  0,  0,  0))
         ((160,224,352) (191,255,383) (  0,  0,  0))
         ((160,256,  0) (191,287, 31) (  0,  0,  0))
         ((160,256, 32) (191,287, 63) (  0,  0,  0))
         ((160,256, 64) (191,287, 95) (  0,  0,  0))
         ((160,256, 96) (191,287,127) (  0,  0,  0))
         ((160,256,128) (191,287,159) (  0,  0,  0))
         ((160,256,160) (191,287,191) (  0,  0,  0))
         ((160,256,192) (191,287,223) (  0,  0,  0))
         ((160,256,224) (191,287,255) (  0,  0,  0))
         ((160,256,256) (191,287,287) (  0,  0,  0))
         ((160,256,288) (191,287,319) (  0,  0,  0))
         ((160,256,320) (191,287,351) (  0,  0,  0))
         ((160,256,352) (191,287,383) (  0,  0,  0))
         ((160,288,  0) (191,319, 31) (  0,  0,  0))
         ((160,288, 32) (191,319, 63) (  0,  0,  0))
         ((160,288, 64) (191,319, 95) (  0,  0,  0))
         ((160,288, 96) (191,319,127) (  0,  0,  0))
         ((160,288,128) (191,319,159) (  0,  0,  0))
         ((160,288,160) (191,319,191) (  0,  0,  0))
         ((160,288,192) (191,319,223) (  0,  0,  0))
         ((160,288,224) (191,319,255) (  0,  0,  0))
         ((160,288,256) (191,319,287) (  0,  0,  0))
         ((160,288,288) (191,319,319) (  0,  0,  0))
         ((160,288,320) (191,319,351) (  0,  0,  0))
         ((160,288,352) (191,319,383) (  0,  0,  0))
         ((160,320,  0) (191,351, 31) (  0,  0,  0))
         ((160,320, 32) (191,351, 63) (  0,  0,  0))
         ((160,320, 64) (191,351, 95) (  0,  0,  0))
         ((160,320, 96) (191,351,127) (  0,  0,  0))
         ((160,320,128) (191,351,159) (  0,  0,  0))
         ((160,320,160) (191,351,191) (  0,  0,  0))
         ((160,320,192) (191,351,223) (  0,  0,  0))
         ((160,320,224) (191,351,255) (  0,  0,  0))
         ((160,320,256) (191,351,287) (  0,  0,  0))
         ((160,320,288) (191,351,319) (  0,  0,  0))
         ((160,320,320) (191,351,351) (  0,  0,  0))
         ((160,320,352) (191,351,383) (  0,  0,  0))
         ((160,352,  0) (191,383, 31) (  0,  0,  0))
         ((160,352, 32) (191,383, 63) (  0,  0,  0))
         ((160,352, 64) (191,383, 95) (  0,  0,  0))
         ((160,352, 96) (191,383,127) (  0,  0,  0))
         ((160,352,128) (191,383,159) (  0,  0,  0))
         ((160,352,160) (191,383,191) (  0,  0,  0))
         ((160,352,192) (191,383,223) (  0,  0,  0))
         ((160,352,224) (191,383,255) (  0,  0,  0))
         ((160,352,256) (191,383,287) (  0,  0,  0))
         ((160,352,288) (191,383,319) (  0,  0,  0))
         ((160,352,320) (191,383,351) (  0,  0,  0))
         ((160,352,352) (191,383,383) (  0,  0,  0))
         ((192,  0,  0) (223, 31, 31) (  0,  0,  0))
         ((192,  0, 32) (223, 31, 63) (  0,  0,  0))
         ((192,  0, 64) (223, 31, 95) (  0,  0,  0))
         ((192,  0, 96) (223, 31,127) (  0,  0,  0))
         ((192,  0,128) (223, 31,159) (  0,  0,  0))
         ((192,  0,160) (223, 31,191) (  0,  0,  0))
         ((192,  0,192) (223, 31,223) (  0,  0,  0))
         ((192,  0,224) (223, 31,255) (  0,  0,  0))
         ((192,  0,256) (223, 31,287) (  0,  0,  0))
         ((192,  0,288) (223, 31,319) (  0,  0,  0))
         ((192,  0,320) (223, 31,351) (  0,  0,  0))
         ((192,  0,352) (223, 31,383) (  0,  0,  0))
         ((192, 32,  0) (223, 63, 31) (  0,  0,  0))
         ((192, 32, 32) (223, 63, 63) (  0,  0,  0))
         ((192, 32, 64) (223, 63, 95) (  0,  0,  0))
         ((192, 32, 96) (223, 63,127) (  0,  0,  0))
         ((192, 32,128) (223, 63,159) (  0,  0,  0))
         ((192, 32,160) (223, 63,191) (  0,  0,  0))
         ((192, 32,192) (223, 63,223) (  0,  0,  0))
         ((192, 32,224) (223, 63,255) (  0,  0,  0))
         ((192, 32,256) (223, 63,287) (  0,  0,  0))
         ((192, 32,288) (223, 63,319) (  0,  0,  0))
         ((192, 32,320) (223, 63,351) (  0,  0,  0))
         ((192, 32,352) (223, 63,383) (  0,  0,  0))
         ((192, 64,  0) (223, 95, 31) (  0,  0,  0))
         ((192, 64, 32) (223, 95, 63) (  0,  0,  0))
         ((192, 64, 64) (223, 95, 95) (  0,  0,  0))
         ((192, 64, 96) (223, 95,127) (  0,  0,  0))
         ((192, 64,128) (223, 95,159) (  0,  0,  0))
         ((192, 64,160) (223, 95,191) (  0,  0,  0))
         ((192, 64,192) (223, 95,223) (  0,  0,  0))
         ((192, 64,224) (223, 95,255) (  0,  0,  0))
         ((192, 64,256) (223, 95,287) (  0,  0,  0))
         ((192, 64,288) (223, 95,319) (  0,  0,  0))
         ((192, 64,320) (223, 95,351) (  0,  0,  0))
         ((192, 64,352) (223, 95,383) (  0,  0,  0))
         ((192, 96,  0) (223,127, 31) (  0,  0,  0))
         ((192, 96, 32) (223,127, 63) (  0,  0,  0))
         ((192, 96, 64) (223,127, 95) (  0,  0,  0))
         ((192, 96, 96) (223,127,127) (  0,  0,  0))
         ((192, 96,128) (223,127,159) (  0,  0,  0))
         ((192, 96,160) (223,127,191) (  0,  0,  0))
         ((192, 96,192) (223,127,223) (  0,  0,  0))
         ((192, 96,224) (223,127,255) (  0,  0,  0))
         ((192, 96,256) (223,127,287) (  0,  0,  0))
         ((192, 96,288) (223,127,319) (  0,  0,  0))
         ((192, 96,320) (223,127,351) (  0,  0,  0))
         ((192, 96,352) (223,127,383) (  0,  0,  0))
         ((192,128,  0) (223,159, 31) (  0,  0,  0))
         ((192,128, 32) (223,159, 63) (  0,  0,  0))
         ((192,128, 64) (223,159, 95) (  0,  0,  0))
         ((192,128, 96) (223,159,127) (  0,  0,  0))
         ((192,128,128) (223,159,159) (  0,  0,  0))
         ((192,128,160) (223,159,191) (  0,  0,  0))
         ((192,128,192) (223,159,223) (  0,  0,  0))
         ((192,128,224) (223,159,255) (  0,  0,  0))
         ((192,128,256) (223,159,287) (  0,  0,  0))
         ((192,128,288) (223,159,319) (  0,  0,  0))
         ((192,128,320) (223,159,351) (  0,  0,  0))
         ((192,128,352) (223,159,383) (  0,  0,  0))
         ((192,160,  0) (223,191, 31) (  0,  0,  0))
         ((192,160, 32) (223,191, 63) (  0,  0,  0))
         ((192,160, 64) (223,191, 95) (  0,  0,  0))
         ((192,160, 96) (223,191,127) (  0,  0,  0))
         ((192,160,128) (223,191,159) (  0,  0,  0))
         ((192,160,160) (223,191,191) (  0,  0,  0))
         ((192,160,192) (223,191,223) (  0,  0,  0))
         ((192,160,224) (223,191,255) (  0,  0,  0))
         ((192,160,256) (223,191,287) (  0,  0,  0))
         ((192,160,288) (223,191,319) (  0,  0,  0))
         ((192,160,320) (223,191,351) (  0,  0,  0))
         ((192,160,352) (223,191,383) (  0,  0,  0))
         ((192,192,  0) (223,223, 31) (  0,  0,  0))
         ((192,192, 32) (223,223, 63) (  0,  0,  0))
         ((192,192, 64) (223,223, 95) (  0,  0,  0))
         ((192,192, 96) (223,223,127) (  0,  0,  0))
         ((192,192,128) (223,223,159) (  0,  0,  0))
         ((192,192,160) (223,223,191) (  0,  0,  0))
         ((192,192,192) (223,223,223) (  0,  0,  0))
         ((192,192,224) (223,223,255) (  0,  0,  0))
         ((192,192,256) (223,223,287) (  0,  0,  0))
         ((192,192,288) (223,223,319) (  0,  0,  0))
         ((192,192,320) (223,223,351) (  0,  0,  0))
         ((192,192,352) (223,223,383) (  0,  0,  0))
         ((192,224,  0) (223,255, 31) (  0,  0,  0))
         ((192,224, 32) (223,255, 63) (  0,  0,  0))
         ((192,224, 64) (223,255, 95) (  0,  0,  0))
         ((192,224, 96) (223,255,127) (  0,  0,  0))
         ((192,224,128) (223,255,159) (  0,  0,  0))
         ((192,224,160) (223,255,191) (  0,  0,  0))
         ((192,224,192) (223,255,223) (  0,  0,  0))
         ((192,224,224) (223,255,255) (  0,  0,  0))
         ((192,224,256) (223,255,287) (  0,  0,  0))
         ((192,224,288) (223,255,319) (  0,  0,  0))
         ((192,224,320) (223,255,351) (  0,  0,  0))
         ((192,224,352) (223,255,383) (  0,  0,  0))
         ((192,256,  0) (223,287, 31) (  0,  0,  0))
         ((192,256, 32) (223,287, 63) (  0,  0,  0))
         ((192,256, 64) (223,287, 95) (  0,  0,  0))
         ((192,256, 96) (223,287,127) (  0,  0,  0))
         ((192,256,128) (223,287,159) (  0,  0,  0))
         ((192,256,160) (223,287,191) (  0,  0,  0))
         ((192,256,192) (223,287,223) (  0,  0,  0))
         ((192,256,224) (223,287,255) (  0,  0,  0))
         ((192,256,256) (223,287,287) (  0,  0,  0))
         ((192,256,288) (223,287,319) (  0,  0,  0))
         ((192,256,320) (223,287,351) (  0,  0,  0))
         ((192,256,352) (223,287,383) (  0,  0,  0))
         ((192,288,  0) (223,319, 31) (  0,  0,  0))
         ((192,288, 32) (223,319, 63) (  0,  0,  0))
         ((192,288, 64) (223,319, 95) (  0,  0,  0))
         ((192,288, 96) (223,319,127) (  0,  0,  0))
         ((192,288,128) (223,319,159) (  0,  0,  0))
         ((192,288,160) (223,319,191) (  0,  0,  0))
         ((192,288,192) (223,319,223) (  0,  0,  0))
         ((192,288,224) (223,319,255) (  0,  0,  0))
         ((192,288,256) (223,319,287) (  0,  0,  0))
         ((192,288,288) (223,319,319) (  0,  0,  0))
         ((192,288,320) (223,319,351) (  0,  0,  0))
         ((192,288,352) (223,319,383) (  0,  0,  0))
         ((192,320,  0) (223,351, 31) (  0,  0,  0))
         ((192,320, 32) (223,351, 63) (  0,  0,  0))
         ((192,320, 64) (223,351, 95) (  0,  0,  0))
         ((192,320, 96) (223,351,127) (  0,  0,  0))
         ((192,320,128) (223,351,159) (  0,  0,  0))
         ((192,320,160) (223,351,191) (  0,  0,  0))
         ((192,320,192) (223,351,223) (  0,  0,  0))
         ((192,320,224) (223,351,255) (  0,  0,  0))
         ((192,320,256) (223,351,287) (  0,  0,  0))
         ((192,320,288) (223,351,319) (  0,  0,  0))
         ((192,320,320) (223,351,351) (  0,  0,  0))
         ((192,320,352) (223,351,383) (  0,  0,  0))
         ((192,352,  0) (223,383, 31) (  0,  0,  0))
         ((192,352, 32) (223,383, 63) (  0,  0,  0))
         ((192,352, 64) (223,383, 95) (  0,  0,  0))
         ((192,352, 96) (223,383,127) (  0,  0,  0))
         ((192,352,128) (223,383,159) (  0,  0,  0))
         ((192,352,160) (223,383,191) (  0,  0,  0))
         ((192,352,192) (223,383,223) (  0,  0,  0))
         ((192,352,224) (223,383,255) (  0,  0,  0))
         ((192,352,256) (223,383,287) (  0,  0,  0))
         ((192,352,288) (223,383,319) (  0,  0,  0))
         ((192,352,320) (223,383,351) (  0,  0,  0))
         ((192,352,352) (223,383,383) (  0,  0,  0))
         ((224,  0,  0) (255, 31, 31) (  0,  0,  0))
         ((224,  0, 32) (255, 31, 63) (  0,  0,  0))
         ((224,  0, 64) (255, 31, 95) (  0,  0,  0))
         ((224,  0, 96) (255, 31,127) (  0,  0,  0))
         ((224,  0,128) (255, 31,159) (  0,  0,  0))
         ((224,  0,160) (255, 31,191) (  0,  0,  0))
         ((224,  0,192) (255, 31,223) (  0,  0,  0))
         ((224,  0,224) (255, 31,255) (  0,  0,  0))
         ((224,  0,256) (255, 31,287) (  0,  0,  0))
         ((224,  0,288) (255, 31,319) (  0,  0,  0))
         ((224,  0,320) (255, 31,351) (  0,  0,  0))
         ((224,  0,352) (255, 31,383) (  0,  0,  0))
         ((224, 32,  0) (255, 63, 31) (  0,  0,  0))
         ((224, 32, 32) (255, 63, 63) (  0,  0,  0))
         ((224, 32, 64) (255, 63, 95) (  0,  0,  0))
         ((224, 32, 96) (255, 63,127) (  0,  0,  0))
         ((224, 32,128) (255, 63,159) (  0,  0,  0))
         ((224, 32,160) (255, 63,191) (  0,  0,  0))
         ((224, 32,192) (255, 63,223) (  0,  0,  0))
         ((224, 32,224) (255, 63,255) (  0,  0,  0))
         ((224, 32,256) (255, 63,287) (  0,  0,  0))
         ((224, 32,288) (255, 63,319) (  0,  0,  0))
         ((224, 32,320) (255, 63,351) (  0,  0,  0))
         ((224, 32,352) (255, 63,383) (  0,  0,  0))
         ((224, 64,  0) (255, 95, 31) (  0,  0,  0))
         ((224, 64, 32) (255, 95, 63) (  0,  0,  0))
         ((224, 64, 64) (255, 95, 95) (  0,  0,  0))
         ((224, 64, 96) (255, 95,127) (  0,  0,  0))
         ((224, 64,128) (255, 95,159) (  0,  0,  0))
         ((224, 64,160) (255, 95,191) (  0,  0,  0))
         ((224, 64,192) (255, 95,223) (  0,  0,  0))
         ((224, 64,224) (255, 95,255) (  0,  0,  0))
         ((224, 64,256) (255, 95,287) (  0,  0,  0))
         ((224, 64,288) (255, 95,319) (  0,  0,  0))
         ((224, 64,320) (255, 95,351) (  0,  0,  0))
         ((224, 64,352) (255, 95,383) (  0,  0,  0))
         ((224, 96,  0) (255,127, 31) (  0,  0,  0))
         ((224, 96, 32) (255,127, 63) (  0,  0,  0))
         ((224, 96, 64) (255,127, 95) (  0,  0,  0))
         ((224, 96, 96) (255,127,127) (  0,  0,  0))
         ((224, 96,128) (255,127,159) (  0,  0,  0))
         ((224, 96,160) (255,127,191) (  0,  0,  0))
         ((224, 96,192) (255,127,223) (  0,  0,  0))
         ((224, 96,224) (255,127,255) (  0,  0,  0))
         ((224, 96,256) (255,127,287) (  0,  0,  0))
         ((224, 96,288) (255,127,319) (  0,  0,  0))
         ((224, 96,320) (255,127,351) (  0,  0,  0))
         ((224, 96,352) (255,127,383) (  0,  0,  0))
         ((224,128,  0) (255,159, 31) (  0,  0,  0))
         ((224,128, 32) (255,159, 63) (  0,  0,  0))
         ((224,128, 64) (255,159, 95) (  0,  0,  0))
         ((224,128, 96) (255,159,127) (  0,  0,  0))
         ((224,128,128) (255,159,159) (  0,  0,  0))
         ((224,128,160) (255,159,191) (  0,  0,  0))
         ((224,128,192) (255,159,223) (  0,  0,  0))
         ((224,128,224) (255,159,255) (  0,  0,  0))
         ((224,128,256) (255,159,287) (  0,  0,  0))
         ((224,128,288) (255,159,319) (  0,  0,  0))
         ((224,128,320) (255,159,351) (  0,  0,  0))
         ((224,128,352) (255,159,383) (  0,  0,  0))
         ((224,160,  0) (255,191, 31) (  0,  0,  0))
         ((224,160, 32) (255,191, 63) (  0,  0,  0))
         ((224,160, 64) (255,191, 95) (  0,  0,  0))
         ((224,160, 96) (255,191,127) (  0,  0,  0))
         ((224,160,128) (255,191,159) (  0,  0,  0))
         ((224,160,160) (255,191,191) (  0,  0,  0))
         ((224,160,192) (255,191,223) (  0,  0,  0))
         ((224,160,224) (255,191,255) (  0,  0,  0))
         ((224,160,256) (255,191,287) (  0,  0,  0))
         ((224,160,288) (255,191,319) (  0,  0,  0))
         ((224,160,320) (255,191,351) (  0,  0,  0))
         ((224,160,352) (255,191,383) (  0,  0,  0))
         ((224,192,  0) (255,223, 31) (  0,  0,  0))
         ((224,192, 32) (255,223, 63) (  0,  0,  0))
         ((224,192, 64) (255,223, 95) (  0,  0,  0))
         ((224,192, 96) (255,223,127) (  0,  0,  0))
         ((224,192,128) (255,223,159) (  0,  0,  0))
         ((224,192,160) (255,223,191) (  0,  0,  0))
         ((224,192,192) (255,223,223) (  0,  0,  0))
         ((224,192,224) (255,223,255) (  0,  0,  0))
         ((224,192,256) (255,223,287) (  0,  0,  0))
         ((224,192,288) (255,223,319) (  0,  0,  0))
         ((224,192,320) (255,223,351) (  0,  0,  0))
         ((224,192,352) (255,223,383) (  0,  0,  0))
         ((224,224,  0) (255,255, 31) (  0,  0,  0))
         ((224,224, 32) (255,255, 63) (  0,  0,  0))
         ((224,224, 64) (255,255, 95) (  0,  0,  0))
         ((224,224, 96) (255,255,127) (  0,  0,  0))
         ((224,224,128) (255,255,159) (  0,  0,  0))
         ((224,224,160) (255,255,191) (  0,  0,  0))
         ((224,224,192) (255,255,223) (  0,  0,  0))
         ((224,224,224) (255,255,255) (  0,  0,  0))
         ((224,224,256) (255,255,287) (  0,  0,  0))
         ((224,224,288) (255,255,319) (  0,  0,  0))
         ((224,224,320) (255,255,351) (  0,  0,  0))
         ((224,224,352) (255,255,383) (  0,  0,  0))
         ((224,256,  0) (255,287, 31) (  0,  0,  0))
         ((224,256, 32) (255,287, 63) (  0,  0,  0))
         ((224,256, 64) (255,287, 95) (  0,  0,  0))
         ((224,256, 96) (255,287,127) (  0,  0,  0))
         ((224,256,128) (255,287,159) (  0,  0,  0))
         ((224,256,160) (255,287,191) (  0,  0,  0))
         ((224,256,192) (255,287,223) (  0,  0,  0))
         ((224,256,224) (255,287,255) (  0,  0,  0))
         ((224,256,256) (255,287,287) (  0,  0,  0))
         ((224,256,288) (255,287,319) (  0,  0,  0))
         ((224,256,320) (255,287,351) (  0,  0,  0))
         ((224,256,352) (255,287,383) (  0,  0,  0))
         ((224,288,  0) (255,319, 31) (  0,  0,  0))
         ((224,288, 32) (255,319, 63) (  0,  0,  0))
         ((224,288, 64) (255,319, 95) (  0,  0,  0))
         ((224,288, 96) (255,319,127) (  0,  0,  0))
         ((224,288,128) (255,319,159) (  0,  0,  0))
         ((224,288,160) (255,319,191) (  0,  0,  0))
         ((224,288,192) (255,319,223) (  0,  0,  0))
         ((224,288,224) (255,319,255) (  0,  0,  0))
         ((224,288,256) (255,319,287) (  0,  0,  0))
         ((224,288,288) (255,319,319) (  0,  0,  0))
         ((224,288,320) (255,319,351) (  0,  0,  0))
         ((224,288,352) (255,319,383) (  0,  0,  0))
         ((224,320,  0) (255,351, 31) (  0,  0,  0))
         ((224,320, 32) (255,351, 63) (  0,  0,  0))
         ((224,320, 64) (255,351, 95) (  0,  0,  0))
         ((224,320, 96) (255,351,127) (  0,  0,  0))
         ((224,320,128) (255,351,159) (  0,  0,  0))
         ((224,320,160) (255,351,191) (  0,  0,  0))
         ((224,320,192) (255,351,223) (  0,  0,  0))
         ((224,320,224) (255,351,255) (  0,  0,  0))
         ((224,320,256) (255,351,287) (  0,  0,  0))
         ((224,320,288) (255,351,319) (  0,  0,  0))
         ((224,320,320) (255,351,351) (  0,  0,  0))
         ((224,320,352) (255,351,383) (  0,  0,  0))
         ((224,352,  0) (255,383, 31) (  0,  0,  0))
         ((224,352, 32) (255,383, 63) (  0,  0,  0))
         ((224,352, 64) (255,383, 95) (  0,  0,  0))
         ((224,352, 96) (255,383,127) (  0,  0,  0))
         ((224,352,128) (255,383,159) (  0,  0,  0))
         ((224,352,160) (255,383,191) (  0,  0,  0))
         ((224,352,192) (255,383,223) (  0,  0,  0))
         ((224,352,224) (255,383,255) (  0,  0,  0))
         ((224,352,256) (255,383,287) (  0,  0,  0))
         ((224,352,288) (255,383,319) (  0,  0,  0))
         ((224,352,320) (255,383,351) (  0,  0,  0))
         ((224,352,352) (255,383,383) (  0,  0,  0))
         ((256,  0,  0) (287, 31, 31) (  0,  0,  0))
         ((256,  0, 32) (287, 31, 63) (  0,  0,  0))
         ((256,  0, 64) (287, 31, 95) (  0,  0,  0))
         ((256,  0, 96) (287, 31,127) (  0,  0,  0))
         ((256,  0,128) (287, 31,159) (  0,  0,  0))
         ((256,  0,160) (287, 31,191) (  0,  0,  0))
         ((256,  0,192) (287, 31,223) (  0,  0,  0))
         ((256,  0,224) (287, 31,255) (  0,  0,  0))
         ((256,  0,256) (287, 31,287) (  0,  0,  0))
         ((256,  0,288) (287, 31,319) (  0,  0,  0))
         ((256,  0,320) (287, 31,351) (  0,  0,  0))
         ((256,  0,352) (287, 31,383) (  0,  0,  0))
         ((256, 32,  0) (287, 63, 31) (  0,  0,  0))
         ((256, 32, 32) (287, 63, 63) (  0,  0,  0))
         ((256, 32, 64) (287, 63, 95) (  0,  0,  0))
         ((256, 32, 96) (287, 63,127) (  0,  0,  0))
         ((256, 32,128) (287, 63,159) (  0,  0,  0))
         ((256, 32,160) (287, 63,191) (  0,  0,  0))
         ((256, 32,192) (287, 63,223) (  0,  0,  0))
         ((256, 32,224) (287, 63,255) (  0,  0,  0))
         ((256, 32,256) (287, 63,287) (  0,  0,  0))
         ((256, 32,288) (287, 63,319) (  0,  0,  0))
         ((256, 32,320) (287, 63,351) (  0,  0,  0))
         ((256, 32,352) (287, 63,383) (  0,  0,  0))
         ((256, 64,  0) (287, 95, 31) (  0,  0,  0))
         ((256, 64, 32) (287, 95, 63) (  0,  0,  0))
         ((256, 64, 64) (287, 95, 95) (  0,  0,  0))
         ((256, 64, 96) (287, 95,127) (  0,  0,  0))
         ((256, 64,128) (287, 95,159) (  0,  0,  0))
         ((256, 64,160) (287, 95,191) (  0,  0,  0))
         ((256, 64,192) (287, 95,223) (  0,  0,  0))
         ((256, 64,224) (287, 95,255) (  0,  0,  0))
         ((256, 64,256) (287, 95,287) (  0,  0,  0))
         ((256, 64,288) (287, 95,319) (  0,  0,  0))
         ((256, 64,320) (287, 95,351) (  0,  0,  0))
         ((256, 64,352) (287, 95,383) (  0,  0,  0))
         ((256, 96,  0) (287,127, 31) (  0,  0,  0))
         ((256, 96, 32) (287,127, 63) (  0,  0,  0))
         ((256, 96, 64) (287,127, 95) (  0,  0,  0))
         ((256, 96, 96) (287,127,127) (  0,  0,  0))
         ((256, 96,128) (287,127,159) (  0,  0,  0))
         ((256, 96,160) (287,127,191) (  0,  0,  0))
         ((256, 96,192) (287,127,223) (  0,  0,  0))
         ((256, 96,224) (287,127,255) (  0,  0,  0))
         ((256, 96,256) (287,127,287) (  0,  0,  0))
         ((256, 96,288) (287,127,319) (  0,  0,  0))
         ((256, 96,320) (287,127,351) (  0,  0,  0))
         ((256, 96,352) (287,127,383) (  0,  0,  0))
         ((256,128,  0) (287,159, 31) (  0,  0,  0))
         ((256,128, 32) (287,159, 63) (  0,  0,  0))
         ((256,128, 64) (287,159, 95) (  0,  0,  0))
         ((256,128, 96) (287,159,127) (  0,  0,  0))
         ((256,128,128) (287,159,159) (  0,  0,  0))
         ((256,128,160) (287,159,191) (  0,  0,  0))
         ((256,128,192) (287,159,223) (  0,  0,  0))
         ((256,128,224) (287,159,255) (  0,  0,  0))
         ((256,128,256) (287,159,287) (  0,  0,  0))
         ((256,128,288) (287,159,319) (  0,  0,  0))
         ((256,128,320) (287,159,351) (  0,  0,  0))
         ((256,128,352) (287,159,383) (  0,  0,  0))
         ((256,160,  0) (287,191, 31) (  0,  0,  0))
         ((256,160, 32) (287,191, 63) (  0,  0,  0))
         ((256,160, 64) (287,191, 95) (  0,  0,  0))
         ((256,160, 96) (287,191,127) (  0,  0,  0))
         ((256,160,128) (287,191,159) (  0,  0,  0))
         ((256,160,160) (287,191,191) (  0,  0,  0))
         ((256,160,192) (287,191,223) (  0,  0,  0))
         ((256,160,224) (287,191,255) (  0,  0,  0))
         ((256,160,256) (287,191,287) (  0,  0,  0))
         ((256,160,288) (287,191,319) (  0,  0,  0))
         ((256,160,320) (287,191,351) (  0,  0,  0))
         ((256,160,352) (287,191,383) (  0,  0,  0))
         ((256,192,  0) (287,223, 31) (  0,  0,  0))
         ((256,192, 32) (287,223, 63) (  0,  0,  0))
         ((256,192, 64) (287,223, 95) (  0,  0,  0))
         ((256,192, 96) (287,223,127) (  0,  0,  0))
         ((256,192,128) (287,223,159) (  0,  0,  0))
         ((256,192,160) (287,223,191) (  0,  0,  0))
         ((256,192,192) (287,223,223) (  0,  0,  0))
         ((256,192,224) (287,223,255) (  0,  0,  0))
         ((256,192,256) (287,223,287) (  0,  0,  0))
         ((256,192,288) (287,223,319) (  0,  0,  0))
         ((256,192,320) (287,223,351) (  0,  0,  0))
         ((256,192,352) (287,223,383) (  0,  0,  0))
         ((256,224,  0) (287,255, 31) (  0,  0,  0))
         ((256,224, 32) (287,255, 63) (  0,  0,  0))
         ((256,224, 64) (287,255, 95) (  0,  0,  0))
         ((256,224, 96) (287,255,127) (  0,  0,  0))
         ((256,224,128) (287,255,159) (  0,  0,  0))
         ((256,224,160) (287,255,191) (  0,  0,  0))
         ((256,224,192) (287,255,223) (  0,  0,  0))
         ((256,224,224) (287,255,255) (  0,  0,  0))
         ((256,224,256) (287,255,287) (  0,  0,  0))
         ((256,224,288) (287,255,319) (  0,  0,  0))
         ((256,224,320) (287,255,351) (  0,  0,  0))
         ((256,224,352) (287,255,383) (  0,  0,  0))
         ((256,256,  0) (287,287, 31) (  0,  0,  0))
         ((256,256, 32) (287,287, 63) (  0,  0,  0))
         ((256,256, 64) (287,287, 95) (  0,  0,  0))
         ((256,256, 96) (287,287,127) (  0,  0,  0))
         ((256,256,128) (287,287,159) (  0,  0,  0))
         ((256,256,160) (287,287,191) (  0,  0,  0))
         ((256,256,192) (287,287,223) (  0,  0,  0))
         ((256,256,224) (287,287,255) (  0,  0,  0))
         ((256,256,256) (287,287,287) (  0,  0,  0))
         ((256,256,288) (287,287,319) (  0,  0,  0))
         ((256,256,320) (287,287,351) (  0,  0,  0))
         ((256,256,352) (287,287,383) (  0,  0,  0))
         ((256,288,  0) (287,319, 31) (  0,  0,  0))
         ((256,288, 32) (287,319, 63) (  0,  0,  0))
         ((256,288, 64) (287,319, 95) (  0,  0,  0))
         ((256,288, 96) (287,319,127) (  0,  0,  0))
         ((256,288,128) (287,319,159) (  0,  0,  0))
         ((256,288,160) (287,319,191) (  0,  0,  0))
         ((256,288,192) (287,319,223) (  0,  0,  0))
         ((256,288,224) (287,319,255) (  0,  0,  0))
         ((256,288,256) (287,319,287) (  0,  0,  0))
         ((256,288,288) (287,319,319) (  0,  0,  0))
         ((256,288,320) (287,319,351) (  0,  0,  0))
         ((256,288,352) (287,319,383) (  0,  0,  0))
         ((256,320,  0) (287,351, 31) (  0,  0,  0))
         ((256,320, 32) (287,351, 63) (  0,  0,  0))
         ((256,320, 64) (287,351, 95) (  0,  0,  0))
         ((256,320, 96) (287,351,127) (  0,  0,  0))
         ((256,320,128) (287,351,159) (  0,  0,  0))
         ((256,320,160) (287,351,191) (  0,  0,  0))
         ((256,320,192) (287,351,223) (  0,  0,  0))
         ((256,320,224) (287,351,255) (  0,  0,  0))
         ((256,320,256) (287,351,287) (  0,  0,  0))
         ((256,320,288) (287,351,319) (  0,  0,  0))
         ((256,320,320) (287,351,351) (  0,  0,  0))
         ((256,320,352) (287,351,383) (  0,  0,  0))
         ((256,352,  0) (287,383, 31) (  0,  0,  0))
         ((256,352, 32) (287,383, 63) (  0,  0,  0))
         ((256,352, 64) (287,383, 95) (  0,  0,  0))
         ((256,352, 96) (287,383,127) (  0,  0,  0))
         ((256,352,128) (287,383,159) (  0,  0,  0))
         ((256,352,160) (287,383,191) (  0,  0,  0))
         ((256,352,192) (287,383,223) (  0,  0,  0))
         ((256,352,224) (287,383,255) (  0,  0,  0))
         ((256,352,256) (287,383,287) (  0,  0,  0))
         ((256,352,288) (287,383,319) (  0,  0,  0))
         ((256,352,320) (287,383,351) (  0,  0,  0))
         ((256,352,352) (287,383,383) (  0,  0,  0))
         ((288,  0,  0) (319, 31, 31) (  0,  0,  0))
         ((288,  0, 32) (319, 31, 63) (  0,  0,  0))
         ((288,  0, 64) (319, 31, 95) (  0,  0,  0))
         ((288,  0, 96) (319, 31,127) (  0,  0,  0))
         ((288,  0,128) (319, 31,159) (  0,  0,  0))
         ((288,  0,160) (319, 31,191) (  0,  0,  0))
         ((288,  0,192) (319, 31,223) (  0,  0,  0))
         ((288,  0,224) (319, 31,255) (  0,  0,  0))
         ((288,  0,256) (319, 31,287) (  0,  0,  0))
         ((288,  0,288) (319, 31,319) (  0,  0,  0))
         ((288,  0,320) (319, 31,351) (  0,  0,  0))
         ((288,  0,352) (319, 31,383) (  0,  0,  0))
         ((288, 32,  0) (319, 63, 31) (  0,  0,  0))
         ((288, 32, 32) (319, 63, 63) (  0,  0,  0))
         ((288, 32, 64) (319, 63, 95) (  0,  0,  0))
         ((288, 32, 96) (319, 63,127) (  0,  0,  0))
         ((288, 32,128) (319, 63,159) (  0,  0,  0))
         ((288, 32,160) (319, 63,191) (  0,  0,  0))
         ((288, 32,192) (319, 63,223) (  0,  0,  0))
         ((288, 32,224) (319, 63,255) (  0,  0,  0))
         ((288, 32,256) (319, 63,287) (  0,  0,  0))
         ((288, 32,288) (319, 63,319) (  0,  0,  0))
         ((288, 32,320) (319, 63,351) (  0,  0,  0))
         ((288, 32,352) (319, 63,383) (  0,  0,  0))
         ((288, 64,  0) (319, 95, 31) (  0,  0,  0))
         ((288, 64, 32) (319, 95, 63) (  0,  0,  0))
         ((288, 64, 64) (319, 95, 95) (  0,  0,  0))
         ((288, 64, 96) (319, 95,127) (  0,  0,  0))
         ((288, 64,128) (319, 95,159) (  0,  0,  0))
         ((288, 64,160) (319, 95,191) (  0,  0,  0))
         ((288, 64,192) (319, 95,223) (  0,  0,  0))
         ((288, 64,224) (319, 95,255) (  0,  0,  0))
         ((288, 64,256) (319, 95,287) (  0,  0,  0))
         ((288, 64,288) (319, 95,319) (  0,  0,  0))
         ((288, 64,320) (319, 95,351) (  0,  0,  0))
         ((288, 64,352) (319, 95,383) (  0,  0,  0))
         ((288, 96,  0) (319,127, 31) (  0,  0,  0))
         ((288, 96, 32) (319,127, 63) (  0,  0,  0))
         ((288, 96, 64) (319,127, 95) (  0,  0,  0))
         ((288, 96, 96) (319,127,127) (  0,  0,  0))
         ((288, 96,128) (319,127,159) (  0,  0,  0))
         ((288, 96,160) (319,127,191) (  0,  0,  0))
         ((288, 96,192) (319,127,223) (  0,  0,  0))
         ((288, 96,224) (319,127,255) (  0,  0,  0))
         ((288, 96,256) (319,127,287) (  0,  0,  0))
         ((288, 96,288) (319,127,319) (  0,  0,  0))
         ((288, 96,320) (319,127,351) (  0,  0,  0))
         ((288, 96,352) (319,127,383) (  0,  0,  0))
         ((288,128,  0) (319,159, 31) (  0,  0,  0))
         ((288,128, 32) (319,159, 63) (  0,  0,  0))
         ((288,128, 64) (319,159, 95) (  0,  0,  0))
         ((288,128, 96) (319,159,127) (  0,  0,  0))
         ((288,128,128) (319,159,159) (  0,  0,  0))
         ((288,128,160) (319,159,191) (  0,  0,  0))
         ((288,128,192) (319,159,223) (  0,  0,  0))
         ((288,128,224) (319,159,255) (  0,  0,  0))
         ((288,128,256) (319,159,287) (  0,  0,  0))
         ((288,128,288) (319,159,319) (  0,  0,  0))
         ((288,128,320) (319,159,351) (  0,  0,  0))
         ((288,128,352) (319,159,383) (  0,  0,  0))
         ((288,160,  0) (319,191, 31) (  0,  0,  0))
         ((288,160, 32) (319,191, 63) (  0,  0,  0))
         ((288,160, 64) (319,191, 95) (  0,  0,  0))
         ((288,160, 96) (319,191,127) (  0,  0,  0))
         ((288,160,128) (319,191,159) (  0,  0,  0))
         ((288,160,160) (319,191,191) (  0,  0,  0))
         ((288,160,192) (319,191,223) (  0,  0,  0))
         ((288,160,224) (319,191,255) (  0,  0,  0))
         ((288,160,256) (319,191,287) (  0,  0,  0))
         ((288,160,288) (319,191,319) (  0,  0,  0))
         ((288,160,320) (319,191,351) (  0,  0,  0))
         ((288,160,352) (319,191,383) (  0,  0,  0))
         ((288,192,  0) (319,223, 31) (  0,  0,  0))
         ((288,192, 32) (319,223, 63) (  0,  0,  0))
         ((288,192, 64) (319,223, 95) (  0,  0,  0))
         ((288,192, 96) (319,223,127) (  0,  0,  0))
         ((288,192,128) (319,223,159) (  0,  0,  0))
         ((288,192,160) (319,223,191) (  0,  0,  0))
         ((288,192,192) (319,223,223) (  0,  0,  0))
         ((288,192,224) (319,223,255) (  0,  0,  0))
         ((288,192,256) (319,223,287) (  0,  0,  0))
         ((288,192,288) (319,223,319) (  0,  0,  0))
         ((288,192,320) (319,223,351) (  0,  0,  0))
         ((288,192,352) (319,223,383) (  0,  0,  0))
         ((288,224,  0) (319,255, 31) (  0,  0,  0))
         ((288,224, 32) (319,255, 63) (  0,  0,  0))
         ((288,224, 64) (319,255, 95) (  0,  0,  0))
         ((288,224, 96) (319,255,127) (  0,  0,  0))
         ((288,224,128) (319,255,159) (  0,  0,  0))
         ((288,224,160) (319,255,191) (  0,  0,  0))
         ((288,224,192) (319,255,223) (  0,  0,  0))
         ((288,224,224) (319,255,255) (  0,  0,  0))
         ((288,224,256) (319,255,287) (  0,  0,  0))
         ((288,224,288) (319,255,319) (  0,  0,  0))
         ((288,224,320) (319,255,351) (  0,  0,  0))
         ((288,224,352) (319,255,383) (  0,  0,  0))
         ((288,256,  0) (319,287, 31) (  0,  0,  0))
         ((288,256, 32) (319,287, 63) (  0,  0,  0))
         ((288,256, 64) (319,287, 95) (  0,  0,  0))
         ((288,256, 96) (319,287,127) (  0,  0,  0))
         ((288,256,128) (319,287,159) (  0,  0,  0))
         ((288,256,160) (319,287,191) (  0,  0,  0))
         ((288,256,192) (319,287,223) (  0,  0,  0))
         ((288,256,224) (319,287,255) (  0,  0,  0))
         ((288,256,256) (319,287,287) (  0,  0,  0))
         ((288,256,288) (319,287,319) (  0,  0,  0))
         ((288,256,320) (319,287,351) (  0,  0,  0))
         ((288,256,352) (319,287,383) (  0,  0,  0))
         ((288,288,  0) (319,319, 31) (  0,  0,  0))
         ((288,288, 32) (319,319, 63) (  0,  0,  0))
         ((288,288, 64) (319,319, 95) (  0,  0,  0))
         ((288,288, 96) (319,319,127) (  0,  0,  0))
         ((288,288,128) (319,319,159) (  0,  0,  0))
         ((288,288,160) (319,319,191) (  0,  0,  0))
         ((288,288,192) (319,319,223) (  0,  0,  0))
         ((288,288,224) (319,319,255) (  0,  0,  0))
         ((288,288,256) (319,319,287) (  0,  0,  0))
         ((288,288,288) (319,319,319) (  0,  0,  0))
         ((288,288,320) (319,319,351) (  0,  0,  0))
         ((288,288,352) (319,319,383) (  0,  0,  0))
         ((288,320,  0) (319,351, 31) (  0,  0,  0))
         ((288,320, 32) (319,351, 63) (  0,  0,  0))
         ((288,320, 64) (319,351, 95) (  0,  0,  0))
         ((288,320, 96) (319,351,127) (  0,  0,  0))
         ((288,320,128) (319,351,159) (  0,  0,  0))
         ((288,320,160) (319,351,191) (  0,  0,  0))
         ((288,320,192) (319,351,223) (  0,  0,  0))
         ((288,320,224) (319,351,255) (  0,  0,  0))
         ((288,320,256) (319,351,287) (  0,  0,  0))
         ((288,320,288) (319,351,319) (  0,  0,  0))
         ((288,320,320) (319,351,351) (  0,  0,  0))
         ((288,320,352) (319,351,383) (  0,  0,  0))
         ((288,352,  0) (319,383, 31) (  0,  0,  0))
         ((288,352, 32) (319,383, 63) (  0,  0,  0))
         ((288,352, 64) (319,383, 95) (  0,  0,  0))
         ((288,352, 96) (319,383,127) (  0,  0,  0))
         ((288,352,128) (319,383,159) (  0,  0,  0))
         ((288,352,160) (319,383,191) (  0,  0,  0))
         ((288,352,192) (319,383,223) (  0,  0,  0))
         ((288,352,224) (319,383,255) (  0,  0,  0))
         ((288,352,256) (319,383,287) (  0,  0,  0))
         ((288,352,288) (319,383,319) (  0,  0,  0))
         ((288,352,320) (319,383,351) (  0,  0,  0))
         ((288,352,352) (319,383,383) (  0,  0,  0))
         ((320,  0,  0) (351, 31, 31) (  0,  0,  0))
         ((320,  0, 32) (351, 31, 63) (  0,  0,  0))
         ((320,  0, 64) (351, 31, 95) (  0,  0,  0))
         ((320,  0, 96) (351, 31,127) (  0,  0,  0))
         ((320,  0,128) (351, 31,159) (  0,  0,  0))
         ((320,  0,160) (351, 31,191) (  0,  0,  0))
         ((320,  0,192) (351, 31,223) (  0,  0,  0))
         ((320,  0,224) (351, 31,255) (  0,  0,  0))
         ((320,  0,256) (351, 31,287) (  0,  0,  0))
         ((320,  0,288) (351, 31,319) (  0,  0,  0))
         ((320,  0,320) (351, 31,351) (  0,  0,  0))
         ((320,  0,352) (351, 31,383) (  0,  0,  0))
         ((320, 32,  0) (351, 63, 31) (  0,  0,  0))
         ((320, 32, 32) (351, 63, 63) (  0,  0,  0))
         ((320, 32, 64) (351, 63, 95) (  0,  0,  0))
         ((320, 32, 96) (351, 63,127) (  0,  0,  0))
         ((320, 32,128) (351, 63,159) (  0,  0,  0))
         ((320, 32,160) (351, 63,191) (  0,  0,  0))
         ((320, 32,192) (351, 63,223) (  0,  0,  0))
         ((320, 32,224) (351, 63,255) (  0,  0,  0))
         ((320, 32,256) (351, 63,287) (  0,  0,  0))
         ((320, 32,288) (351, 63,319) (  0,  0,  0))
         ((320, 32,320) (351, 63,351) (  0,  0,  0))
         ((320, 32,352) (351, 63,383) (  0,  0,  0))
         ((320, 64,  0) (351, 95, 31) (  0,  0,  0))
         ((320, 64, 32) (351, 95, 63) (  0,  0,  0))
         ((320, 64, 64) (351, 95, 95) (  0,  0,  0))
         ((320, 64, 96) (351, 95,127) (  0,  0,  0))
         ((320, 64,128) (351, 95,159) (  0,  0,  0))
         ((320, 64,160) (351, 95,191) (  0,  0,  0))
         ((320, 64,192) (351, 95,223) (  0,  0,  0))
         ((320, 64,224) (351, 95,255) (  0,  0,  0))
         ((320, 64,256) (351, 95,287) (  0,  0,  0))
         ((320, 64,288) (351, 95,319) (  0,  0,  0))
         ((320, 64,320) (351, 95,351) (  0,  0,  0))
         ((320, 64,352) (351, 95,383) (  0,  0,  0))
         ((320, 96,  0) (351,127, 31) (  0,  0,  0))
         ((320, 96, 32) (351,127, 63) (  0,  0,  0))
         ((320, 96, 64) (351,127, 95) (  0,  0,  0))
         ((320, 96, 96) (351,127,127) (  0,  0,  0))
         ((320, 96,128) (351,127,159) (  0,  0,  0))
         ((320, 96,160) (351,127,191) (  0,  0,  0))
         ((320, 96,192) (351,127,223) (  0,  0,  0))
         ((320, 96,224) (351,127,255) (  0,  0,  0))
         ((320, 96,256) (351,127,287) (  0,  0,  0))
         ((320, 96,288) (351,127,319) (  0,  0,  0))
         ((320, 96,320) (351,127,351) (  0,  0,  0))
         ((320, 96,352) (351,127,383) (  0,  0,  0))
         ((320,128,  0) (351,159, 31) (  0,  0,  0))
         ((320,128, 32) (351,159, 63) (  0,  0,  0))
         ((320,128, 64) (351,159, 95) (  0,  0,  0))
         ((320,128, 96) (351,159,127) (  0,  0,  0))
         ((320,128,128) (351,159,159) (  0,  0,  0))
         ((320,128,160) (351,159,191) (  0,  0,  0))
         ((320,128,192) (351,159,223) (  0,  0,  0))
         ((320,128,224) (351,159,255) (  0,  0,  0))
         ((320,128,256) (351,159,287) (  0,  0,  0))
         ((320,128,288) (351,159,319) (  0,  0,  0))
         ((320,128,320) (351,159,351) (  0,  0,  0))
         ((320,128,352) (351,159,383) (  0,  0,  0))
         ((320,160,  0) (351,191, 31) (  0,  0,  0))
         ((320,160, 32) (351,191, 63) (  0,  0,  0))
         ((320,160, 64) (351,191, 95) (  0,  0,  0))
         ((320,160, 96) (351,191,127) (  0,  0,  0))
         ((320,160,128) (351,191,159) (  0,  0,  0))
         ((320,160,160) (351,191,191) (  0,  0,  0))
         ((320,160,192) (351,191,223) (  0,  0,  0))
         ((320,160,224) (351,191,255) (  0,  0,  0))
         ((320,160,256) (351,191,287) (  0,  0,  0))
         ((320,160,288) (351,191,319) (  0,  0,  0))
         ((320,160,320) (351,191,351) (  0,  0,  0))
         ((320,160,352) (351,191,383) (  0,  0,  0))
         ((320,192,  0) (351,223, 31) (  0,  0,  0))
         ((320,192, 32) (351,223, 63) (  0,  0,  0))
         ((320,192, 64) (351,223, 95) (  0,  0,  0))
         ((320,192, 96) (351,223,127) (  0,  0,  0))
         ((320,192,128) (351,223,159) (  0,  0,  0))
         ((320,192,160) (351,223,191) (  0,  0,  0))
         ((320,192,192) (351,223,223) (  0,  0,  0))
         ((320,192,224) (351,223,255) (  0,  0,  0))
         ((320,192,256) (351,223,287) (  0,  0,  0))
         ((320,192,288) (351,223,319) (  0,  0,  0))
         ((320,192,320) (351,223,351) (  0,  0,  0))
         ((320,192,352) (351,223,383) (  0,  0,  0))
         ((320,224,  0) (351,255, 31) (  0,  0,  0))
         ((320,224, 32) (351,255, 63) (  0,  0,  0))
         ((320,224, 64) (351,255, 95) (  0,  0,  0))
         ((320,224, 96) (351,255,127) (  0,  0,  0))
         ((320,224,128) (351,255,159) (  0,  0,  0))
         ((320,224,160) (351,255,191) (  0,  0,  0))
         ((320,224,192) (351,255,223) (  0,  0,  0))
         ((320,224,224) (351,255,255) (  0,  0,  0))
         ((320,224,256) (351,255,287) (  0,  0,  0))
         ((320,224,288) (351,255,319) (  0,  0,  0))
         ((320,224,320) (351,255,351) (  0,  0,  0))
         ((320,224,352) (351,255,383) (  0,  0,  0))
         ((320,256,  0) (351,287, 31) (  0,  0,  0))
         ((320,256, 32) (351,287, 63) (  0,  0,  0))
         ((320,256, 64) (351,287, 95) (  0,  0,  0))
         ((320,256, 96) (351,287,127) (  0,  0,  0))
         ((320,256,128) (351,287,159) (  0,  0,  0))
         ((320,256,160) (351,287,191) (  0,  0,  0))
         ((320,256,192) (351,287,223) (  0,  0,  0))
         ((320,256,224) (351,287,255) (  0,  0,  0))
         ((320,256,256) (351,287,287) (  0,  0,  0))
         ((320,256,288) (351,287,319) (  0,  0,  0))
         ((320,256,320) (351,287,351) (  0,  0,  0))
         ((320,256,352) (351,287,383) (  0,  0,  0))
         ((320,288,  0) (351,319, 31) (  0,  0,  0))
         ((320,288, 32) (351,319, 63) (  0,  0,  0))
         ((320,288, 64) (351,319, 95) (  0,  0,  0))
         ((320,288, 96) (351,319,127) (  0,  0,  0))
         ((320,288,128) (351,319,159) (  0,  0,  0))
         ((320,288,160) (351,319,191) (  0,  0,  0))
         ((320,288,192) (351,319,223) (  0,  0,  0))
         ((320,288,224) (351,319,255) (  0,  0,  0))
         ((320,288,256) (351,319,287) (  0,  0,  0))
         ((320,288,288) (351,319,319) (  0,  0,  0))
         ((320,288,320) (351,319,351) (  0,  0,  0))
         ((320,288,352) (351,319,383) (  0,  0,  0))
         ((320,320,  0) (351,351, 31) (  0,  0,  0))
         ((320,320, 32) (351,351, 63) (  0,  0,  0))
         ((320,320, 64) (351,351, 95) (  0,  0,  0))
         ((320,320, 96) (351,351,127) (  0,  0,  0))
         ((320,320,128) (351,351,159) (  0,  0,  0))
         ((320,320,160) (351,351,191) (  0,  0,  0))
         ((320,320,192) (351,351,223) (  0,  0,  0))
         ((320,320,224) (351,351,255) (  0,  0,  0))
         ((320,320,256) (351,351,287) (  0,  0,  0))
         ((320,320,288) (351,351,319) (  0,  0,  0))
         ((320,320,320) (351,351,351) (  0,  0,  0))
         ((320,320,352) (351,351,383) (  0,  0,  0))
         ((320,352,  0) (351,383, 31) (  0,  0,  0))
         ((320,352, 32) (351,383, 63) (  0,  0,  0))
         ((320,352, 64) (351,383, 95) (  0,  0,  0))
         ((320,352, 96) (351,383,127) (  0,  0,  0))
         ((320,352,128) (351,383,159) (  0,  0,  0))
         ((320,352,160) (351,383,191) (  0,  0,  0))
         ((320,352,192) (351,383,223) (  0,  0,  0))
         ((320,352,224) (351,383,255) (  0,  0,  0))
         ((320,352,256) (351,383,287) (  0,  0,  0))
         ((320,352,288) (351,383,319) (  0,  0,  0))
         ((320,352,320) (351,383,351) (  0,  0,  0))
         ((320,352,352) (351,383,383) (  0,  0,  0))
         ((352,  0,  0) (383, 31, 31) (  0,  0,  0))
         ((352,  0, 32) (383, 31, 63) (  0,  0,  0))
         ((352,  0, 64) (383, 31, 95) (  0,  0,  0))
         ((352,  0, 96) (383, 31,127) (  0,  0,  0))
         ((352,  0,128) (383, 31,159) (  0,  0,  0))
         ((352,  0,160) (383, 31,191) (  0,  0,  0))
         ((352,  0,192) (383, 31,223) (  0,  0,  0))
         ((352,  0,224) (383, 31,255) (  0,  0,  0))
         ((352,  0,256) (383, 31,287) (  0,  0,  0))
         ((352,  0,288) (383, 31,319) (  0,  0,  0))
         ((352,  0,320) (383, 31,351) (  0,  0,  0))
         ((352,  0,352) (383, 31,383) (  0,  0,  0))
         ((352, 32,  0) (383, 63, 31) (  0,  0,  0))
         ((352, 32, 32) (383, 63, 63) (  0,  0,  0))
         ((352, 32, 64) (383, 63, 95) (  0,  0,  0))
         ((352, 32, 96) (383, 63,127) (  0,  0,  0))
         ((352, 32,128) (383, 63,159) (  0,  0,  0))
         ((352, 32,160) (383, 63,191) (  0,  0,  0))
         ((352, 32,192) (383, 63,223) (  0,  0,  0))
         ((352, 32,224) (383, 63,255) (  0,  0,  0))
         ((352, 32,256) (383, 63,287) (  0,  0,  0))
         ((352, 32,288) (383, 63,319) (  0,  0,  0))
         ((352, 32,320) (383, 63,351) (  0,  0,  0))
         ((352, 32,352) (383, 63,383) (  0,  0,  0))
         ((352, 64,  0) (383, 95, 31) (  0,  0,  0))
         ((352, 64, 32) (383, 95, 63) (  0,  0,  0))
         ((352, 64, 64) (383, 95, 95) (  0,  0,  0))
         ((352, 64, 96) (383, 95,127) (  0,  0,  0))
         ((352, 64,128) (383, 95,159) (  0,  0,  0))
         ((352, 64,160) (383, 95,191) (  0,  0,  0))
         ((352, 64,192) (383, 95,223) (  0,  0,  0))
         ((352, 64,224) (383, 95,255) (  0,  0,  0))
         ((352, 64,256) (383, 95,287) (  0,  0,  0))
         ((352, 64,288) (383, 95,319) (  0,  0,  0))
         ((352, 64,320) (383, 95,351) (  0,  0,  0))
         ((352, 64,352) (383, 95,383) (  0,  0,  0))
         ((352, 96,  0) (383,127, 31) (  0,  0,  0))
         ((352, 96, 32) (383,127, 63) (  0,  0,  0))
         ((352, 96, 64) (383,127, 95) (  0,  0,  0))
         ((352, 96, 96) (383,127,127) (  0,  0,  0))
         ((352, 96,128) (383,127,159) (  0,  0,  0))
         ((352, 96,160) (383,127,191) (  0,  0,  0))
         ((352, 96,192) (383,127,223) (  0,  0,  0))
         ((352, 96,224) (383,127,255) (  0,  0,  0))
         ((352, 96,256) (383,127,287) (  0,  0,  0))
         ((352, 96,288) (383,127,319) (  0,  0,  0))
         ((352, 96,320) (383,127,351) (  0,  0,  0))
         ((352, 96,352) (383,127,383) (  0,  0,  0))
         ((352,128,  0) (383,159, 31) (  0,  0,  0))
         ((352,128, 32) (383,159, 63) (  0,  0,  0))
         ((352,128, 64) (383,159, 95) (  0,  0,  0))
         ((352,128, 96) (383,159,127) (  0,  0,  0))
         ((352,128,128) (383,159,159) (  0,  0,  0))
         ((352,128,160) (383,159,191) (  0,  0,  0))
         ((352,128,192) (383,159,223) (  0,  0,  0))
         ((352,128,224) (383,159,255) (  0,  0,  0))
         ((352,128,256) (383,159,287) (  0,  0,  0))
         ((352,128,288) (383,159,319) (  0,  0,  0))
         ((352,128,320) (383,159,351) (  0,  0,  0))
         ((352,128,352) (383,159,383) (  0,  0,  0))
         ((352,160,  0) (383,191, 31) (  0,  0,  0))
         ((352,160, 32) (383,191, 63) (  0,  0,  0))
         ((352,160, 64) (383,191, 95) (  0,  0,  0))
         ((352,160, 96) (383,191,127) (  0,  0,  0))
         ((352,160,128) (383,191,159) (  0,  0,  0))
         ((352,160,160) (383,191,191) (  0,  0,  0))
         ((352,160,192) (383,191,223) (  0,  0,  0))
         ((352,160,224) (383,191,255) (  0,  0,  0))
         ((352,160,256) (383,191,287) (  0,  0,  0))
         ((352,160,288) (383,191,319) (  0,  0,  0))
         ((352,160,320) (383,191,351) (  0,  0,  0))
         ((352,160,352) (383,191,383) (  0,  0,  0))
         ((352,192,  0) (383,223, 31) (  0,  0,  0))
         ((352,192, 32) (383,223, 63) (  0,  0,  0))
         ((352,192, 64) (383,223, 95) (  0,  0,  0))
         ((352,192, 96) (383,223,127) (  0,  0,  0))
         ((352,192,128) (383,223,159) (  0,  0,  0))
         ((352,192,160) (383,223,191) (  0,  0,  0))
         ((352,192,192) (383,223,223) (  0,  0,  0))
         ((352,192,224) (383,223,255) (  0,  0,  0))
         ((352,192,256) (383,223,287) (  0,  0,  0))
         ((352,192,288) (383,223,319) (  0,  0,  0))
         ((352,192,320) (383,223,351) (  0,  0,  0))
         ((352,192,352) (383,223,383) (  0,  0,  0))
         ((352,224,  0) (383,255, 31) (  0,  0,  0))
         ((352,224, 32) (383,255, 63) (  0,  0,  0))
         ((352,224, 64) (383,255, 95) (  0,  0,  0))
         ((352,224, 96) (383,255,127) (  0,  0,  0))
         ((352,224,128) (383,255,159) (  0,  0,  0))
         ((352,224,160) (383,255,191) (  0,  0,  0))
         ((352,224,192) (383,255,223) (  0,  0,  0))
         ((352,224,224) (383,255,255) (  0,  0,  0))
         ((352,224,256) (383,255,287) (  0,  0,  0))
         ((352,224,288) (383,255,319) (  0,  0,  0))
         ((352,224,320) (383,255,351) (  0,  0,  0))
         ((352,224,352) (383,255,383) (  0,  0,  0))
         ((352,256,  0) (383,287, 31) (  0,  0,  0))
         ((352,256, 32) (383,287, 63) (  0,  0,  0))
         ((352,256, 64) (383,287, 95) (  0,  0,  0))
         ((352,256, 96) (383,287,127) (  0,  0,  0))
         ((352,256,128) (383,287,159) (  0,  0,  0))
         ((352,256,160) (383,287,191) (  0,  0,  0))
         ((352,256,192) (383,287,223) (  0,  0,  0))
         ((352,256,224) (383,287,255) (  0,  0,  0))
         ((352,256,256) (383,287,287) (  0,  0,  0))
         ((352,256,288) (383,287,319) (  0,  0,  0))
         ((352,256,320) (383,287,351) (  0,  0,  0))
         ((352,256,352) (383,287,383) (  0,  0,  0))
         ((352,288,  0) (383,319, 31) (  0,  0,  0))
         ((352,288, 32) (383,319, 63) (  0,  0,  0))
         ((352,288, 64) (383,319, 95) (  0,  0,  0))
         ((352,288, 96) (383,319,127) (  0,  0,  0))
         ((352,288,128) (383,319,159) (  0,  0,  0))
         ((352,288,160) (383,319,191) (  0,  0,  0))
         ((352,288,192) (383,319,223) (  0,  0,  0))
         ((352,288,224) (383,319,255) (  0,  0,  0))
         ((352,288,256) (383,319,287) (  0,  0,  0))
         ((352,288,288) (383,319,319) (  0,  0,  0))
         ((352,288,320) (383,319,351) (  0,  0,  0))
         ((352,288,352) (383,319,383) (  0,  0,  0))
         ((352,320,  0) (383,351, 31) (  0,  0,  0))
         ((352,320, 32) (383,351, 63) (  0,  0,  0))
         ((352,320, 64) (383,351, 95) (  0,  0,  0))
         ((352,320, 96) (383,351,127) (  0,  0,  0))
         ((352,320,128) (383,351,159) (  0,  0,  0))
         ((352,320,160) (383,351,191) (  0,  0,  0))
         ((352,320,192) (383,351,223) (  0,  0,  0))
         ((352,320,224) (383,351,255) (  0,  0,  0))
         ((352,320,256) (383,351,287) (  0,  0,  0))
         ((352,320,288) (383,351,319) (  0,  0,  0))
         ((352,320,320) (383,351,351) (  0,  0,  0))
         ((352,320,352) (383,351,383) (  0,  0,  0))
         ((352,352,  0) (383,383, 31) (  0,  0,  0))
         ((352,352, 32) (383,383, 63) (  0,  0,  0))
         ((352,352, 64) (383,383, 95) (  0,  0,  0))
         ((352,352, 96) (383,383,127) (  0,  0,  0))
         ((352,352,128) (383,383,159) (  0,  0,  0))
         ((352,352,160) (383,383,191) (  0,  0,  0))
         ((352,352,192) (383,383,223) (  0,  0,  0))
         ((352,352,224) (383,383,255) (  0,  0,  0))
         ((352,352,256) (383,383,287) (  0,  0,  0))
         ((352,352,288) (383,383,319) (  0,  0,  0))
         ((352,352,320) (383,383,351) (  0,  0,  0))
         ((352,352,352) (383,383,383) (  0,  0,  0))

1
   ((  0,  0,  0) (383,383,383) (  0,  0,  0)) 64
         ((  0,  0,  0) ( 95, 95, 95) (  0,  0,  0))
         ((  0,  0, 96) ( 95, 95,191) (  0,  0,  0))
         ((  0,  0,192) ( 95, 95,287) (  0,  0,  0))
         ((  0,  0,288) ( 95, 95,383) (  0,  0,  0))
         ((  0, 96,  0) ( 95,191, 95) (  0,  0,  0))
         ((  0, 96, 96) ( 95,191,191) (  0,  0,  0))
         ((  0, 96,192) ( 95,191,287) (  0,  0,  0))
         ((  0, 96,288) ( 95,191,383) (  0,  0,  0))
         ((  0,192,  0) ( 95,287, 95) (  0,  0,  0))
         ((  0,192, 96) ( 95,287,191) (  0,  0,  0))
         ((  0,192,192) ( 95,287,287) (  0,  0,  0))
         ((  0,192,288) ( 95,287,383) (  0,  0,  0))
         ((  0,288,  0) ( 95,383, 95) (  0,  0,  0))
         ((  0,288, 96) ( 95,383,191) (  0,  0,  0))
         ((  0,288,192) ( 95,383,287) (  0,  0,  0))
         ((  0,288,288) ( 95,383,383) (  0,  0,  0))
         (( 96,  0,  0) (191, 95, 95) (  0,  0,  0))
         (( 96,  0, 96) (191, 95,191) (  0,  0,  0))
         (( 96,  0,192) (191, 95,287) (  0,  0,  0))
         (( 96,  0,288) (191, 95,383) (  0,  0,  0))
         (( 96, 96,  0) (191,191, 95) (  0,  0,  0))
         (( 96, 96, 96) (191,191,191) (  0,  0,  0))
         (( 96, 96,192) (191,191,287) (  0,  0,  0))
         (( 96, 96,288) (191,191,383) (  0,  0,  0))
         (( 96,192,  0) (191,287, 95) (  0,  0,  0))
         (( 96,192, 96) (191,287,191) (  0,  0,  0))
         (( 96,192,192) (191,287,287) (  0,  0,  0))
         (( 96,192,288) (191,287,383) (  0,  0,  0))
         (( 96,288,  0) (191,383, 95) (  0,  0,  0))
         (( 96,288, 96) (191,383,191) (  0,  0,  0))
         (( 96,288,192) (191,383,287) (  0,  0,  0))
         (( 96,288,288) (191,383,383) (  0,  0,  0))
         ((192,  0,  0) (287, 95, 95) (  0,  0,  0))
         ((192,  0, 96) (287, 95,191) (  0,  0,  0))
         ((192,  0,192) (287, 95,287) (  0,  0,  0))
         ((192,  0,288) (287, 95,383) (  0,  0,  0))
         ((192, 96,  0) (287,191, 95) (  0,  0,  0))
         ((192, 96, 96) (287,191,191) (  0,  0,  0))
         ((192, 96,192) (287,191,287) (  0,  0,  0))
         ((192, 96,288) (287,191,383) (  0,  0,  0))
         ((192,192,  0) (287,287, 95) (  0,  0,  0))
         ((192,192, 96) (287,287,191) (  0,  0,  0))
         ((192,192,192) (287,287,287) (  0,  0,  0))
         ((192,192,288) (287,287,383) (  0,  0,  0))
         ((192,288,  0) (287,383, 95) (  0,  0,  0))
         ((192,288, 96) (287,383,191) (  0,  0,  0))
         ((192,288,192) (287,383,287) (  0,  0,  0))
         ((192,288,288) (287,383,383) (  0,  0,  0))
         ((288,  0,  0) (383, 95, 95) (  0,  0,  0))
         ((288,  0, 96) (383, 95,191) (  0,  0,  0))
         ((288,  0,192) (383, 95,287) (  0,  0,  0))
         ((288,  0,288) (383, 95,383) (  0,  0,  0))
         ((288, 96,  0) (383,191, 95) (  0,  0,  0))
         ((288, 96, 96) (383,191,191) (  0,  0,  0))
         ((288, 96,192) (383,191,287) (  0,  0,  0))
         ((288, 96,288) (383,191,383) (  0,  0,  0))
         ((288,192,  0) (383,287, 95) (  0,  0,  0))
         ((288,192, 96) (383,287,191) (  0,  0,  0))
         ((288,192,192) (383,287,287) (  0,  0,  0))
         ((288,192,288) (383,287,383) (  0,  0,  0))
         ((288,288,  0) (383,383, 95) (  0,  0,  0))
         ((288,288, 96) (383,383,191) (  0,  0,  0))
         ((288,288,192) (383,383,287) (  0,  0,  0))
         ((288,288,288) (383,383,383) (  0,  0,  0))
