1
   ((   0,   0,   0) (  95,  95,  95) (   0,   0,   0))       27
         ((   0,   0,   0) (  31,  31,  31) (   0,   0,   0))
         ((   0,   0,  32) (  31,  31,  63) (   0,   0,   0))
         ((   0,   0,  64) (  31,  31,  95) (   0,   0,   0))
         ((   0,  32,   0) (  31,  63,  31) (   0,   0,   0))
         ((   0,  32,  32) (  31,  63,  63) (   0,   0,   0))
         ((   0,  32,  64) (  31,  63,  95) (   0,   0,   0))
         ((   0,  64,   0) (  31,  95,  31) (   0,   0,   0))
         ((   0,  64,  32) (  31,  95,  63) (   0,   0,   0))
         ((   0,  64,  64) (  31,  95,  95) (   0,   0,   0))
         ((  32,   0,   0) (  63,  31,  31) (   0,   0,   0))
         ((  32,   0,  32) (  63,  31,  63) (   0,   0,   0))
         ((  32,   0,  64) (  63,  31,  95) (   0,   0,   0))
         ((  32,  32,   0) (  63,  63,  31) (   0,   0,   0))
         ((  32,  32,  32) (  63,  63,  63) (   0,   0,   0))
         ((  32,  32,  64) (  63,  63,  95) (   0,   0,   0))
         ((  32,  64,   0) (  63,  95,  31) (   0,   0,   0))
         ((  32,  64,  32) (  63,  95,  63) (   0,   0,   0))
         ((  32,  64,  64) (  63,  95,  95) (   0,   0,   0))
         ((  64,   0,   0) (  95,  31,  31) (   0,   0,   0))
         ((  64,   0,  32) (  95,  31,  63) (   0,   0,   0))
         ((  64,   0,  64) (  95,  31,  95) (   0,   0,   0))
         ((  64,  32,   0) (  95,  63,  31) (   0,   0,   0))
         ((  64,  32,  32) (  95,  63,  63) (   0,   0,   0))
         ((  64,  32,  64) (  95,  63,  95) (   0,   0,   0))
         ((  64,  64,   0) (  95,  95,  31) (   0,   0,   0))
         ((  64,  64,  32) (  95,  95,  63) (   0,   0,   0))
         ((  64,  64,  64) (  95,  95,  95) (   0,   0,   0))

1
   ((   0,   0,   0) (  95,  95,  95) (   0,   0,   0))  8
         ((   0,   0,   0) (  47,  47,  47) (   0,   0,   0))  
         ((   0,   0,  48) (  47,  47,  95) (   0,   0,   0))
         ((   0,  48,   0) (  47,  95,  47) (   0,   0,   0))
         ((   0,  48,  48) (  47,  95,  95) (   0,   0,   0))
         ((  48,   0,   0) (  95,  47,  47) (   0,   0,   0))
         ((  48,   0,  48) (  95,  47,  95) (   0,   0,   0))
         ((  48,  48,   0) (  95,  95,  47) (   0,   0,   0))
         ((  48,  48,  48) (  95,  95,  95) (   0,   0,   0))
