# npts =    48
# num of variables =     6
# density
# temperature
# pressure
# carbon-12       
# oxygen-16       
# magnesium-24    
   5208333.333       2648897081.       596565591.4      0.1804936163E+28  0.4974204691      0.4983205062      0.4259024678E-02
   15625000.00       2422466164.       566300000.0      0.1601231496E+28  0.4974247402      0.4983247850      0.4250474738E-02
   26041666.67       2037585814.       510843589.7      0.1269731406E+28  0.4974317053      0.4983317626      0.4236532122E-02
   36458333.33       1593342199.       442257377.0      0.9129469020E+27  0.4974712995      0.4983060091      0.4222691386E-02
   46875000.00       1173382327.       370067058.8      0.6054373060E+27  0.4974952810      0.4982952734      0.4209445542E-02
   57291666.67       824248358.0       301585567.0      0.3766120349E+27  0.4975010462      0.4983010478      0.4197905992E-02
   67708333.33       558412342.4       241837037.0      0.2229407557E+27  0.4975067522      0.4983067630      0.4186484782E-02
   78125000.00       367971237.4       192452631.6      0.1269655004E+27  0.4975116303      0.4983116490      0.4176720796E-02
   88541666.67       237183152.7       153394444.4      0.7004787925E+26  0.4975154101      0.4983154349      0.4169155056E-02
   98958333.33       149942593.8       130508006.5      0.3754858271E+26  0.5000000000      0.5000000000      0.1700513072E-24
   109375000.0       92962768.37       123606250.0      0.1953436675E+26  0.5000000000      0.5000000000      0.1164362500E-26
   119791666.7       56365166.62       117362500.0      0.9806145930E+25  0.5000000000      0.5000000000      0.8698500000E-29
   130208333.3       33184954.38       111795833.3      0.4693038023E+25  0.5000000000      0.5000000000      0.8852782738E-31
   140625000.0       18723889.66       105604487.2      0.2095114286E+25  0.5000000000      0.5000000000      0.6016987179E-33
   151041666.7       9880001.111       97737392.47      0.8380918732E+24  0.5000000000      0.5000000000      0.3724650538E-35
   161458333.3       4634130.491       86750000.00      0.2763676623E+24  0.5000000000      0.5000000000       0.000000000    
   171875000.0       1683485.857       86750000.00      0.6022154243E+23  0.5000000000      0.5000000000       0.000000000    
   182291666.7       215301.2543       86750000.00      0.2538848424E+22  0.5000000000      0.5000000000       0.000000000    
   192708333.3      0.1000000000E-03   10000000.00      0.2526734906E+14  0.5000000000      0.5000000000       0.000000000    
   203125000.0      0.1000000000E-03   10000000.00      0.2526734906E+14  0.5000000000      0.5000000000       0.000000000    
   213541666.7      0.1000000000E-03   10000000.00      0.2526734906E+14  0.5000000000      0.5000000000       0.000000000    
   223958333.3      0.1000000000E-03   10000000.00      0.2526734906E+14  0.5000000000      0.5000000000       0.000000000    
   234375000.0      0.1000000000E-03   10000000.00      0.2526734906E+14  0.5000000000      0.5000000000       0.000000000    
   244791666.7      0.1000000000E-03   10000000.00      0.2526734906E+14  0.5000000000      0.5000000000       0.000000000    
   255208333.3      0.1000000000E-03   10000000.00      0.2526734906E+14  0.5000000000      0.5000000000       0.000000000    
   265625000.0      0.1000000000E-03   10000000.00      0.2526734906E+14  0.5000000000      0.5000000000       0.000000000    
   276041666.7      0.1000000000E-03   10000000.00      0.2526734906E+14  0.5000000000      0.5000000000       0.000000000    
   286458333.3      0.1000000000E-03   10000000.00      0.2526734906E+14  0.5000000000      0.5000000000       0.000000000    
   296875000.0      0.1000000000E-03   10000000.00      0.2526734906E+14  0.5000000000      0.5000000000       0.000000000    
   307291666.7      0.1000000000E-03   10000000.00      0.2526734906E+14  0.5000000000      0.5000000000       0.000000000    
   317708333.3      0.1000000000E-03   10000000.00      0.2526734906E+14  0.5000000000      0.5000000000       0.000000000    
   328125000.0      0.1000000000E-03   10000000.00      0.2526734906E+14  0.5000000000      0.5000000000       0.000000000    
   338541666.7      0.1000000000E-03   10000000.00      0.2526734906E+14  0.5000000000      0.5000000000       0.000000000    
   348958333.3      0.1000000000E-03   10000000.00      0.2526734906E+14  0.5000000000      0.5000000000       0.000000000    
   359375000.0      0.1000000000E-03   10000000.00      0.2526734906E+14  0.5000000000      0.5000000000       0.000000000    
   369791666.7      0.1000000000E-03   10000000.00      0.2526734906E+14  0.5000000000      0.5000000000       0.000000000    
   380208333.3      0.1000000000E-03   10000000.00      0.2526734906E+14  0.5000000000      0.5000000000       0.000000000    
   390625000.0      0.1000000000E-03   10000000.00      0.2526734906E+14  0.5000000000      0.5000000000       0.000000000    
   401041666.7      0.1000000000E-03   10000000.00      0.2526734906E+14  0.5000000000      0.5000000000       0.000000000    
   411458333.3      0.1000000000E-03   10000000.00      0.2526734906E+14  0.5000000000      0.5000000000       0.000000000    
   421875000.0      0.1000000000E-03   10000000.00      0.2526734906E+14  0.5000000000      0.5000000000       0.000000000    
   432291666.7      0.1000000000E-03   10000000.00      0.2526734906E+14  0.5000000000      0.5000000000       0.000000000    
   442708333.3      0.1000000000E-03   10000000.00      0.2526734906E+14  0.5000000000      0.5000000000       0.000000000    
   453125000.0      0.1000000000E-03   10000000.00      0.2526734906E+14  0.5000000000      0.5000000000       0.000000000    
   463541666.7      0.1000000000E-03   10000000.00      0.2526734906E+14  0.5000000000      0.5000000000       0.000000000    
   473958333.3      0.1000000000E-03   10000000.00      0.2526734906E+14  0.5000000000      0.5000000000       0.000000000    
   484375000.0      0.1000000000E-03   10000000.00      0.2526734906E+14  0.5000000000      0.5000000000       0.000000000    
   494791666.7      0.1000000000E-03   10000000.00      0.2526734906E+14  0.5000000000      0.5000000000       0.000000000    
