# npts =   640
# num of variables =     6
# density
# temperature
# pressure
# carbon-12       
# oxygen-16       
# magnesium-24    
   390625.0000       2674000000.       599900000.0      0.1800990886E+28  0.4974201555      0.4983201919      0.4259652601E-02
   1171875.000       2672644604.       599900000.0      0.1799771401E+28  0.4974201555      0.4983201919      0.4259652601E-02
   1953125.000       2669936384.       599900000.0      0.1797335366E+28  0.4974201555      0.4983201919      0.4259652601E-02
   2734375.000       2665892049.       599444000.7      0.1793688696E+28  0.4974201555      0.4983201919      0.4259652601E-02
   3515625.000       2660515415.       598685810.8      0.1788840200E+28  0.4974201555      0.4983201919      0.4259652601E-02
   4296875.000       2653812069.       597809558.8      0.1782801557E+28  0.4974201555      0.4983201919      0.4259652601E-02
   5078125.000       2645795741.       596775604.8      0.1775587270E+28  0.4974203199      0.4983203567      0.4259323431E-02
   5859375.000       2636484545.       595466424.1      0.1767214587E+28  0.4974206579      0.4983206953      0.4258646862E-02
   6640625.000       2625891954.       594044735.1      0.1757703424E+28  0.4974206579      0.4983206953      0.4258646862E-02
   7421875.000       2614038646.       592477971.0      0.1747076280E+28  0.4974208581      0.4983208959      0.4258246023E-02
   8203125.000       2600948474.       590696573.2      0.1735358126E+28  0.4974211553      0.4983211936      0.4257651078E-02
   8984375.000       2586644992.       588729473.7      0.1722576288E+28  0.4974213252      0.4983213638      0.4257310978E-02
   9765625.000       2571153633.       586613837.4      0.1708760330E+28  0.4974216577      0.4983216969      0.4256645334E-02
   10546875.00       2554504379.       584283423.9      0.1693941921E+28  0.4974221552      0.4983221953      0.4255649547E-02
   11328125.00       2536724512.       581859615.4      0.1678154695E+28  0.4974225534      0.4983225942      0.4254852436E-02
   12109375.00       2517845489.       579368750.0      0.1661434119E+28  0.4974226576      0.4983226986      0.4254643799E-02
   12890625.00       2497902119.       576744207.3      0.1643817326E+28  0.4974231550      0.4983231969      0.4253648007E-02
   13671875.00       2476929658.       573965159.6      0.1625342955E+28  0.4974236545      0.4983236973      0.4252648148E-02
   14453125.00       2454965870.       570988207.5      0.1606050990E+28  0.4974241549      0.4983241986      0.4251646460E-02
   15234375.00       2432045824.       567936250.0      0.1585982602E+28  0.4974243873      0.4983244314      0.4251181298E-02
   16015625.00       2408212284.       564655263.2      0.1565179979E+28  0.4974250812      0.4983251265      0.4249792309E-02
   16796875.00       2383502301.       561274062.5      0.1543686157E+28  0.4974252527      0.4983252984      0.4249448991E-02
   17578125.00       2357958728.       557708750.0      0.1521544863E+28  0.4974259044      0.4983259513      0.4248144355E-02
   18359375.00       2331622591.       553983020.8      0.1498800342E+28  0.4974265521      0.4983266002      0.4246847734E-02
   19140625.00       2304532794.       550238437.5      0.1475497217E+28  0.4974271545      0.4983272037      0.4245641770E-02
   19921875.00       2276737739.       546220974.6      0.1451680307E+28  0.4974273520      0.4983274015      0.4245246495E-02
   20703125.00       2248276407.       542098793.9      0.1427394471E+28  0.4974280263      0.4983280770      0.4243896786E-02
   21484375.00       2219192580.       537842361.1      0.1402684486E+28  0.4974287118      0.4983287637      0.4242524475E-02
   22265625.00       2189529069.       533470047.2      0.1377594886E+28  0.4974291543      0.4983292071      0.4241638602E-02
   23046875.00       2159329426.       528968229.2      0.1352169828E+28  0.4974297113      0.4983297651      0.4240523611E-02
   23828125.00       2128635562.       524397962.0      0.1326452965E+28  0.4974301542      0.4983302088      0.4239637007E-02
   24609375.00       2097492452.       519675148.8      0.1300487310E+28  0.4974306545      0.4983307100      0.4238635509E-02
   25390625.00       2065940590.       514916250.0      0.1274315123E+28  0.4974313787      0.4983314355      0.4237185726E-02
   26171875.00       2034024502.       510042307.7      0.1247977802E+28  0.4974318730      0.4983319307      0.4236196323E-02
   26953125.00       2001783871.       505191611.8      0.1221515781E+28  0.4974323937      0.4983324524      0.4235153893E-02
   27734375.00       1969261231.       500274324.3      0.1194968437E+28  0.4974329312      0.4983329908      0.4234077941E-02
   28515625.00       1936496197.       495311842.1      0.1168374005E+28  0.4974334624      0.4983335229      0.4233014689E-02
   29296875.00       1903531664.       490210032.9      0.1141769482E+28  0.4974339926      0.4983340541      0.4231953208E-02
   30078125.00       1870403328.       485157187.5      0.1115190575E+28  0.4974344873      0.4983345497      0.4230963021E-02
   30859375.00       1837152393.       479996875.0      0.1088671645E+28  0.4974349516      0.4983350149      0.4230033468E-02
   31640625.00       1803814152.       474800284.1      0.1062245638E+28  0.4974353693      0.4983354333      0.4229197471E-02
   32421875.00       1770423010.       469625930.9      0.1035944082E+28  0.4974357323      0.4983357969      0.4228470818E-02
   33203125.00       1737014443.       464419770.4      0.1009797039E+28  0.4974365426      0.4983366087      0.4226848625E-02
   33984375.00       1703621856.       459183490.6      0.9838330621E+27  0.4974368104      0.4983368770      0.4226312606E-02
   34765625.00       1670277996.       453903977.3      0.9580791870E+27  0.4974375295      0.4983375974      0.4224873067E-02
   35546875.00       1637014853.       448565783.9      0.9325609068E+27  0.4974377208      0.4983377891      0.4224490048E-02
   36328125.00       1603863476.       443153893.4      0.9073021620E+27  0.4974604651      0.4983165386      0.4222996212E-02
   37109375.00       1570851139.       437801091.3      0.8823253575E+27  0.4974892579      0.4982892407      0.4221501426E-02
   37890625.00       1538005960.       432411057.7      0.8576513741E+27  0.4974898605      0.4982898442      0.4220295331E-02
   38671875.00       1505354770.       427033823.5      0.8332995651E+27  0.4974899489      0.4982899327      0.4220118451E-02
   39453125.00       1472925434.       421543221.8      0.8092877542E+27  0.4974905167      0.4982905015      0.4218981751E-02
   40234375.00       1440738066.       416141840.3      0.7856322897E+27  0.4974910659      0.4982910515      0.4217882622E-02
   41015625.00       1408816804.       410692905.4      0.7623480844E+27  0.4974916023      0.4982915888      0.4216808980E-02
   41796875.00       1377181676.       405220477.0      0.7394486258E+27  0.4974921247      0.4982921121      0.4215763166E-02
   42578125.00       1345850837.       399803814.9      0.7169460405E+27  0.4974926332      0.4982926213      0.4214745478E-02
   43359375.00       1314843664.       394398022.2      0.6948511183E+27  0.4974931343      0.4982931233      0.4213742394E-02
   44140625.00       1284179033.       388945625.0      0.6731733263E+27  0.4974936263      0.4982936160      0.4212757746E-02
   44921875.00       1253873476.       383493064.0      0.6519208540E+27  0.4974941091      0.4982940996      0.4211791354E-02
   45703125.00       1223939976.       378086972.9      0.6311006881E+27  0.4974945839      0.4982945751      0.4210840995E-02
   46484375.00       1194393405.       372732500.0      0.6107186550E+27  0.4974950501      0.4982950422      0.4209907738E-02
   47265625.00       1165247721.       367395130.8      0.5907794412E+27  0.4974955107      0.4982955035      0.4208985762E-02
   48046875.00       1136514507.       362043031.6      0.5712866511E+27  0.4974959660      0.4982959595      0.4208074528E-02
   48828125.00       1108202355.       356745224.7      0.5522428837E+27  0.4974964127      0.4982964069      0.4207180442E-02
   49609375.00       1080320198.       351478370.8      0.5336497898E+27  0.4974968537      0.4982968487      0.4206297591E-02
   50390625.00       1052875759.       346262500.0      0.5155081133E+27  0.4974972868      0.4982972824      0.4205430815E-02
   51171875.00       1025878104.       340991736.1      0.4978177235E+27  0.4974977217      0.4982977181      0.4204560197E-02
   51953125.00       999332746.3       335810054.3      0.4805776685E+27  0.4974981501      0.4982981472      0.4203702712E-02
   52734375.00       973244545.8       330703561.8      0.4637862446E+27  0.4974985725      0.4982985702      0.4202857382E-02
   53515625.00       947619593.9       325606648.9      0.4474410272E+27  0.4974989928      0.4982989912      0.4202015935E-02
   54296875.00       922461139.2       320619946.8      0.4315389173E+27  0.4974994063      0.4982994054      0.4201188311E-02
   55078125.00       897773346.4       315603618.4      0.4160761919E+27  0.4974998195      0.4982998193      0.4200361207E-02
   55859375.00       873557036.2       310587171.1      0.4010485578E+27  0.4975002296      0.4983002299      0.4199540490E-02
   56640625.00       849811976.3       305646093.8      0.3864512220E+27  0.4975006386      0.4983006396      0.4198721815E-02
   57421875.00       826538731.0       300780154.6      0.3722789266E+27  0.4975011804      0.4983011823      0.4197637311E-02
   58203125.00       803738282.8       295959757.7      0.3585259692E+27  0.4975019475      0.4983019507      0.4196101809E-02
   58984375.00       781409749.8       291256313.8      0.3451862455E+27  0.4975023441      0.4983023479      0.4195307956E-02
   59765625.00       759552567.7       286552869.9      0.3322532914E+27  0.4975027441      0.4983027485      0.4194507440E-02
   60546875.00       738165615.9       281896045.9      0.3197203132E+27  0.4975031423      0.4983031474      0.4193710289E-02
   61328125.00       717246387.9       277287752.5      0.3075802312E+27  0.4975035389      0.4983035446      0.4192916486E-02
   62109375.00       696791410.8       272715719.7      0.2958257254E+27  0.4975039352      0.4983039415      0.4192123285E-02
   62890625.00       676796324.4       268217613.6      0.2844492765E+27  0.4975043278      0.4983043348      0.4191337445E-02
   63671875.00       657257019.6       263817500.0      0.2734431950E+27  0.4975047204      0.4983047280      0.4190551667E-02
   64453125.00       638170494.8       259460416.7      0.2627996332E+27  0.4975051130      0.4983051212      0.4189765862E-02
   65234375.00       619532867.6       255130937.5      0.2525106042E+27  0.4975055056      0.4983055144      0.4188980038E-02
   66015625.00       601338833.0       250834062.5      0.2425680220E+27  0.4975058981      0.4983059076      0.4188194271E-02
   66796875.00       583583541.5       246648042.9      0.2329637284E+27  0.4975062907      0.4983063008      0.4187408428E-02
   67578125.00       566261829.1       242520959.6      0.2236895103E+27  0.4975066861      0.4983066968      0.4186617067E-02
   68359375.00       549367327.8       238451704.5      0.2147371295E+27  0.4975070809      0.4983070923      0.4185826773E-02
   69140625.00       532893606.8       234440277.8      0.2060983488E+27  0.4975074742      0.4983074862      0.4185039609E-02
   69921875.00       516834504.7       230494570.7      0.1977649454E+27  0.4975078707      0.4983078834      0.4184245899E-02
   70703125.00       501184685.3       226584375.0      0.1897287166E+27  0.4975082673      0.4983082806      0.4183452044E-02
   71484375.00       485937434.8       222704123.7      0.1819814968E+27  0.4975086692      0.4983086831      0.4182647709E-02
   72265625.00       471086222.3       218903221.6      0.1745151794E+27  0.4975090723      0.4983090869      0.4181840871E-02
   73046875.00       456624579.0       215198324.7      0.1673217261E+27  0.4975094736      0.4983094889      0.4181037509E-02
   73828125.00       442545919.1       211493427.8      0.1603931775E+27  0.4975098783      0.4983098942      0.4180227427E-02
   74609375.00       428841859.9       207902864.6      0.1537216778E+27  0.4975102832      0.4983102997      0.4179417037E-02
   75390625.00       415505572.5       204378450.5      0.1472994847E+27  0.4975106909      0.4983107081      0.4178601010E-02
   76171875.00       402530523.6       200900131.6      0.1411189637E+27  0.4975110999      0.4983111178      0.4177782289E-02
   76953125.00       389909967.0       197466513.2      0.1351725942E+27  0.4975114089      0.4983114273      0.4177163758E-02
   77734375.00       377636465.3       194097368.4      0.1294529832E+27  0.4975114257      0.4983114441      0.4177130273E-02
   78515625.00       365703425.5       190807894.7      0.1239528696E+27  0.4975118348      0.4983118539      0.4176311320E-02
   79296875.00       354103522.1       187585460.5      0.1186651288E+27  0.4975122440      0.4983122637      0.4175492366E-02
   80078125.00       342829444.0       184378223.7      0.1135827825E+27  0.4975126556      0.4983126759      0.4174668503E-02
   80859375.00       331873572.2       181221609.0      0.1086990048E+27  0.4975130689      0.4983130899      0.4173841156E-02
   81640625.00       321228827.3       178152302.6      0.1040071241E+27  0.4975134087      0.4983134303      0.4173160993E-02
   82421875.00       310888961.6       175109539.5      0.9950061591E+26  0.4975134128      0.4983134344      0.4173152803E-02
   83203125.00       300845974.9       172225328.9      0.9517311201E+26  0.4975138074      0.4983138296      0.4172363031E-02
   83984375.00       291094559.3       169324135.6      0.9101839622E+26  0.4975142198      0.4983142427      0.4171537554E-02
   84765625.00       281627464.6       166431907.9      0.8703040060E+26  0.4975144102      0.4983144334      0.4171156335E-02
   85546875.00       272437110.3       163607697.4      0.8320322285E+26  0.4975145475      0.4983145709      0.4170881563E-02
   86328125.00       263516320.8       160893881.6      0.7953112666E+26  0.4975149105      0.4983149345      0.4170154980E-02
   87109375.00       254859242.4       158180065.8      0.7600853037E+26  0.4975149105      0.4983149345      0.4170154980E-02
   87890625.00       246459105.3       155564583.3      0.7263000463E+26  0.4975152736      0.4983152982      0.4169428183E-02
   88671875.00       238309752.6       152960416.7      0.6939027463E+26  0.4975154108      0.4983154355      0.4169153705E-02
   89453125.00       230405109.4       150391992.2      0.6628421534E+26  0.4975155909      0.4983156159      0.4168793217E-02
   90234375.00       222738558.6       147886328.1      0.6330685432E+26  0.4975159106      0.4983159361      0.4168153298E-02
   91015625.00       215303565.3       145444921.9      0.6045337412E+26  0.4975159106      0.4983159361      0.4168153298E-02
   91796875.00       208094087.8       143028221.6      0.5771910776E+26  0.4975159106      0.4983159361      0.4168153298E-02
   92578125.00       201104129.1       140689221.9      0.5509953423E+26  0.4975162041      0.4983162301      0.4167565814E-02
   93359375.00       194328200.8       138377359.7      0.5259027396E+26  0.4975164081      0.4983164345      0.4167157433E-02
   94140625.00       187760173.2       136016161.6      0.5018708849E+26  0.4979695504      0.4986236084      0.3406841174E-02
   94921875.00       181393589.7       133490909.1      0.4788588520E+26  0.4999294456      0.4999521729      0.1183814173E-03
   95703125.00       175219479.0       132867487.4      0.4568273329E+26  0.5000000000      0.5000000000      0.1387716635E-10
   96484375.00       169237423.2       132264500.0      0.4357382463E+26  0.5000000000      0.5000000000      0.5893413125E-24
   97265625.00       163441955.5       131674319.3      0.4155545081E+26  0.5000000000      0.5000000000      0.3992191832E-24
   98046875.00       157827975.4       131133517.2      0.3962403070E+26  0.5000000000      0.5000000000      0.2678096814E-24
   98828125.00       152390451.1       130597365.2      0.3777610620E+26  0.5000000000      0.5000000000      0.1840167892E-24
   99609375.00       147124634.7       130065473.3      0.3600833842E+26  0.5000000000      0.5000000000      0.1273958131E-24
   100390625.0       142025813.7       129487500.0      0.3431750406E+26  0.5000000000      0.5000000000      0.8623671875E-25
   101171875.0       137088847.2       128890625.0      0.3270049600E+26  0.5000000000      0.5000000000      0.5764468750E-25
   101953125.0       132308490.5       128393465.9      0.3115432447E+26  0.5000000000      0.5000000000      0.4016599432E-25
   102734375.0       127680628.9       127896306.8      0.2967610924E+26  0.5000000000      0.5000000000      0.2831017045E-25
   103515625.0       123201041.0       127379062.5      0.2826307187E+26  0.5000000000      0.5000000000      0.1919831250E-25
   104296875.0       118865342.0       126838352.3      0.2691253555E+26  0.5000000000      0.5000000000      0.1260839489E-25
   105078125.0       114669280.7       126341193.2      0.2562192341E+26  0.5000000000      0.5000000000      0.8805127841E-26
   105859375.0       110608878.5       125793181.8      0.2438875444E+26  0.5000000000      0.5000000000      0.6103321023E-26
   106640625.0       106679711.9       125259635.4      0.2321064264E+26  0.5000000000      0.5000000000      0.4157015625E-26
   107421875.0       102877649.9       124803906.2      0.2208529591E+26  0.5000000000      0.5000000000      0.2926546875E-26
   108203125.0       99199381.46       124316193.2      0.2101050830E+26  0.5000000000      0.5000000000      0.2034650568E-26
   108984375.0       95641006.36       123834114.6      0.1998415700E+26  0.5000000000      0.5000000000      0.1376536979E-26
   109765625.0       92199031.07       123378385.4      0.1900420161E+26  0.5000000000      0.5000000000      0.9521880208E-27
   110546875.0       88870102.00       122868750.0      0.1806867962E+26  0.5000000000      0.5000000000      0.6749492188E-27
   111328125.0       85650446.39       122366927.1      0.1717570612E+26  0.5000000000      0.5000000000      0.4587812500E-27
   112109375.0       82536557.08       121911197.9      0.1632347296E+26  0.5000000000      0.5000000000      0.3165937500E-27
   112890625.0       79525546.14       121406250.0      0.1551024258E+26  0.5000000000      0.5000000000      0.2205242187E-27
   113671875.0       76614115.77       120907451.9      0.1473434533E+26  0.5000000000      0.5000000000      0.1478632212E-27
   114453125.0       73799122.21       120486778.8      0.1399417930E+26  0.5000000000      0.5000000000      0.1054233173E-27
   115234375.0       71077879.35       120032692.3      0.1328820573E+26  0.5000000000      0.5000000000      0.7337834135E-28
   116015625.0       68447329.19       119551923.1      0.1261494711E+26  0.5000000000      0.5000000000      0.4963435096E-28
   116796875.0       65904506.80       119071153.8      0.1197298719E+26  0.5000000000      0.5000000000      0.3535177885E-28
   117578125.0       63446698.39       118610937.5      0.1136096777E+26  0.5000000000      0.5000000000      0.2369212054E-28
   118359375.0       61071190.16       118220312.5      0.1077758620E+26  0.5000000000      0.5000000000      0.1703475446E-28
   119140625.0       58775698.44       117781026.8      0.1022159205E+26  0.5000000000      0.5000000000      0.1170631250E-28
   119921875.0       56557773.96       117278794.6      0.9691784564E+25  0.5000000000      0.5000000000      0.8096937500E-29
   120703125.0       54414599.52       116848437.5      0.9187013953E+25  0.5000000000      0.5000000000      0.5715816406E-29
   121484375.0       52343818.34       116457812.5      0.8706179680E+25  0.5000000000      0.5000000000      0.4013667969E-29
   122265625.0       50343349.48       116026102.9      0.8248225928E+25  0.5000000000      0.5000000000      0.2826685662E-29
   123046875.0       48410966.08       115566544.1      0.7812139909E+25  0.5000000000      0.5000000000      0.1988909926E-29
   123828125.0       46544459.73       115128125.0      0.7396951346E+25  0.5000000000      0.5000000000      0.1362671875E-29
   124609375.0       44741747.58       114718898.8      0.7001730766E+25  0.5000000000      0.5000000000      0.1028557292E-29
   125390625.0       43000762.14       114309672.6      0.6625587846E+25  0.5000000000      0.5000000000      0.6944427083E-30
   126171875.0       41319501.15       113890234.4      0.6267670062E+25  0.5000000000      0.5000000000      0.5093730469E-30
   126953125.0       39696101.57       113467057.3      0.5927160841E+25  0.5000000000      0.5000000000      0.3788717448E-30
   127734375.0       38128702.21       113043880.2      0.5603278044E+25  0.5000000000      0.5000000000      0.2483704427E-30
   128515625.0       36615538.24       112642187.5      0.5295272652E+25  0.5000000000      0.5000000000      0.1770383371E-30
   129296875.0       35154869.04       112251562.5      0.5002427409E+25  0.5000000000      0.5000000000      0.1361873326E-30
   130078125.0       33744949.74       111860937.5      0.4724055898E+25  0.5000000000      0.5000000000      0.9533632813E-31
   130859375.0       32384132.70       111466354.2      0.4459501346E+25  0.5000000000      0.5000000000      0.5672193750E-31
   131640625.0       31070949.21       111023645.8      0.4208134739E+25  0.5000000000      0.5000000000      0.4530006250E-31
   132421875.0       29803782.95       110580937.5      0.3969353952E+25  0.5000000000      0.5000000000      0.3387818750E-31
   133203125.0       28581197.15       110138229.2      0.3742582911E+25  0.5000000000      0.5000000000      0.2245631250E-31
   133984375.0       27401704.33       109691544.1      0.3527270383E+25  0.5000000000      0.5000000000      0.1312470772E-31
   134765625.0       26263869.19       109231985.3      0.3322889305E+25  0.5000000000      0.5000000000      0.1055990993E-31
   135546875.0       25166345.64       108772426.5      0.3128935586E+25  0.5000000000      0.5000000000      0.7995112132E-32
   136328125.0       24107837.20       108312867.6      0.2944926958E+25  0.5000000000      0.5000000000      0.5430314338E-32
   137109375.0       23087106.30       107853308.8      0.2770401982E+25  0.5000000000      0.5000000000      0.2865516544E-32
   137890625.0       22102955.78       107357291.7      0.2604919110E+25  0.5000000000      0.5000000000      0.2171510417E-32
   138671875.0       21154103.51       106856490.4      0.2448056304E+25  0.5000000000      0.5000000000      0.1722992788E-32
   139453125.0       20239386.54       106355689.1      0.2299410370E+25  0.5000000000      0.5000000000      0.1274475160E-32
   140234375.0       19357720.13       105854887.8      0.2158595733E+25  0.5000000000      0.5000000000      0.8259575321E-33
   141015625.0       18508031.59       105354086.5      0.2025243627E+25  0.5000000000      0.5000000000      0.3774399038E-33
   141796875.0       17689319.48       104820898.4      0.1899001343E+25  0.5000000000      0.5000000000      0.2844029036E-33
   142578125.0       16900495.16       104283789.1      0.1779531833E+25  0.5000000000      0.5000000000      0.2344061589E-33
   143359375.0       16140561.52       103746679.7      0.1666513263E+25  0.5000000000      0.5000000000      0.1844094141E-33
   144140625.0       15408597.06       103209570.3      0.1559638013E+25  0.5000000000      0.5000000000      0.1344126693E-33
   144921875.0       14703689.20       102672460.9      0.1458611996E+25  0.5000000000      0.5000000000      0.8441592448E-34
   145703125.0       14024960.13       102135351.6      0.1363154137E+25  0.5000000000      0.5000000000      0.3441917969E-34
   146484375.0       13371583.12       101515534.3      0.1272995721E+25  0.5000000000      0.5000000000      0.1976337702E-34
   147265625.0       12742663.50       100867852.8      0.1187880103E+25  0.5000000000      0.5000000000      0.1701388105E-34
   148046875.0       12137390.45       100220171.4      0.1107562315E+25  0.5000000000      0.5000000000      0.1426438508E-34
   148828125.0       11554994.80       99572489.92      0.1031808335E+25  0.5000000000      0.5000000000      0.1151488911E-34
   149609375.0       10994720.46       98924808.47      0.9603945992E+24  0.5000000000      0.5000000000      0.8765393145E-35
   150390625.0       10455807.64       98277127.02      0.8931076834E+24  0.5000000000      0.5000000000      0.6015897177E-35
   151171875.0       9937558.263       97629445.56      0.8297438292E+24  0.5000000000      0.5000000000      0.3266401210E-35
   151953125.0       9439296.362       96981764.11      0.7701084134E+24  0.5000000000      0.5000000000      0.5169052419E-36
   152734375.0       8960491.685       96170372.98      0.7140151770E+24  0.5000000000      0.5000000000       0.000000000    
   153515625.0       8500383.511       95321078.63      0.6612862464E+24  0.5000000000      0.5000000000       0.000000000    
   154296875.0       8058313.071       94471784.27      0.6117522807E+24  0.5000000000      0.5000000000       0.000000000    
   155078125.0       7633697.900       93622489.92      0.5652516962E+24  0.5000000000      0.5000000000       0.000000000    
   155859375.0       7225969.235       92773195.56      0.5216301803E+24  0.5000000000      0.5000000000       0.000000000    
   156640625.0       6834562.343       91923901.21      0.4807404338E+24  0.5000000000      0.5000000000       0.000000000    
   157421875.0       6458918.913       91074606.85      0.4424419404E+24  0.5000000000      0.5000000000       0.000000000    
   158203125.0       6098528.187       90225312.50      0.4066006191E+24  0.5000000000      0.5000000000       0.000000000    
   158984375.0       5752893.194       89376018.15      0.3730884665E+24  0.5000000000      0.5000000000       0.000000000    
   159765625.0       5421523.045       88526723.79      0.3417833285E+24  0.5000000000      0.5000000000       0.000000000    
   160546875.0       5103930.282       87677429.44      0.3125687068E+24  0.5000000000      0.5000000000       0.000000000    
   161328125.0       4799669.076       86828135.08      0.2853334730E+24  0.5000000000      0.5000000000       0.000000000    
   162109375.0       4507924.377       86750000.00      0.2599726082E+24  0.5000000000      0.5000000000       0.000000000    
   162890625.0       4228652.759       86750000.00      0.2363859344E+24  0.5000000000      0.5000000000       0.000000000    
   163671875.0       3961476.548       86750000.00      0.2144768054E+24  0.5000000000      0.5000000000       0.000000000    
   164453125.0       3706004.934       86750000.00      0.1941529356E+24  0.5000000000      0.5000000000       0.000000000    
   165234375.0       3461858.911       86750000.00      0.1753262797E+24  0.5000000000      0.5000000000       0.000000000    
   166015625.0       3228652.887       86750000.00      0.1579128983E+24  0.5000000000      0.5000000000       0.000000000    
   166796875.0       3006034.106       86750000.00      0.1418327729E+24  0.5000000000      0.5000000000       0.000000000    
   167578125.0       2793664.035       86750000.00      0.1270095737E+24  0.5000000000      0.5000000000       0.000000000    
   168359375.0       2591200.012       86750000.00      0.1133705292E+24  0.5000000000      0.5000000000       0.000000000    
   169140625.0       2398322.417       86750000.00      0.1008462770E+24  0.5000000000      0.5000000000       0.000000000    
   169921875.0       2214729.882       86750000.00      0.8937066372E+23  0.5000000000      0.5000000000       0.000000000    
   170703125.0       2040117.232       86750000.00      0.7888061876E+23  0.5000000000      0.5000000000       0.000000000    
   171484375.0       1874201.032       86750000.00      0.6931602223E+23  0.5000000000      0.5000000000       0.000000000    
   172265625.0       1716712.773       86750000.00      0.6061953244E+23  0.5000000000      0.5000000000       0.000000000    
   173046875.0       1567381.742       86750000.00      0.5273647665E+23  0.5000000000      0.5000000000       0.000000000    
   173828125.0       1425962.266       86750000.00      0.4561472096E+23  0.5000000000      0.5000000000       0.000000000    
   174609375.0       1292213.139       86750000.00      0.3920452888E+23  0.5000000000      0.5000000000       0.000000000    
   175390625.0       1165904.365       86750000.00      0.3345845695E+23  0.5000000000      0.5000000000       0.000000000    
   176171875.0       1046822.702       86750000.00      0.2833122530E+23  0.5000000000      0.5000000000       0.000000000    
   176953125.0       934758.5153       86750000.00      0.2377960995E+23  0.5000000000      0.5000000000       0.000000000    
   177734375.0       829524.0594       86750000.00      0.1976232712E+23  0.5000000000      0.5000000000       0.000000000    
   178515625.0       730935.5872       86750000.00      0.1623992049E+23  0.5000000000      0.5000000000       0.000000000    
   179296875.0       638830.7322       86750000.00      0.1317465355E+23  0.5000000000      0.5000000000       0.000000000    
   180078125.0       553057.7606       86750000.00      0.1053039084E+23  0.5000000000      0.5000000000       0.000000000    
   180859375.0       473482.8679       86750000.00      0.8272491101E+22  0.5000000000      0.5000000000       0.000000000    
   181640625.0       399994.9330       86750000.00      0.6367677876E+22  0.5000000000      0.5000000000       0.000000000    
   182421875.0       332503.3149       86750000.00      0.4783909323E+22  0.5000000000      0.5000000000       0.000000000    
   183203125.0       270948.7844       86750000.00      0.3490234225E+22  0.5000000000      0.5000000000       0.000000000    
   183984375.0       215312.3431       86750000.00      0.2456611463E+22  0.5000000000      0.5000000000       0.000000000    
   184765625.0       165630.9259       86750000.00      0.1653684875E+22  0.5000000000      0.5000000000       0.000000000    
   185546875.0       122024.2563       86750000.00      0.1052478161E+22  0.5000000000      0.5000000000       0.000000000    
   186328125.0       84736.98155       86750000.00      0.6239592075E+21  0.5000000000      0.5000000000       0.000000000    
   187109375.0       54180.80662       86750000.00      0.3384491263E+21  0.5000000000      0.5000000000       0.000000000    
   187890625.0       30905.68248       86750000.00      0.1650286192E+21  0.5000000000      0.5000000000       0.000000000    
   188671875.0       15243.32962       86750000.00      0.7174780092E+20  0.5000000000      0.5000000000       0.000000000    
   189453125.0       6470.386795       86750000.00      0.2821984282E+20  0.5000000000      0.5000000000       0.000000000    
   190234375.0       2464.225913       86750000.00      0.1045634815E+20  0.5000000000      0.5000000000       0.000000000    
   191015625.0       893.2425328       86750000.00      0.3835743562E+19  0.5000000000      0.5000000000       0.000000000    
   191796875.0       320.1473585       86750000.00      0.1462547505E+19  0.5000000000      0.5000000000       0.000000000    
   192578125.0       115.2486581       86750000.00      0.6178918974E+18  0.5000000000      0.5000000000       0.000000000    
   193359375.0       41.87430468       86750000.00      0.3155410485E+18  0.5000000000      0.5000000000       0.000000000    
   194140625.0       15.37182926       86750000.00      0.2062692120E+18  0.5000000000      0.5000000000       0.000000000    
   194921875.0       5.700932308       86750000.00      0.1663678057E+18  0.5000000000      0.5000000000       0.000000000    
   195703125.0       2.135267586       86750000.00      0.1516483778E+18  0.5000000000      0.5000000000       0.000000000    
   196484375.0      0.8073999381       86750000.00      0.1461648608E+18  0.5000000000      0.5000000000       0.000000000    
   197265625.0      0.3081310733       86750000.00      0.1441025885E+18  0.5000000000      0.5000000000       0.000000000    
   198046875.0      0.1186552556       86750000.00      0.1433198172E+18  0.5000000000      0.5000000000       0.000000000    
   198828125.0      0.4609511854E-01   86750000.00      0.1430200221E+18  0.5000000000      0.5000000000       0.000000000    
   199609375.0      0.1806174992E-01   86750000.00      0.1429041902E+18  0.5000000000      0.5000000000       0.000000000    
   200390625.0      0.7137278707E-02   86750000.00      0.1428590494E+18  0.5000000000      0.5000000000       0.000000000    
   201171875.0      0.2843879546E-02   86750000.00      0.1428413083E+18  0.5000000000      0.5000000000       0.000000000    
   201953125.0      0.1142450424E-02   86750000.00      0.1428342776E+18  0.5000000000      0.5000000000       0.000000000    
   202734375.0      0.4626537326E-03   86750000.00      0.1428314685E+18  0.5000000000      0.5000000000       0.000000000    
   203515625.0      0.1888490231E-03   86750000.00      0.1428303371E+18  0.5000000000      0.5000000000       0.000000000    
   204296875.0      0.1000000000E-03   10000000.00      0.2526734410E+14  0.5000000000      0.5000000000       0.000000000    
   205078125.0      0.1000000000E-03   10000000.00      0.2526734410E+14  0.5000000000      0.5000000000       0.000000000    
   205859375.0      0.1000000000E-03   10000000.00      0.2526734410E+14  0.5000000000      0.5000000000       0.000000000    
   206640625.0      0.1000000000E-03   10000000.00      0.2526734410E+14  0.5000000000      0.5000000000       0.000000000    
   207421875.0      0.1000000000E-03   10000000.00      0.2526734410E+14  0.5000000000      0.5000000000       0.000000000    
   208203125.0      0.1000000000E-03   10000000.00      0.2526734410E+14  0.5000000000      0.5000000000       0.000000000    
   208984375.0      0.1000000000E-03   10000000.00      0.2526734410E+14  0.5000000000      0.5000000000       0.000000000    
   209765625.0      0.1000000000E-03   10000000.00      0.2526734410E+14  0.5000000000      0.5000000000       0.000000000    
   210546875.0      0.1000000000E-03   10000000.00      0.2526734410E+14  0.5000000000      0.5000000000       0.000000000    
   211328125.0      0.1000000000E-03   10000000.00      0.2526734410E+14  0.5000000000      0.5000000000       0.000000000    
   212109375.0      0.1000000000E-03   10000000.00      0.2526734410E+14  0.5000000000      0.5000000000       0.000000000    
   212890625.0      0.1000000000E-03   10000000.00      0.2526734410E+14  0.5000000000      0.5000000000       0.000000000    
   213671875.0      0.1000000000E-03   10000000.00      0.2526734410E+14  0.5000000000      0.5000000000       0.000000000    
   214453125.0      0.1000000000E-03   10000000.00      0.2526734410E+14  0.5000000000      0.5000000000       0.000000000    
   215234375.0      0.1000000000E-03   10000000.00      0.2526734410E+14  0.5000000000      0.5000000000       0.000000000    
   216015625.0      0.1000000000E-03   10000000.00      0.2526734410E+14  0.5000000000      0.5000000000       0.000000000    
   216796875.0      0.1000000000E-03   10000000.00      0.2526734410E+14  0.5000000000      0.5000000000       0.000000000    
   217578125.0      0.1000000000E-03   10000000.00      0.2526734410E+14  0.5000000000      0.5000000000       0.000000000    
   218359375.0      0.1000000000E-03   10000000.00      0.2526734410E+14  0.5000000000      0.5000000000       0.000000000    
   219140625.0      0.1000000000E-03   10000000.00      0.2526734410E+14  0.5000000000      0.5000000000       0.000000000    
   219921875.0      0.1000000000E-03   10000000.00      0.2526734410E+14  0.5000000000      0.5000000000       0.000000000    
   220703125.0      0.1000000000E-03   10000000.00      0.2526734410E+14  0.5000000000      0.5000000000       0.000000000    
   221484375.0      0.1000000000E-03   10000000.00      0.2526734410E+14  0.5000000000      0.5000000000       0.000000000    
   222265625.0      0.1000000000E-03   10000000.00      0.2526734410E+14  0.5000000000      0.5000000000       0.000000000    
   223046875.0      0.1000000000E-03   10000000.00      0.2526734410E+14  0.5000000000      0.5000000000       0.000000000    
   223828125.0      0.1000000000E-03   10000000.00      0.2526734410E+14  0.5000000000      0.5000000000       0.000000000    
   224609375.0      0.1000000000E-03   10000000.00      0.2526734410E+14  0.5000000000      0.5000000000       0.000000000    
   225390625.0      0.1000000000E-03   10000000.00      0.2526734410E+14  0.5000000000      0.5000000000       0.000000000    
   226171875.0      0.1000000000E-03   10000000.00      0.2526734410E+14  0.5000000000      0.5000000000       0.000000000    
   226953125.0      0.1000000000E-03   10000000.00      0.2526734410E+14  0.5000000000      0.5000000000       0.000000000    
   227734375.0      0.1000000000E-03   10000000.00      0.2526734410E+14  0.5000000000      0.5000000000       0.000000000    
   228515625.0      0.1000000000E-03   10000000.00      0.2526734410E+14  0.5000000000      0.5000000000       0.000000000    
   229296875.0      0.1000000000E-03   10000000.00      0.2526734410E+14  0.5000000000      0.5000000000       0.000000000    
   230078125.0      0.1000000000E-03   10000000.00      0.2526734410E+14  0.5000000000      0.5000000000       0.000000000    
   230859375.0      0.1000000000E-03   10000000.00      0.2526734410E+14  0.5000000000      0.5000000000       0.000000000    
   231640625.0      0.1000000000E-03   10000000.00      0.2526734410E+14  0.5000000000      0.5000000000       0.000000000    
   232421875.0      0.1000000000E-03   10000000.00      0.2526734410E+14  0.5000000000      0.5000000000       0.000000000    
   233203125.0      0.1000000000E-03   10000000.00      0.2526734410E+14  0.5000000000      0.5000000000       0.000000000    
   233984375.0      0.1000000000E-03   10000000.00      0.2526734410E+14  0.5000000000      0.5000000000       0.000000000    
   234765625.0      0.1000000000E-03   10000000.00      0.2526734410E+14  0.5000000000      0.5000000000       0.000000000    
   235546875.0      0.1000000000E-03   10000000.00      0.2526734410E+14  0.5000000000      0.5000000000       0.000000000    
   236328125.0      0.1000000000E-03   10000000.00      0.2526734410E+14  0.5000000000      0.5000000000       0.000000000    
   237109375.0      0.1000000000E-03   10000000.00      0.2526734410E+14  0.5000000000      0.5000000000       0.000000000    
   237890625.0      0.1000000000E-03   10000000.00      0.2526734410E+14  0.5000000000      0.5000000000       0.000000000    
   238671875.0      0.1000000000E-03   10000000.00      0.2526734410E+14  0.5000000000      0.5000000000       0.000000000    
   239453125.0      0.1000000000E-03   10000000.00      0.2526734410E+14  0.5000000000      0.5000000000       0.000000000    
   240234375.0      0.1000000000E-03   10000000.00      0.2526734410E+14  0.5000000000      0.5000000000       0.000000000    
   241015625.0      0.1000000000E-03   10000000.00      0.2526734410E+14  0.5000000000      0.5000000000       0.000000000    
   241796875.0      0.1000000000E-03   10000000.00      0.2526734410E+14  0.5000000000      0.5000000000       0.000000000    
   242578125.0      0.1000000000E-03   10000000.00      0.2526734410E+14  0.5000000000      0.5000000000       0.000000000    
   243359375.0      0.1000000000E-03   10000000.00      0.2526734410E+14  0.5000000000      0.5000000000       0.000000000    
   244140625.0      0.1000000000E-03   10000000.00      0.2526734410E+14  0.5000000000      0.5000000000       0.000000000    
   244921875.0      0.1000000000E-03   10000000.00      0.2526734410E+14  0.5000000000      0.5000000000       0.000000000    
   245703125.0      0.1000000000E-03   10000000.00      0.2526734410E+14  0.5000000000      0.5000000000       0.000000000    
   246484375.0      0.1000000000E-03   10000000.00      0.2526734410E+14  0.5000000000      0.5000000000       0.000000000    
   247265625.0      0.1000000000E-03   10000000.00      0.2526734410E+14  0.5000000000      0.5000000000       0.000000000    
   248046875.0      0.1000000000E-03   10000000.00      0.2526734410E+14  0.5000000000      0.5000000000       0.000000000    
   248828125.0      0.1000000000E-03   10000000.00      0.2526734410E+14  0.5000000000      0.5000000000       0.000000000    
   249609375.0      0.1000000000E-03   10000000.00      0.2526734410E+14  0.5000000000      0.5000000000       0.000000000    
   250390625.0      0.1000000000E-03   10000000.00      0.2526734410E+14  0.5000000000      0.5000000000       0.000000000    
   251171875.0      0.1000000000E-03   10000000.00      0.2526734410E+14  0.5000000000      0.5000000000       0.000000000    
   251953125.0      0.1000000000E-03   10000000.00      0.2526734410E+14  0.5000000000      0.5000000000       0.000000000    
   252734375.0      0.1000000000E-03   10000000.00      0.2526734410E+14  0.5000000000      0.5000000000       0.000000000    
   253515625.0      0.1000000000E-03   10000000.00      0.2526734410E+14  0.5000000000      0.5000000000       0.000000000    
   254296875.0      0.1000000000E-03   10000000.00      0.2526734410E+14  0.5000000000      0.5000000000       0.000000000    
   255078125.0      0.1000000000E-03   10000000.00      0.2526734410E+14  0.5000000000      0.5000000000       0.000000000    
   255859375.0      0.1000000000E-03   10000000.00      0.2526734410E+14  0.5000000000      0.5000000000       0.000000000    
   256640625.0      0.1000000000E-03   10000000.00      0.2526734410E+14  0.5000000000      0.5000000000       0.000000000    
   257421875.0      0.1000000000E-03   10000000.00      0.2526734410E+14  0.5000000000      0.5000000000       0.000000000    
   258203125.0      0.1000000000E-03   10000000.00      0.2526734410E+14  0.5000000000      0.5000000000       0.000000000    
   258984375.0      0.1000000000E-03   10000000.00      0.2526734410E+14  0.5000000000      0.5000000000       0.000000000    
   259765625.0      0.1000000000E-03   10000000.00      0.2526734410E+14  0.5000000000      0.5000000000       0.000000000    
   260546875.0      0.1000000000E-03   10000000.00      0.2526734410E+14  0.5000000000      0.5000000000       0.000000000    
   261328125.0      0.1000000000E-03   10000000.00      0.2526734410E+14  0.5000000000      0.5000000000       0.000000000    
   262109375.0      0.1000000000E-03   10000000.00      0.2526734410E+14  0.5000000000      0.5000000000       0.000000000    
   262890625.0      0.1000000000E-03   10000000.00      0.2526734410E+14  0.5000000000      0.5000000000       0.000000000    
   263671875.0      0.1000000000E-03   10000000.00      0.2526734410E+14  0.5000000000      0.5000000000       0.000000000    
   264453125.0      0.1000000000E-03   10000000.00      0.2526734410E+14  0.5000000000      0.5000000000       0.000000000    
   265234375.0      0.1000000000E-03   10000000.00      0.2526734410E+14  0.5000000000      0.5000000000       0.000000000    
   266015625.0      0.1000000000E-03   10000000.00      0.2526734410E+14  0.5000000000      0.5000000000       0.000000000    
   266796875.0      0.1000000000E-03   10000000.00      0.2526734410E+14  0.5000000000      0.5000000000       0.000000000    
   267578125.0      0.1000000000E-03   10000000.00      0.2526734410E+14  0.5000000000      0.5000000000       0.000000000    
   268359375.0      0.1000000000E-03   10000000.00      0.2526734410E+14  0.5000000000      0.5000000000       0.000000000    
   269140625.0      0.1000000000E-03   10000000.00      0.2526734410E+14  0.5000000000      0.5000000000       0.000000000    
   269921875.0      0.1000000000E-03   10000000.00      0.2526734410E+14  0.5000000000      0.5000000000       0.000000000    
   270703125.0      0.1000000000E-03   10000000.00      0.2526734410E+14  0.5000000000      0.5000000000       0.000000000    
   271484375.0      0.1000000000E-03   10000000.00      0.2526734410E+14  0.5000000000      0.5000000000       0.000000000    
   272265625.0      0.1000000000E-03   10000000.00      0.2526734410E+14  0.5000000000      0.5000000000       0.000000000    
   273046875.0      0.1000000000E-03   10000000.00      0.2526734410E+14  0.5000000000      0.5000000000       0.000000000    
   273828125.0      0.1000000000E-03   10000000.00      0.2526734410E+14  0.5000000000      0.5000000000       0.000000000    
   274609375.0      0.1000000000E-03   10000000.00      0.2526734410E+14  0.5000000000      0.5000000000       0.000000000    
   275390625.0      0.1000000000E-03   10000000.00      0.2526734410E+14  0.5000000000      0.5000000000       0.000000000    
   276171875.0      0.1000000000E-03   10000000.00      0.2526734410E+14  0.5000000000      0.5000000000       0.000000000    
   276953125.0      0.1000000000E-03   10000000.00      0.2526734410E+14  0.5000000000      0.5000000000       0.000000000    
   277734375.0      0.1000000000E-03   10000000.00      0.2526734410E+14  0.5000000000      0.5000000000       0.000000000    
   278515625.0      0.1000000000E-03   10000000.00      0.2526734410E+14  0.5000000000      0.5000000000       0.000000000    
   279296875.0      0.1000000000E-03   10000000.00      0.2526734410E+14  0.5000000000      0.5000000000       0.000000000    
   280078125.0      0.1000000000E-03   10000000.00      0.2526734410E+14  0.5000000000      0.5000000000       0.000000000    
   280859375.0      0.1000000000E-03   10000000.00      0.2526734410E+14  0.5000000000      0.5000000000       0.000000000    
   281640625.0      0.1000000000E-03   10000000.00      0.2526734410E+14  0.5000000000      0.5000000000       0.000000000    
   282421875.0      0.1000000000E-03   10000000.00      0.2526734410E+14  0.5000000000      0.5000000000       0.000000000    
   283203125.0      0.1000000000E-03   10000000.00      0.2526734410E+14  0.5000000000      0.5000000000       0.000000000    
   283984375.0      0.1000000000E-03   10000000.00      0.2526734410E+14  0.5000000000      0.5000000000       0.000000000    
   284765625.0      0.1000000000E-03   10000000.00      0.2526734410E+14  0.5000000000      0.5000000000       0.000000000    
   285546875.0      0.1000000000E-03   10000000.00      0.2526734410E+14  0.5000000000      0.5000000000       0.000000000    
   286328125.0      0.1000000000E-03   10000000.00      0.2526734410E+14  0.5000000000      0.5000000000       0.000000000    
   287109375.0      0.1000000000E-03   10000000.00      0.2526734410E+14  0.5000000000      0.5000000000       0.000000000    
   287890625.0      0.1000000000E-03   10000000.00      0.2526734410E+14  0.5000000000      0.5000000000       0.000000000    
   288671875.0      0.1000000000E-03   10000000.00      0.2526734410E+14  0.5000000000      0.5000000000       0.000000000    
   289453125.0      0.1000000000E-03   10000000.00      0.2526734410E+14  0.5000000000      0.5000000000       0.000000000    
   290234375.0      0.1000000000E-03   10000000.00      0.2526734410E+14  0.5000000000      0.5000000000       0.000000000    
   291015625.0      0.1000000000E-03   10000000.00      0.2526734410E+14  0.5000000000      0.5000000000       0.000000000    
   291796875.0      0.1000000000E-03   10000000.00      0.2526734410E+14  0.5000000000      0.5000000000       0.000000000    
   292578125.0      0.1000000000E-03   10000000.00      0.2526734410E+14  0.5000000000      0.5000000000       0.000000000    
   293359375.0      0.1000000000E-03   10000000.00      0.2526734410E+14  0.5000000000      0.5000000000       0.000000000    
   294140625.0      0.1000000000E-03   10000000.00      0.2526734410E+14  0.5000000000      0.5000000000       0.000000000    
   294921875.0      0.1000000000E-03   10000000.00      0.2526734410E+14  0.5000000000      0.5000000000       0.000000000    
   295703125.0      0.1000000000E-03   10000000.00      0.2526734410E+14  0.5000000000      0.5000000000       0.000000000    
   296484375.0      0.1000000000E-03   10000000.00      0.2526734410E+14  0.5000000000      0.5000000000       0.000000000    
   297265625.0      0.1000000000E-03   10000000.00      0.2526734410E+14  0.5000000000      0.5000000000       0.000000000    
   298046875.0      0.1000000000E-03   10000000.00      0.2526734410E+14  0.5000000000      0.5000000000       0.000000000    
   298828125.0      0.1000000000E-03   10000000.00      0.2526734410E+14  0.5000000000      0.5000000000       0.000000000    
   299609375.0      0.1000000000E-03   10000000.00      0.2526734410E+14  0.5000000000      0.5000000000       0.000000000    
   300390625.0      0.1000000000E-03   10000000.00      0.2526734410E+14  0.5000000000      0.5000000000       0.000000000    
   301171875.0      0.1000000000E-03   10000000.00      0.2526734410E+14  0.5000000000      0.5000000000       0.000000000    
   301953125.0      0.1000000000E-03   10000000.00      0.2526734410E+14  0.5000000000      0.5000000000       0.000000000    
   302734375.0      0.1000000000E-03   10000000.00      0.2526734410E+14  0.5000000000      0.5000000000       0.000000000    
   303515625.0      0.1000000000E-03   10000000.00      0.2526734410E+14  0.5000000000      0.5000000000       0.000000000    
   304296875.0      0.1000000000E-03   10000000.00      0.2526734410E+14  0.5000000000      0.5000000000       0.000000000    
   305078125.0      0.1000000000E-03   10000000.00      0.2526734410E+14  0.5000000000      0.5000000000       0.000000000    
   305859375.0      0.1000000000E-03   10000000.00      0.2526734410E+14  0.5000000000      0.5000000000       0.000000000    
   306640625.0      0.1000000000E-03   10000000.00      0.2526734410E+14  0.5000000000      0.5000000000       0.000000000    
   307421875.0      0.1000000000E-03   10000000.00      0.2526734410E+14  0.5000000000      0.5000000000       0.000000000    
   308203125.0      0.1000000000E-03   10000000.00      0.2526734410E+14  0.5000000000      0.5000000000       0.000000000    
   308984375.0      0.1000000000E-03   10000000.00      0.2526734410E+14  0.5000000000      0.5000000000       0.000000000    
   309765625.0      0.1000000000E-03   10000000.00      0.2526734410E+14  0.5000000000      0.5000000000       0.000000000    
   310546875.0      0.1000000000E-03   10000000.00      0.2526734410E+14  0.5000000000      0.5000000000       0.000000000    
   311328125.0      0.1000000000E-03   10000000.00      0.2526734410E+14  0.5000000000      0.5000000000       0.000000000    
   312109375.0      0.1000000000E-03   10000000.00      0.2526734410E+14  0.5000000000      0.5000000000       0.000000000    
   312890625.0      0.1000000000E-03   10000000.00      0.2526734410E+14  0.5000000000      0.5000000000       0.000000000    
   313671875.0      0.1000000000E-03   10000000.00      0.2526734410E+14  0.5000000000      0.5000000000       0.000000000    
   314453125.0      0.1000000000E-03   10000000.00      0.2526734410E+14  0.5000000000      0.5000000000       0.000000000    
   315234375.0      0.1000000000E-03   10000000.00      0.2526734410E+14  0.5000000000      0.5000000000       0.000000000    
   316015625.0      0.1000000000E-03   10000000.00      0.2526734410E+14  0.5000000000      0.5000000000       0.000000000    
   316796875.0      0.1000000000E-03   10000000.00      0.2526734410E+14  0.5000000000      0.5000000000       0.000000000    
   317578125.0      0.1000000000E-03   10000000.00      0.2526734410E+14  0.5000000000      0.5000000000       0.000000000    
   318359375.0      0.1000000000E-03   10000000.00      0.2526734410E+14  0.5000000000      0.5000000000       0.000000000    
   319140625.0      0.1000000000E-03   10000000.00      0.2526734410E+14  0.5000000000      0.5000000000       0.000000000    
   319921875.0      0.1000000000E-03   10000000.00      0.2526734410E+14  0.5000000000      0.5000000000       0.000000000    
   320703125.0      0.1000000000E-03   10000000.00      0.2526734410E+14  0.5000000000      0.5000000000       0.000000000    
   321484375.0      0.1000000000E-03   10000000.00      0.2526734410E+14  0.5000000000      0.5000000000       0.000000000    
   322265625.0      0.1000000000E-03   10000000.00      0.2526734410E+14  0.5000000000      0.5000000000       0.000000000    
   323046875.0      0.1000000000E-03   10000000.00      0.2526734410E+14  0.5000000000      0.5000000000       0.000000000    
   323828125.0      0.1000000000E-03   10000000.00      0.2526734410E+14  0.5000000000      0.5000000000       0.000000000    
   324609375.0      0.1000000000E-03   10000000.00      0.2526734410E+14  0.5000000000      0.5000000000       0.000000000    
   325390625.0      0.1000000000E-03   10000000.00      0.2526734410E+14  0.5000000000      0.5000000000       0.000000000    
   326171875.0      0.1000000000E-03   10000000.00      0.2526734410E+14  0.5000000000      0.5000000000       0.000000000    
   326953125.0      0.1000000000E-03   10000000.00      0.2526734410E+14  0.5000000000      0.5000000000       0.000000000    
   327734375.0      0.1000000000E-03   10000000.00      0.2526734410E+14  0.5000000000      0.5000000000       0.000000000    
   328515625.0      0.1000000000E-03   10000000.00      0.2526734410E+14  0.5000000000      0.5000000000       0.000000000    
   329296875.0      0.1000000000E-03   10000000.00      0.2526734410E+14  0.5000000000      0.5000000000       0.000000000    
   330078125.0      0.1000000000E-03   10000000.00      0.2526734410E+14  0.5000000000      0.5000000000       0.000000000    
   330859375.0      0.1000000000E-03   10000000.00      0.2526734410E+14  0.5000000000      0.5000000000       0.000000000    
   331640625.0      0.1000000000E-03   10000000.00      0.2526734410E+14  0.5000000000      0.5000000000       0.000000000    
   332421875.0      0.1000000000E-03   10000000.00      0.2526734410E+14  0.5000000000      0.5000000000       0.000000000    
   333203125.0      0.1000000000E-03   10000000.00      0.2526734410E+14  0.5000000000      0.5000000000       0.000000000    
   333984375.0      0.1000000000E-03   10000000.00      0.2526734410E+14  0.5000000000      0.5000000000       0.000000000    
   334765625.0      0.1000000000E-03   10000000.00      0.2526734410E+14  0.5000000000      0.5000000000       0.000000000    
   335546875.0      0.1000000000E-03   10000000.00      0.2526734410E+14  0.5000000000      0.5000000000       0.000000000    
   336328125.0      0.1000000000E-03   10000000.00      0.2526734410E+14  0.5000000000      0.5000000000       0.000000000    
   337109375.0      0.1000000000E-03   10000000.00      0.2526734410E+14  0.5000000000      0.5000000000       0.000000000    
   337890625.0      0.1000000000E-03   10000000.00      0.2526734410E+14  0.5000000000      0.5000000000       0.000000000    
   338671875.0      0.1000000000E-03   10000000.00      0.2526734410E+14  0.5000000000      0.5000000000       0.000000000    
   339453125.0      0.1000000000E-03   10000000.00      0.2526734410E+14  0.5000000000      0.5000000000       0.000000000    
   340234375.0      0.1000000000E-03   10000000.00      0.2526734410E+14  0.5000000000      0.5000000000       0.000000000    
   341015625.0      0.1000000000E-03   10000000.00      0.2526734410E+14  0.5000000000      0.5000000000       0.000000000    
   341796875.0      0.1000000000E-03   10000000.00      0.2526734410E+14  0.5000000000      0.5000000000       0.000000000    
   342578125.0      0.1000000000E-03   10000000.00      0.2526734410E+14  0.5000000000      0.5000000000       0.000000000    
   343359375.0      0.1000000000E-03   10000000.00      0.2526734410E+14  0.5000000000      0.5000000000       0.000000000    
   344140625.0      0.1000000000E-03   10000000.00      0.2526734410E+14  0.5000000000      0.5000000000       0.000000000    
   344921875.0      0.1000000000E-03   10000000.00      0.2526734410E+14  0.5000000000      0.5000000000       0.000000000    
   345703125.0      0.1000000000E-03   10000000.00      0.2526734410E+14  0.5000000000      0.5000000000       0.000000000    
   346484375.0      0.1000000000E-03   10000000.00      0.2526734410E+14  0.5000000000      0.5000000000       0.000000000    
   347265625.0      0.1000000000E-03   10000000.00      0.2526734410E+14  0.5000000000      0.5000000000       0.000000000    
   348046875.0      0.1000000000E-03   10000000.00      0.2526734410E+14  0.5000000000      0.5000000000       0.000000000    
   348828125.0      0.1000000000E-03   10000000.00      0.2526734410E+14  0.5000000000      0.5000000000       0.000000000    
   349609375.0      0.1000000000E-03   10000000.00      0.2526734410E+14  0.5000000000      0.5000000000       0.000000000    
   350390625.0      0.1000000000E-03   10000000.00      0.2526734410E+14  0.5000000000      0.5000000000       0.000000000    
   351171875.0      0.1000000000E-03   10000000.00      0.2526734410E+14  0.5000000000      0.5000000000       0.000000000    
   351953125.0      0.1000000000E-03   10000000.00      0.2526734410E+14  0.5000000000      0.5000000000       0.000000000    
   352734375.0      0.1000000000E-03   10000000.00      0.2526734410E+14  0.5000000000      0.5000000000       0.000000000    
   353515625.0      0.1000000000E-03   10000000.00      0.2526734410E+14  0.5000000000      0.5000000000       0.000000000    
   354296875.0      0.1000000000E-03   10000000.00      0.2526734410E+14  0.5000000000      0.5000000000       0.000000000    
   355078125.0      0.1000000000E-03   10000000.00      0.2526734410E+14  0.5000000000      0.5000000000       0.000000000    
   355859375.0      0.1000000000E-03   10000000.00      0.2526734410E+14  0.5000000000      0.5000000000       0.000000000    
   356640625.0      0.1000000000E-03   10000000.00      0.2526734410E+14  0.5000000000      0.5000000000       0.000000000    
   357421875.0      0.1000000000E-03   10000000.00      0.2526734410E+14  0.5000000000      0.5000000000       0.000000000    
   358203125.0      0.1000000000E-03   10000000.00      0.2526734410E+14  0.5000000000      0.5000000000       0.000000000    
   358984375.0      0.1000000000E-03   10000000.00      0.2526734410E+14  0.5000000000      0.5000000000       0.000000000    
   359765625.0      0.1000000000E-03   10000000.00      0.2526734410E+14  0.5000000000      0.5000000000       0.000000000    
   360546875.0      0.1000000000E-03   10000000.00      0.2526734410E+14  0.5000000000      0.5000000000       0.000000000    
   361328125.0      0.1000000000E-03   10000000.00      0.2526734410E+14  0.5000000000      0.5000000000       0.000000000    
   362109375.0      0.1000000000E-03   10000000.00      0.2526734410E+14  0.5000000000      0.5000000000       0.000000000    
   362890625.0      0.1000000000E-03   10000000.00      0.2526734410E+14  0.5000000000      0.5000000000       0.000000000    
   363671875.0      0.1000000000E-03   10000000.00      0.2526734410E+14  0.5000000000      0.5000000000       0.000000000    
   364453125.0      0.1000000000E-03   10000000.00      0.2526734410E+14  0.5000000000      0.5000000000       0.000000000    
   365234375.0      0.1000000000E-03   10000000.00      0.2526734410E+14  0.5000000000      0.5000000000       0.000000000    
   366015625.0      0.1000000000E-03   10000000.00      0.2526734410E+14  0.5000000000      0.5000000000       0.000000000    
   366796875.0      0.1000000000E-03   10000000.00      0.2526734410E+14  0.5000000000      0.5000000000       0.000000000    
   367578125.0      0.1000000000E-03   10000000.00      0.2526734410E+14  0.5000000000      0.5000000000       0.000000000    
   368359375.0      0.1000000000E-03   10000000.00      0.2526734410E+14  0.5000000000      0.5000000000       0.000000000    
   369140625.0      0.1000000000E-03   10000000.00      0.2526734410E+14  0.5000000000      0.5000000000       0.000000000    
   369921875.0      0.1000000000E-03   10000000.00      0.2526734410E+14  0.5000000000      0.5000000000       0.000000000    
   370703125.0      0.1000000000E-03   10000000.00      0.2526734410E+14  0.5000000000      0.5000000000       0.000000000    
   371484375.0      0.1000000000E-03   10000000.00      0.2526734410E+14  0.5000000000      0.5000000000       0.000000000    
   372265625.0      0.1000000000E-03   10000000.00      0.2526734410E+14  0.5000000000      0.5000000000       0.000000000    
   373046875.0      0.1000000000E-03   10000000.00      0.2526734410E+14  0.5000000000      0.5000000000       0.000000000    
   373828125.0      0.1000000000E-03   10000000.00      0.2526734410E+14  0.5000000000      0.5000000000       0.000000000    
   374609375.0      0.1000000000E-03   10000000.00      0.2526734410E+14  0.5000000000      0.5000000000       0.000000000    
   375390625.0      0.1000000000E-03   10000000.00      0.2526734410E+14  0.5000000000      0.5000000000       0.000000000    
   376171875.0      0.1000000000E-03   10000000.00      0.2526734410E+14  0.5000000000      0.5000000000       0.000000000    
   376953125.0      0.1000000000E-03   10000000.00      0.2526734410E+14  0.5000000000      0.5000000000       0.000000000    
   377734375.0      0.1000000000E-03   10000000.00      0.2526734410E+14  0.5000000000      0.5000000000       0.000000000    
   378515625.0      0.1000000000E-03   10000000.00      0.2526734410E+14  0.5000000000      0.5000000000       0.000000000    
   379296875.0      0.1000000000E-03   10000000.00      0.2526734410E+14  0.5000000000      0.5000000000       0.000000000    
   380078125.0      0.1000000000E-03   10000000.00      0.2526734410E+14  0.5000000000      0.5000000000       0.000000000    
   380859375.0      0.1000000000E-03   10000000.00      0.2526734410E+14  0.5000000000      0.5000000000       0.000000000    
   381640625.0      0.1000000000E-03   10000000.00      0.2526734410E+14  0.5000000000      0.5000000000       0.000000000    
   382421875.0      0.1000000000E-03   10000000.00      0.2526734410E+14  0.5000000000      0.5000000000       0.000000000    
   383203125.0      0.1000000000E-03   10000000.00      0.2526734410E+14  0.5000000000      0.5000000000       0.000000000    
   383984375.0      0.1000000000E-03   10000000.00      0.2526734410E+14  0.5000000000      0.5000000000       0.000000000    
   384765625.0      0.1000000000E-03   10000000.00      0.2526734410E+14  0.5000000000      0.5000000000       0.000000000    
   385546875.0      0.1000000000E-03   10000000.00      0.2526734410E+14  0.5000000000      0.5000000000       0.000000000    
   386328125.0      0.1000000000E-03   10000000.00      0.2526734410E+14  0.5000000000      0.5000000000       0.000000000    
   387109375.0      0.1000000000E-03   10000000.00      0.2526734410E+14  0.5000000000      0.5000000000       0.000000000    
   387890625.0      0.1000000000E-03   10000000.00      0.2526734410E+14  0.5000000000      0.5000000000       0.000000000    
   388671875.0      0.1000000000E-03   10000000.00      0.2526734410E+14  0.5000000000      0.5000000000       0.000000000    
   389453125.0      0.1000000000E-03   10000000.00      0.2526734410E+14  0.5000000000      0.5000000000       0.000000000    
   390234375.0      0.1000000000E-03   10000000.00      0.2526734410E+14  0.5000000000      0.5000000000       0.000000000    
   391015625.0      0.1000000000E-03   10000000.00      0.2526734410E+14  0.5000000000      0.5000000000       0.000000000    
   391796875.0      0.1000000000E-03   10000000.00      0.2526734410E+14  0.5000000000      0.5000000000       0.000000000    
   392578125.0      0.1000000000E-03   10000000.00      0.2526734410E+14  0.5000000000      0.5000000000       0.000000000    
   393359375.0      0.1000000000E-03   10000000.00      0.2526734410E+14  0.5000000000      0.5000000000       0.000000000    
   394140625.0      0.1000000000E-03   10000000.00      0.2526734410E+14  0.5000000000      0.5000000000       0.000000000    
   394921875.0      0.1000000000E-03   10000000.00      0.2526734410E+14  0.5000000000      0.5000000000       0.000000000    
   395703125.0      0.1000000000E-03   10000000.00      0.2526734410E+14  0.5000000000      0.5000000000       0.000000000    
   396484375.0      0.1000000000E-03   10000000.00      0.2526734410E+14  0.5000000000      0.5000000000       0.000000000    
   397265625.0      0.1000000000E-03   10000000.00      0.2526734410E+14  0.5000000000      0.5000000000       0.000000000    
   398046875.0      0.1000000000E-03   10000000.00      0.2526734410E+14  0.5000000000      0.5000000000       0.000000000    
   398828125.0      0.1000000000E-03   10000000.00      0.2526734410E+14  0.5000000000      0.5000000000       0.000000000    
   399609375.0      0.1000000000E-03   10000000.00      0.2526734410E+14  0.5000000000      0.5000000000       0.000000000    
   400390625.0      0.1000000000E-03   10000000.00      0.2526734410E+14  0.5000000000      0.5000000000       0.000000000    
   401171875.0      0.1000000000E-03   10000000.00      0.2526734410E+14  0.5000000000      0.5000000000       0.000000000    
   401953125.0      0.1000000000E-03   10000000.00      0.2526734410E+14  0.5000000000      0.5000000000       0.000000000    
   402734375.0      0.1000000000E-03   10000000.00      0.2526734410E+14  0.5000000000      0.5000000000       0.000000000    
   403515625.0      0.1000000000E-03   10000000.00      0.2526734410E+14  0.5000000000      0.5000000000       0.000000000    
   404296875.0      0.1000000000E-03   10000000.00      0.2526734410E+14  0.5000000000      0.5000000000       0.000000000    
   405078125.0      0.1000000000E-03   10000000.00      0.2526734410E+14  0.5000000000      0.5000000000       0.000000000    
   405859375.0      0.1000000000E-03   10000000.00      0.2526734410E+14  0.5000000000      0.5000000000       0.000000000    
   406640625.0      0.1000000000E-03   10000000.00      0.2526734410E+14  0.5000000000      0.5000000000       0.000000000    
   407421875.0      0.1000000000E-03   10000000.00      0.2526734410E+14  0.5000000000      0.5000000000       0.000000000    
   408203125.0      0.1000000000E-03   10000000.00      0.2526734410E+14  0.5000000000      0.5000000000       0.000000000    
   408984375.0      0.1000000000E-03   10000000.00      0.2526734410E+14  0.5000000000      0.5000000000       0.000000000    
   409765625.0      0.1000000000E-03   10000000.00      0.2526734410E+14  0.5000000000      0.5000000000       0.000000000    
   410546875.0      0.1000000000E-03   10000000.00      0.2526734410E+14  0.5000000000      0.5000000000       0.000000000    
   411328125.0      0.1000000000E-03   10000000.00      0.2526734410E+14  0.5000000000      0.5000000000       0.000000000    
   412109375.0      0.1000000000E-03   10000000.00      0.2526734410E+14  0.5000000000      0.5000000000       0.000000000    
   412890625.0      0.1000000000E-03   10000000.00      0.2526734410E+14  0.5000000000      0.5000000000       0.000000000    
   413671875.0      0.1000000000E-03   10000000.00      0.2526734410E+14  0.5000000000      0.5000000000       0.000000000    
   414453125.0      0.1000000000E-03   10000000.00      0.2526734410E+14  0.5000000000      0.5000000000       0.000000000    
   415234375.0      0.1000000000E-03   10000000.00      0.2526734410E+14  0.5000000000      0.5000000000       0.000000000    
   416015625.0      0.1000000000E-03   10000000.00      0.2526734410E+14  0.5000000000      0.5000000000       0.000000000    
   416796875.0      0.1000000000E-03   10000000.00      0.2526734410E+14  0.5000000000      0.5000000000       0.000000000    
   417578125.0      0.1000000000E-03   10000000.00      0.2526734410E+14  0.5000000000      0.5000000000       0.000000000    
   418359375.0      0.1000000000E-03   10000000.00      0.2526734410E+14  0.5000000000      0.5000000000       0.000000000    
   419140625.0      0.1000000000E-03   10000000.00      0.2526734410E+14  0.5000000000      0.5000000000       0.000000000    
   419921875.0      0.1000000000E-03   10000000.00      0.2526734410E+14  0.5000000000      0.5000000000       0.000000000    
   420703125.0      0.1000000000E-03   10000000.00      0.2526734410E+14  0.5000000000      0.5000000000       0.000000000    
   421484375.0      0.1000000000E-03   10000000.00      0.2526734410E+14  0.5000000000      0.5000000000       0.000000000    
   422265625.0      0.1000000000E-03   10000000.00      0.2526734410E+14  0.5000000000      0.5000000000       0.000000000    
   423046875.0      0.1000000000E-03   10000000.00      0.2526734410E+14  0.5000000000      0.5000000000       0.000000000    
   423828125.0      0.1000000000E-03   10000000.00      0.2526734410E+14  0.5000000000      0.5000000000       0.000000000    
   424609375.0      0.1000000000E-03   10000000.00      0.2526734410E+14  0.5000000000      0.5000000000       0.000000000    
   425390625.0      0.1000000000E-03   10000000.00      0.2526734410E+14  0.5000000000      0.5000000000       0.000000000    
   426171875.0      0.1000000000E-03   10000000.00      0.2526734410E+14  0.5000000000      0.5000000000       0.000000000    
   426953125.0      0.1000000000E-03   10000000.00      0.2526734410E+14  0.5000000000      0.5000000000       0.000000000    
   427734375.0      0.1000000000E-03   10000000.00      0.2526734410E+14  0.5000000000      0.5000000000       0.000000000    
   428515625.0      0.1000000000E-03   10000000.00      0.2526734410E+14  0.5000000000      0.5000000000       0.000000000    
   429296875.0      0.1000000000E-03   10000000.00      0.2526734410E+14  0.5000000000      0.5000000000       0.000000000    
   430078125.0      0.1000000000E-03   10000000.00      0.2526734410E+14  0.5000000000      0.5000000000       0.000000000    
   430859375.0      0.1000000000E-03   10000000.00      0.2526734410E+14  0.5000000000      0.5000000000       0.000000000    
   431640625.0      0.1000000000E-03   10000000.00      0.2526734410E+14  0.5000000000      0.5000000000       0.000000000    
   432421875.0      0.1000000000E-03   10000000.00      0.2526734410E+14  0.5000000000      0.5000000000       0.000000000    
   433203125.0      0.1000000000E-03   10000000.00      0.2526734410E+14  0.5000000000      0.5000000000       0.000000000    
   433984375.0      0.1000000000E-03   10000000.00      0.2526734410E+14  0.5000000000      0.5000000000       0.000000000    
   434765625.0      0.1000000000E-03   10000000.00      0.2526734410E+14  0.5000000000      0.5000000000       0.000000000    
   435546875.0      0.1000000000E-03   10000000.00      0.2526734410E+14  0.5000000000      0.5000000000       0.000000000    
   436328125.0      0.1000000000E-03   10000000.00      0.2526734410E+14  0.5000000000      0.5000000000       0.000000000    
   437109375.0      0.1000000000E-03   10000000.00      0.2526734410E+14  0.5000000000      0.5000000000       0.000000000    
   437890625.0      0.1000000000E-03   10000000.00      0.2526734410E+14  0.5000000000      0.5000000000       0.000000000    
   438671875.0      0.1000000000E-03   10000000.00      0.2526734410E+14  0.5000000000      0.5000000000       0.000000000    
   439453125.0      0.1000000000E-03   10000000.00      0.2526734410E+14  0.5000000000      0.5000000000       0.000000000    
   440234375.0      0.1000000000E-03   10000000.00      0.2526734410E+14  0.5000000000      0.5000000000       0.000000000    
   441015625.0      0.1000000000E-03   10000000.00      0.2526734410E+14  0.5000000000      0.5000000000       0.000000000    
   441796875.0      0.1000000000E-03   10000000.00      0.2526734410E+14  0.5000000000      0.5000000000       0.000000000    
   442578125.0      0.1000000000E-03   10000000.00      0.2526734410E+14  0.5000000000      0.5000000000       0.000000000    
   443359375.0      0.1000000000E-03   10000000.00      0.2526734410E+14  0.5000000000      0.5000000000       0.000000000    
   444140625.0      0.1000000000E-03   10000000.00      0.2526734410E+14  0.5000000000      0.5000000000       0.000000000    
   444921875.0      0.1000000000E-03   10000000.00      0.2526734410E+14  0.5000000000      0.5000000000       0.000000000    
   445703125.0      0.1000000000E-03   10000000.00      0.2526734410E+14  0.5000000000      0.5000000000       0.000000000    
   446484375.0      0.1000000000E-03   10000000.00      0.2526734410E+14  0.5000000000      0.5000000000       0.000000000    
   447265625.0      0.1000000000E-03   10000000.00      0.2526734410E+14  0.5000000000      0.5000000000       0.000000000    
   448046875.0      0.1000000000E-03   10000000.00      0.2526734410E+14  0.5000000000      0.5000000000       0.000000000    
   448828125.0      0.1000000000E-03   10000000.00      0.2526734410E+14  0.5000000000      0.5000000000       0.000000000    
   449609375.0      0.1000000000E-03   10000000.00      0.2526734410E+14  0.5000000000      0.5000000000       0.000000000    
   450390625.0      0.1000000000E-03   10000000.00      0.2526734410E+14  0.5000000000      0.5000000000       0.000000000    
   451171875.0      0.1000000000E-03   10000000.00      0.2526734410E+14  0.5000000000      0.5000000000       0.000000000    
   451953125.0      0.1000000000E-03   10000000.00      0.2526734410E+14  0.5000000000      0.5000000000       0.000000000    
   452734375.0      0.1000000000E-03   10000000.00      0.2526734410E+14  0.5000000000      0.5000000000       0.000000000    
   453515625.0      0.1000000000E-03   10000000.00      0.2526734410E+14  0.5000000000      0.5000000000       0.000000000    
   454296875.0      0.1000000000E-03   10000000.00      0.2526734410E+14  0.5000000000      0.5000000000       0.000000000    
   455078125.0      0.1000000000E-03   10000000.00      0.2526734410E+14  0.5000000000      0.5000000000       0.000000000    
   455859375.0      0.1000000000E-03   10000000.00      0.2526734410E+14  0.5000000000      0.5000000000       0.000000000    
   456640625.0      0.1000000000E-03   10000000.00      0.2526734410E+14  0.5000000000      0.5000000000       0.000000000    
   457421875.0      0.1000000000E-03   10000000.00      0.2526734410E+14  0.5000000000      0.5000000000       0.000000000    
   458203125.0      0.1000000000E-03   10000000.00      0.2526734410E+14  0.5000000000      0.5000000000       0.000000000    
   458984375.0      0.1000000000E-03   10000000.00      0.2526734410E+14  0.5000000000      0.5000000000       0.000000000    
   459765625.0      0.1000000000E-03   10000000.00      0.2526734410E+14  0.5000000000      0.5000000000       0.000000000    
   460546875.0      0.1000000000E-03   10000000.00      0.2526734410E+14  0.5000000000      0.5000000000       0.000000000    
   461328125.0      0.1000000000E-03   10000000.00      0.2526734410E+14  0.5000000000      0.5000000000       0.000000000    
   462109375.0      0.1000000000E-03   10000000.00      0.2526734410E+14  0.5000000000      0.5000000000       0.000000000    
   462890625.0      0.1000000000E-03   10000000.00      0.2526734410E+14  0.5000000000      0.5000000000       0.000000000    
   463671875.0      0.1000000000E-03   10000000.00      0.2526734410E+14  0.5000000000      0.5000000000       0.000000000    
   464453125.0      0.1000000000E-03   10000000.00      0.2526734410E+14  0.5000000000      0.5000000000       0.000000000    
   465234375.0      0.1000000000E-03   10000000.00      0.2526734410E+14  0.5000000000      0.5000000000       0.000000000    
   466015625.0      0.1000000000E-03   10000000.00      0.2526734410E+14  0.5000000000      0.5000000000       0.000000000    
   466796875.0      0.1000000000E-03   10000000.00      0.2526734410E+14  0.5000000000      0.5000000000       0.000000000    
   467578125.0      0.1000000000E-03   10000000.00      0.2526734410E+14  0.5000000000      0.5000000000       0.000000000    
   468359375.0      0.1000000000E-03   10000000.00      0.2526734410E+14  0.5000000000      0.5000000000       0.000000000    
   469140625.0      0.1000000000E-03   10000000.00      0.2526734410E+14  0.5000000000      0.5000000000       0.000000000    
   469921875.0      0.1000000000E-03   10000000.00      0.2526734410E+14  0.5000000000      0.5000000000       0.000000000    
   470703125.0      0.1000000000E-03   10000000.00      0.2526734410E+14  0.5000000000      0.5000000000       0.000000000    
   471484375.0      0.1000000000E-03   10000000.00      0.2526734410E+14  0.5000000000      0.5000000000       0.000000000    
   472265625.0      0.1000000000E-03   10000000.00      0.2526734410E+14  0.5000000000      0.5000000000       0.000000000    
   473046875.0      0.1000000000E-03   10000000.00      0.2526734410E+14  0.5000000000      0.5000000000       0.000000000    
   473828125.0      0.1000000000E-03   10000000.00      0.2526734410E+14  0.5000000000      0.5000000000       0.000000000    
   474609375.0      0.1000000000E-03   10000000.00      0.2526734410E+14  0.5000000000      0.5000000000       0.000000000    
   475390625.0      0.1000000000E-03   10000000.00      0.2526734410E+14  0.5000000000      0.5000000000       0.000000000    
   476171875.0      0.1000000000E-03   10000000.00      0.2526734410E+14  0.5000000000      0.5000000000       0.000000000    
   476953125.0      0.1000000000E-03   10000000.00      0.2526734410E+14  0.5000000000      0.5000000000       0.000000000    
   477734375.0      0.1000000000E-03   10000000.00      0.2526734410E+14  0.5000000000      0.5000000000       0.000000000    
   478515625.0      0.1000000000E-03   10000000.00      0.2526734410E+14  0.5000000000      0.5000000000       0.000000000    
   479296875.0      0.1000000000E-03   10000000.00      0.2526734410E+14  0.5000000000      0.5000000000       0.000000000    
   480078125.0      0.1000000000E-03   10000000.00      0.2526734410E+14  0.5000000000      0.5000000000       0.000000000    
   480859375.0      0.1000000000E-03   10000000.00      0.2526734410E+14  0.5000000000      0.5000000000       0.000000000    
   481640625.0      0.1000000000E-03   10000000.00      0.2526734410E+14  0.5000000000      0.5000000000       0.000000000    
   482421875.0      0.1000000000E-03   10000000.00      0.2526734410E+14  0.5000000000      0.5000000000       0.000000000    
   483203125.0      0.1000000000E-03   10000000.00      0.2526734410E+14  0.5000000000      0.5000000000       0.000000000    
   483984375.0      0.1000000000E-03   10000000.00      0.2526734410E+14  0.5000000000      0.5000000000       0.000000000    
   484765625.0      0.1000000000E-03   10000000.00      0.2526734410E+14  0.5000000000      0.5000000000       0.000000000    
   485546875.0      0.1000000000E-03   10000000.00      0.2526734410E+14  0.5000000000      0.5000000000       0.000000000    
   486328125.0      0.1000000000E-03   10000000.00      0.2526734410E+14  0.5000000000      0.5000000000       0.000000000    
   487109375.0      0.1000000000E-03   10000000.00      0.2526734410E+14  0.5000000000      0.5000000000       0.000000000    
   487890625.0      0.1000000000E-03   10000000.00      0.2526734410E+14  0.5000000000      0.5000000000       0.000000000    
   488671875.0      0.1000000000E-03   10000000.00      0.2526734410E+14  0.5000000000      0.5000000000       0.000000000    
   489453125.0      0.1000000000E-03   10000000.00      0.2526734410E+14  0.5000000000      0.5000000000       0.000000000    
   490234375.0      0.1000000000E-03   10000000.00      0.2526734410E+14  0.5000000000      0.5000000000       0.000000000    
   491015625.0      0.1000000000E-03   10000000.00      0.2526734410E+14  0.5000000000      0.5000000000       0.000000000    
   491796875.0      0.1000000000E-03   10000000.00      0.2526734410E+14  0.5000000000      0.5000000000       0.000000000    
   492578125.0      0.1000000000E-03   10000000.00      0.2526734410E+14  0.5000000000      0.5000000000       0.000000000    
   493359375.0      0.1000000000E-03   10000000.00      0.2526734410E+14  0.5000000000      0.5000000000       0.000000000    
   494140625.0      0.1000000000E-03   10000000.00      0.2526734410E+14  0.5000000000      0.5000000000       0.000000000    
   494921875.0      0.1000000000E-03   10000000.00      0.2526734410E+14  0.5000000000      0.5000000000       0.000000000    
   495703125.0      0.1000000000E-03   10000000.00      0.2526734410E+14  0.5000000000      0.5000000000       0.000000000    
   496484375.0      0.1000000000E-03   10000000.00      0.2526734410E+14  0.5000000000      0.5000000000       0.000000000    
   497265625.0      0.1000000000E-03   10000000.00      0.2526734410E+14  0.5000000000      0.5000000000       0.000000000    
   498046875.0      0.1000000000E-03   10000000.00      0.2526734410E+14  0.5000000000      0.5000000000       0.000000000    
   498828125.0      0.1000000000E-03   10000000.00      0.2526734410E+14  0.5000000000      0.5000000000       0.000000000    
   499609375.0      0.1000000000E-03   10000000.00      0.2526734410E+14  0.5000000000      0.5000000000       0.000000000    
