# npts =   256
# num of variables =     6
# density
# temperature
# pressure
# carbon-12       
# oxygen-16       
# magnesium-24    
   976562.5000       2674000000.       599900000.0      0.1827894977E+28  0.4974201555      0.4983201919      0.4259652601E-02
   2929687.500       2665676067.       599270894.6      0.1820283131E+28  0.4974201555      0.4983201919      0.4259652601E-02
   4882812.500       2649144837.       597072656.2      0.1805171574E+28  0.4974201598      0.4983201963      0.4259643849E-02
   6835937.500       2624591820.       593673216.7      0.1782783754E+28  0.4974206579      0.4983206953      0.4258646862E-02
   8789062.500       2592297793.       589233186.0      0.1753446488E+28  0.4974211553      0.4983211936      0.4257651078E-02
   10742187.50       2552632606.       583701953.1      0.1717580884E+28  0.4974221552      0.4983221953      0.4255649547E-02
   12695312.50       2506034769.       577411128.0      0.1675690700E+28  0.4974231550      0.4983231969      0.4253648007E-02
   14648437.50       2453014893.       570251179.2      0.1628348856E+28  0.4974241549      0.4983241986      0.4251646460E-02
   16601562.50       2394141304.       562138092.7      0.1576182437E+28  0.4974251548      0.4983252003      0.4249644905E-02
   18554687.50       2330024945.       553044928.3      0.1519856996E+28  0.4974267136      0.4983267620      0.4246524391E-02
   20507812.50       2261300832.       543161019.7      0.1460060842E+28  0.4974278558      0.4983279062      0.4244238005E-02
   22460937.50       2188626197.       532364504.7      0.1397489822E+28  0.4974291543      0.4983292071      0.4241638602E-02
   24414062.50       2112658821.       520837723.2      0.1332832997E+28  0.4974306522      0.4983307077      0.4238640140E-02
   26367187.50       2034054423.       508840384.6      0.1266759752E+28  0.4974321246      0.4983321828      0.4235692623E-02
   28320312.50       1953460400.       496545394.7      0.1199908353E+28  0.4974332067      0.4983332668      0.4233526528E-02
   30273437.50       1871501569.       483871796.9      0.1132876327E+28  0.4974346521      0.4983347148      0.4230633127E-02
   32226562.50       1788773895.       470905027.2      0.1066212877E+28  0.4974356549      0.4983357194      0.4228625780E-02
   34179687.50       1705823714.       457856839.6      0.1000413543E+28  0.4974369937      0.4983370607      0.4225945622E-02
   36132812.50       1623163985.       444498668.0      0.9359167772E+27  0.4974442127      0.4983323338      0.4223453477E-02
   38085937.50       1541263642.       431066697.8      0.8731019985E+27  0.4974899069      0.4982898907      0.4220202352E-02
   40039062.50       1460546215.       417498177.1      0.8122893651E+27  0.4974909309      0.4982909163      0.4218152740E-02
   41992187.50       1381383101.       403858429.3      0.7537410453E+27  0.4974922526      0.4982922401      0.4215507263E-02
   43945312.50       1304085682.       390312812.5      0.6976639629E+27  0.4974935048      0.4982934944      0.4213000855E-02
   45898437.50       1228932247.       376745670.2      0.6442131509E+27  0.4974947009      0.4982946924      0.4210606672E-02
   47851562.50       1156151176.       363375327.0      0.5934955563E+27  0.4974958531      0.4982958464      0.4208300528E-02
   49804687.50       1085927306.       350168750.0      0.5455746340E+27  0.4974969629      0.4982969580      0.4206079114E-02
   51757812.50       1018395362.       337083831.5      0.5004753254E+27  0.4974980445      0.4982980414      0.4203914115E-02
   53710937.50       953660779.9       324359973.4      0.4581889838E+27  0.4974990962      0.4982990948      0.4201809029E-02
   55664062.50       891798502.7       311841282.9      0.4186779294E+27  0.4975001273      0.4983001275      0.4199745219E-02
   57617187.50       832840708.9       299572036.1      0.3818802615E+27  0.4975013817      0.4983013840      0.4197234289E-02
   59570312.50       776794411.1       287728730.9      0.3477144794E+27  0.4975026439      0.4983026482      0.4194707889E-02
   61523437.50       723651122.6       276143497.5      0.3160833299E+27  0.4975036380      0.4983036439      0.4192718062E-02
   63476562.50       673374173.6       264911250.0      0.2868774773E+27  0.4975046222      0.4983046297      0.4190748107E-02
   65429687.50       625905672.6       254056718.8      0.2599790572E+27  0.4975056037      0.4983056127      0.4188783596E-02
   67382812.50       581181344.4       243546843.4      0.2352645042E+27  0.4975065870      0.4983065975      0.4186815493E-02
   69335937.50       539121792.6       233453851.0      0.2126069653E+27  0.4975075733      0.4983075855      0.4184841182E-02
   71289062.50       499633149.5       223670618.6      0.1918786171E+27  0.4975085680      0.4983085818      0.4182850229E-02
   73242187.50       462620502.9       214272100.5      0.1729524425E+27  0.4975095748      0.4983095902      0.4180834989E-02
   75195312.50       427982619.6       205253287.8      0.1557035958E+27  0.4975105887      0.4983106057      0.4178805641E-02
   77148437.50       395609284.4       196623585.5      0.1400107070E+27  0.4975114100      0.4983114283      0.4177161711E-02
   79101562.50       365394684.2       188387269.7      0.1257567809E+27  0.4975121417      0.4983121612      0.4175697104E-02
   81054687.50       337230974.3       180452825.8      0.1128297818E+27  0.4975131723      0.4983131935      0.4173634239E-02
   83007812.50       311005971.2       172944901.3      0.1011232320E+27  0.4975137051      0.4983137271      0.4172567771E-02
   84960937.50       286615428.3       165712335.5      0.9053649424E+26  0.4975144113      0.4983144344      0.4171154288E-02
   86914062.50       263953274.3       158858519.7      0.8097489247E+26  0.4975149105      0.4983149345      0.4170154980E-02
   88867187.50       242915789.9       152309375.0      0.7234984293E+26  0.4975154118      0.4983154366      0.4169151679E-02
   90820312.50       223405827.0       146055273.4      0.6457875949E+26  0.4975159106      0.4983159361      0.4168153298E-02
   92773437.50       205326222.4       140111256.4      0.5758493825E+26  0.4975163032      0.4983163294      0.4167367339E-02
   94726562.50       188585713.3       134122222.2      0.5129740619E+26  0.4994394814      0.4996200383      0.9404803091E-03
   96679687.50       173086172.6       132108250.0      0.4565083527E+26  0.5000000000      0.5000000000      0.5325249062E-24
   98632812.50       158754786.3       130731403.2      0.4058512306E+26  0.5000000000      0.5000000000      0.2049650123E-24
   100585937.5       145514846.8       129331250.0      0.3604491554E+26  0.5000000000      0.5000000000      0.7830507813E-25
   102539062.5       133290916.7       128020596.6      0.3197949685E+26  0.5000000000      0.5000000000      0.3094866477E-25
   104492187.5       122010934.2       126714062.5      0.2834255185E+26  0.5000000000      0.5000000000      0.1165757813E-25
   106445312.5       111609046.0       125373567.7      0.2509185188E+26  0.5000000000      0.5000000000      0.4464632813E-26
   108398437.5       102021029.3       124191903.4      0.2218896757E+26  0.5000000000      0.5000000000      0.1836674716E-26
   110351562.5       93188327.59       122998958.3      0.1959899405E+26  0.5000000000      0.5000000000      0.7366191406E-27
   112304687.5       85056085.36       121796875.0      0.1729025465E+26  0.5000000000      0.5000000000      0.2814128906E-27
   114257812.5       77571720.10       120591947.1      0.1523405901E+26  0.5000000000      0.5000000000      0.1160332933E-27
   116210937.5       70687528.77       119431730.8      0.1340445460E+26  0.5000000000      0.5000000000      0.4520454327E-28
   118164062.5       64358154.02       118317968.8      0.1177798753E+26  0.5000000000      0.5000000000      0.1869909598E-28
   120117187.5       58541871.33       117153236.6      0.1033348984E+26  0.5000000000      0.5000000000      0.7194593750E-29
   122070312.5       53199650.42       116140992.6      0.9051873081E+25  0.5000000000      0.5000000000      0.3036129596E-29
   124023437.5       48295220.79       115025818.5      0.7915942921E+25  0.5000000000      0.5000000000      0.1279143229E-29
   125976562.5       43795122.27       113996028.6      0.6910222710E+25  0.5000000000      0.5000000000      0.5419983724E-30
   127929687.5       39667989.17       112938085.9      0.6020794644E+25  0.5000000000      0.5000000000      0.2157451172E-30
   129882812.5       35884952.22       111958593.8      0.5235153813E+25  0.5000000000      0.5000000000      0.1055490792E-30
   131835937.5       32419405.55       110912968.8      0.4542069601E+25  0.5000000000      0.5000000000      0.4244459375E-31
   133789062.5       29246460.68       109806197.9      0.3931463940E+25  0.5000000000      0.5000000000      0.1388990625E-31
   135742187.5       26343304.18       108657536.8      0.3394299397E+25  0.5000000000      0.5000000000      0.7353912684E-32
   137695312.5       23688517.87       107482492.0      0.2922477805E+25  0.5000000000      0.5000000000      0.2283639824E-32
   139648437.5       21262764.99       106230488.8      0.2508745786E+25  0.5000000000      0.5000000000      0.1162345753E-32
   141601562.5       19047692.71       104955175.8      0.2146610601E+25  0.5000000000      0.5000000000      0.2969020898E-33
   143554687.5       17026809.34       103612402.3      0.1830263922E+25  0.5000000000      0.5000000000      0.1719102279E-33
   145507812.5       15184483.37       102269628.9      0.1554512093E+25  0.5000000000      0.5000000000      0.4691836589E-34
   147460937.5       13506787.75       100705932.5      0.1314712813E+25  0.5000000000      0.5000000000      0.1632650706E-34
   149414062.5       11980339.64       99086728.83      0.1106719041E+25  0.5000000000      0.5000000000      0.9452767137E-35
   151367187.5       10593112.37       97467525.20      0.9268298498E+24  0.5000000000      0.5000000000      0.2579027218E-35
   153320312.5       9334069.647       95533402.22      0.7717413674E+24  0.5000000000      0.5000000000       0.000000000    
   155273437.5       8192897.859       93410166.33      0.6385063472E+24  0.5000000000      0.5000000000       0.000000000    
   157226562.5       7159981.725       91286930.44      0.5244989293E+24  0.5000000000      0.5000000000       0.000000000    
   159179687.5       6226657.343       89163694.56      0.4273803444E+24  0.5000000000      0.5000000000       0.000000000    
   161132812.5       5384938.008       87040458.67      0.3450674029E+24  0.5000000000      0.5000000000       0.000000000    
   163085937.5       4626697.270       86750000.00      0.2757110058E+24  0.5000000000      0.5000000000       0.000000000    
   165039062.5       3946080.786       86750000.00      0.2176653211E+24  0.5000000000      0.5000000000       0.000000000    
   166992187.5       3337013.377       86750000.00      0.1694600594E+24  0.5000000000      0.5000000000       0.000000000    
   168945312.5       2793797.764       86750000.00      0.1297873752E+24  0.5000000000      0.5000000000       0.000000000    
   170898437.5       2311232.374       86750000.00      0.9748506192E+23  0.5000000000      0.5000000000       0.000000000    
   172851562.5       1884575.351       86750000.00      0.7152052335E+23  0.5000000000      0.5000000000       0.000000000    
   174804687.5       1509519.418       86750000.00      0.5097637160E+23  0.5000000000      0.5000000000       0.000000000    
   176757812.5       1182183.532       86750000.00      0.3503735543E+23  0.5000000000      0.5000000000       0.000000000    
   178710937.5       899111.0324       86750000.00      0.2297838154E+23  0.5000000000      0.5000000000       0.000000000    
   180664062.5       657282.7530       86750000.00      0.1415342893E+23  0.5000000000      0.5000000000       0.000000000    
   182617187.5       454169.3942       86750000.00      0.7984996563E+22  0.5000000000      0.5000000000       0.000000000    
   184570312.5       287853.8766       86750000.00      0.3953472997E+22  0.5000000000      0.5000000000       0.000000000    
   186523437.5       157344.3330       86750000.00      0.1585096332E+22  0.5000000000      0.5000000000       0.000000000    
   188476562.5       63535.65678       86750000.00      0.4343509456E+21  0.5000000000      0.5000000000       0.000000000    
   190429687.5       11272.19169       86750000.00      0.5260222543E+20  0.5000000000      0.5000000000       0.000000000    
   192382812.5      0.1000000000E-03   10000000.00      0.2526734906E+14  0.5000000000      0.5000000000       0.000000000    
   194335937.5      0.1000000000E-03   10000000.00      0.2526734906E+14  0.5000000000      0.5000000000       0.000000000    
   196289062.5      0.1000000000E-03   10000000.00      0.2526734906E+14  0.5000000000      0.5000000000       0.000000000    
   198242187.5      0.1000000000E-03   10000000.00      0.2526734906E+14  0.5000000000      0.5000000000       0.000000000    
   200195312.5      0.1000000000E-03   10000000.00      0.2526734906E+14  0.5000000000      0.5000000000       0.000000000    
   202148437.5      0.1000000000E-03   10000000.00      0.2526734906E+14  0.5000000000      0.5000000000       0.000000000    
   204101562.5      0.1000000000E-03   10000000.00      0.2526734906E+14  0.5000000000      0.5000000000       0.000000000    
   206054687.5      0.1000000000E-03   10000000.00      0.2526734906E+14  0.5000000000      0.5000000000       0.000000000    
   208007812.5      0.1000000000E-03   10000000.00      0.2526734906E+14  0.5000000000      0.5000000000       0.000000000    
   209960937.5      0.1000000000E-03   10000000.00      0.2526734906E+14  0.5000000000      0.5000000000       0.000000000    
   211914062.5      0.1000000000E-03   10000000.00      0.2526734906E+14  0.5000000000      0.5000000000       0.000000000    
   213867187.5      0.1000000000E-03   10000000.00      0.2526734906E+14  0.5000000000      0.5000000000       0.000000000    
   215820312.5      0.1000000000E-03   10000000.00      0.2526734906E+14  0.5000000000      0.5000000000       0.000000000    
   217773437.5      0.1000000000E-03   10000000.00      0.2526734906E+14  0.5000000000      0.5000000000       0.000000000    
   219726562.5      0.1000000000E-03   10000000.00      0.2526734906E+14  0.5000000000      0.5000000000       0.000000000    
   221679687.5      0.1000000000E-03   10000000.00      0.2526734906E+14  0.5000000000      0.5000000000       0.000000000    
   223632812.5      0.1000000000E-03   10000000.00      0.2526734906E+14  0.5000000000      0.5000000000       0.000000000    
   225585937.5      0.1000000000E-03   10000000.00      0.2526734906E+14  0.5000000000      0.5000000000       0.000000000    
   227539062.5      0.1000000000E-03   10000000.00      0.2526734906E+14  0.5000000000      0.5000000000       0.000000000    
   229492187.5      0.1000000000E-03   10000000.00      0.2526734906E+14  0.5000000000      0.5000000000       0.000000000    
   231445312.5      0.1000000000E-03   10000000.00      0.2526734906E+14  0.5000000000      0.5000000000       0.000000000    
   233398437.5      0.1000000000E-03   10000000.00      0.2526734906E+14  0.5000000000      0.5000000000       0.000000000    
   235351562.5      0.1000000000E-03   10000000.00      0.2526734906E+14  0.5000000000      0.5000000000       0.000000000    
   237304687.5      0.1000000000E-03   10000000.00      0.2526734906E+14  0.5000000000      0.5000000000       0.000000000    
   239257812.5      0.1000000000E-03   10000000.00      0.2526734906E+14  0.5000000000      0.5000000000       0.000000000    
   241210937.5      0.1000000000E-03   10000000.00      0.2526734906E+14  0.5000000000      0.5000000000       0.000000000    
   243164062.5      0.1000000000E-03   10000000.00      0.2526734906E+14  0.5000000000      0.5000000000       0.000000000    
   245117187.5      0.1000000000E-03   10000000.00      0.2526734906E+14  0.5000000000      0.5000000000       0.000000000    
   247070312.5      0.1000000000E-03   10000000.00      0.2526734906E+14  0.5000000000      0.5000000000       0.000000000    
   249023437.5      0.1000000000E-03   10000000.00      0.2526734906E+14  0.5000000000      0.5000000000       0.000000000    
   250976562.5      0.1000000000E-03   10000000.00      0.2526734906E+14  0.5000000000      0.5000000000       0.000000000    
   252929687.5      0.1000000000E-03   10000000.00      0.2526734906E+14  0.5000000000      0.5000000000       0.000000000    
   254882812.5      0.1000000000E-03   10000000.00      0.2526734906E+14  0.5000000000      0.5000000000       0.000000000    
   256835937.5      0.1000000000E-03   10000000.00      0.2526734906E+14  0.5000000000      0.5000000000       0.000000000    
   258789062.5      0.1000000000E-03   10000000.00      0.2526734906E+14  0.5000000000      0.5000000000       0.000000000    
   260742187.5      0.1000000000E-03   10000000.00      0.2526734906E+14  0.5000000000      0.5000000000       0.000000000    
   262695312.5      0.1000000000E-03   10000000.00      0.2526734906E+14  0.5000000000      0.5000000000       0.000000000    
   264648437.5      0.1000000000E-03   10000000.00      0.2526734906E+14  0.5000000000      0.5000000000       0.000000000    
   266601562.5      0.1000000000E-03   10000000.00      0.2526734906E+14  0.5000000000      0.5000000000       0.000000000    
   268554687.5      0.1000000000E-03   10000000.00      0.2526734906E+14  0.5000000000      0.5000000000       0.000000000    
   270507812.5      0.1000000000E-03   10000000.00      0.2526734906E+14  0.5000000000      0.5000000000       0.000000000    
   272460937.5      0.1000000000E-03   10000000.00      0.2526734906E+14  0.5000000000      0.5000000000       0.000000000    
   274414062.5      0.1000000000E-03   10000000.00      0.2526734906E+14  0.5000000000      0.5000000000       0.000000000    
   276367187.5      0.1000000000E-03   10000000.00      0.2526734906E+14  0.5000000000      0.5000000000       0.000000000    
   278320312.5      0.1000000000E-03   10000000.00      0.2526734906E+14  0.5000000000      0.5000000000       0.000000000    
   280273437.5      0.1000000000E-03   10000000.00      0.2526734906E+14  0.5000000000      0.5000000000       0.000000000    
   282226562.5      0.1000000000E-03   10000000.00      0.2526734906E+14  0.5000000000      0.5000000000       0.000000000    
   284179687.5      0.1000000000E-03   10000000.00      0.2526734906E+14  0.5000000000      0.5000000000       0.000000000    
   286132812.5      0.1000000000E-03   10000000.00      0.2526734906E+14  0.5000000000      0.5000000000       0.000000000    
   288085937.5      0.1000000000E-03   10000000.00      0.2526734906E+14  0.5000000000      0.5000000000       0.000000000    
   290039062.5      0.1000000000E-03   10000000.00      0.2526734906E+14  0.5000000000      0.5000000000       0.000000000    
   291992187.5      0.1000000000E-03   10000000.00      0.2526734906E+14  0.5000000000      0.5000000000       0.000000000    
   293945312.5      0.1000000000E-03   10000000.00      0.2526734906E+14  0.5000000000      0.5000000000       0.000000000    
   295898437.5      0.1000000000E-03   10000000.00      0.2526734906E+14  0.5000000000      0.5000000000       0.000000000    
   297851562.5      0.1000000000E-03   10000000.00      0.2526734906E+14  0.5000000000      0.5000000000       0.000000000    
   299804687.5      0.1000000000E-03   10000000.00      0.2526734906E+14  0.5000000000      0.5000000000       0.000000000    
   301757812.5      0.1000000000E-03   10000000.00      0.2526734906E+14  0.5000000000      0.5000000000       0.000000000    
   303710937.5      0.1000000000E-03   10000000.00      0.2526734906E+14  0.5000000000      0.5000000000       0.000000000    
   305664062.5      0.1000000000E-03   10000000.00      0.2526734906E+14  0.5000000000      0.5000000000       0.000000000    
   307617187.5      0.1000000000E-03   10000000.00      0.2526734906E+14  0.5000000000      0.5000000000       0.000000000    
   309570312.5      0.1000000000E-03   10000000.00      0.2526734906E+14  0.5000000000      0.5000000000       0.000000000    
   311523437.5      0.1000000000E-03   10000000.00      0.2526734906E+14  0.5000000000      0.5000000000       0.000000000    
   313476562.5      0.1000000000E-03   10000000.00      0.2526734906E+14  0.5000000000      0.5000000000       0.000000000    
   315429687.5      0.1000000000E-03   10000000.00      0.2526734906E+14  0.5000000000      0.5000000000       0.000000000    
   317382812.5      0.1000000000E-03   10000000.00      0.2526734906E+14  0.5000000000      0.5000000000       0.000000000    
   319335937.5      0.1000000000E-03   10000000.00      0.2526734906E+14  0.5000000000      0.5000000000       0.000000000    
   321289062.5      0.1000000000E-03   10000000.00      0.2526734906E+14  0.5000000000      0.5000000000       0.000000000    
   323242187.5      0.1000000000E-03   10000000.00      0.2526734906E+14  0.5000000000      0.5000000000       0.000000000    
   325195312.5      0.1000000000E-03   10000000.00      0.2526734906E+14  0.5000000000      0.5000000000       0.000000000    
   327148437.5      0.1000000000E-03   10000000.00      0.2526734906E+14  0.5000000000      0.5000000000       0.000000000    
   329101562.5      0.1000000000E-03   10000000.00      0.2526734906E+14  0.5000000000      0.5000000000       0.000000000    
   331054687.5      0.1000000000E-03   10000000.00      0.2526734906E+14  0.5000000000      0.5000000000       0.000000000    
   333007812.5      0.1000000000E-03   10000000.00      0.2526734906E+14  0.5000000000      0.5000000000       0.000000000    
   334960937.5      0.1000000000E-03   10000000.00      0.2526734906E+14  0.5000000000      0.5000000000       0.000000000    
   336914062.5      0.1000000000E-03   10000000.00      0.2526734906E+14  0.5000000000      0.5000000000       0.000000000    
   338867187.5      0.1000000000E-03   10000000.00      0.2526734906E+14  0.5000000000      0.5000000000       0.000000000    
   340820312.5      0.1000000000E-03   10000000.00      0.2526734906E+14  0.5000000000      0.5000000000       0.000000000    
   342773437.5      0.1000000000E-03   10000000.00      0.2526734906E+14  0.5000000000      0.5000000000       0.000000000    
   344726562.5      0.1000000000E-03   10000000.00      0.2526734906E+14  0.5000000000      0.5000000000       0.000000000    
   346679687.5      0.1000000000E-03   10000000.00      0.2526734906E+14  0.5000000000      0.5000000000       0.000000000    
   348632812.5      0.1000000000E-03   10000000.00      0.2526734906E+14  0.5000000000      0.5000000000       0.000000000    
   350585937.5      0.1000000000E-03   10000000.00      0.2526734906E+14  0.5000000000      0.5000000000       0.000000000    
   352539062.5      0.1000000000E-03   10000000.00      0.2526734906E+14  0.5000000000      0.5000000000       0.000000000    
   354492187.5      0.1000000000E-03   10000000.00      0.2526734906E+14  0.5000000000      0.5000000000       0.000000000    
   356445312.5      0.1000000000E-03   10000000.00      0.2526734906E+14  0.5000000000      0.5000000000       0.000000000    
   358398437.5      0.1000000000E-03   10000000.00      0.2526734906E+14  0.5000000000      0.5000000000       0.000000000    
   360351562.5      0.1000000000E-03   10000000.00      0.2526734906E+14  0.5000000000      0.5000000000       0.000000000    
   362304687.5      0.1000000000E-03   10000000.00      0.2526734906E+14  0.5000000000      0.5000000000       0.000000000    
   364257812.5      0.1000000000E-03   10000000.00      0.2526734906E+14  0.5000000000      0.5000000000       0.000000000    
   366210937.5      0.1000000000E-03   10000000.00      0.2526734906E+14  0.5000000000      0.5000000000       0.000000000    
   368164062.5      0.1000000000E-03   10000000.00      0.2526734906E+14  0.5000000000      0.5000000000       0.000000000    
   370117187.5      0.1000000000E-03   10000000.00      0.2526734906E+14  0.5000000000      0.5000000000       0.000000000    
   372070312.5      0.1000000000E-03   10000000.00      0.2526734906E+14  0.5000000000      0.5000000000       0.000000000    
   374023437.5      0.1000000000E-03   10000000.00      0.2526734906E+14  0.5000000000      0.5000000000       0.000000000    
   375976562.5      0.1000000000E-03   10000000.00      0.2526734906E+14  0.5000000000      0.5000000000       0.000000000    
   377929687.5      0.1000000000E-03   10000000.00      0.2526734906E+14  0.5000000000      0.5000000000       0.000000000    
   379882812.5      0.1000000000E-03   10000000.00      0.2526734906E+14  0.5000000000      0.5000000000       0.000000000    
   381835937.5      0.1000000000E-03   10000000.00      0.2526734906E+14  0.5000000000      0.5000000000       0.000000000    
   383789062.5      0.1000000000E-03   10000000.00      0.2526734906E+14  0.5000000000      0.5000000000       0.000000000    
   385742187.5      0.1000000000E-03   10000000.00      0.2526734906E+14  0.5000000000      0.5000000000       0.000000000    
   387695312.5      0.1000000000E-03   10000000.00      0.2526734906E+14  0.5000000000      0.5000000000       0.000000000    
   389648437.5      0.1000000000E-03   10000000.00      0.2526734906E+14  0.5000000000      0.5000000000       0.000000000    
   391601562.5      0.1000000000E-03   10000000.00      0.2526734906E+14  0.5000000000      0.5000000000       0.000000000    
   393554687.5      0.1000000000E-03   10000000.00      0.2526734906E+14  0.5000000000      0.5000000000       0.000000000    
   395507812.5      0.1000000000E-03   10000000.00      0.2526734906E+14  0.5000000000      0.5000000000       0.000000000    
   397460937.5      0.1000000000E-03   10000000.00      0.2526734906E+14  0.5000000000      0.5000000000       0.000000000    
   399414062.5      0.1000000000E-03   10000000.00      0.2526734906E+14  0.5000000000      0.5000000000       0.000000000    
   401367187.5      0.1000000000E-03   10000000.00      0.2526734906E+14  0.5000000000      0.5000000000       0.000000000    
   403320312.5      0.1000000000E-03   10000000.00      0.2526734906E+14  0.5000000000      0.5000000000       0.000000000    
   405273437.5      0.1000000000E-03   10000000.00      0.2526734906E+14  0.5000000000      0.5000000000       0.000000000    
   407226562.5      0.1000000000E-03   10000000.00      0.2526734906E+14  0.5000000000      0.5000000000       0.000000000    
   409179687.5      0.1000000000E-03   10000000.00      0.2526734906E+14  0.5000000000      0.5000000000       0.000000000    
   411132812.5      0.1000000000E-03   10000000.00      0.2526734906E+14  0.5000000000      0.5000000000       0.000000000    
   413085937.5      0.1000000000E-03   10000000.00      0.2526734906E+14  0.5000000000      0.5000000000       0.000000000    
   415039062.5      0.1000000000E-03   10000000.00      0.2526734906E+14  0.5000000000      0.5000000000       0.000000000    
   416992187.5      0.1000000000E-03   10000000.00      0.2526734906E+14  0.5000000000      0.5000000000       0.000000000    
   418945312.5      0.1000000000E-03   10000000.00      0.2526734906E+14  0.5000000000      0.5000000000       0.000000000    
   420898437.5      0.1000000000E-03   10000000.00      0.2526734906E+14  0.5000000000      0.5000000000       0.000000000    
   422851562.5      0.1000000000E-03   10000000.00      0.2526734906E+14  0.5000000000      0.5000000000       0.000000000    
   424804687.5      0.1000000000E-03   10000000.00      0.2526734906E+14  0.5000000000      0.5000000000       0.000000000    
   426757812.5      0.1000000000E-03   10000000.00      0.2526734906E+14  0.5000000000      0.5000000000       0.000000000    
   428710937.5      0.1000000000E-03   10000000.00      0.2526734906E+14  0.5000000000      0.5000000000       0.000000000    
   430664062.5      0.1000000000E-03   10000000.00      0.2526734906E+14  0.5000000000      0.5000000000       0.000000000    
   432617187.5      0.1000000000E-03   10000000.00      0.2526734906E+14  0.5000000000      0.5000000000       0.000000000    
   434570312.5      0.1000000000E-03   10000000.00      0.2526734906E+14  0.5000000000      0.5000000000       0.000000000    
   436523437.5      0.1000000000E-03   10000000.00      0.2526734906E+14  0.5000000000      0.5000000000       0.000000000    
   438476562.5      0.1000000000E-03   10000000.00      0.2526734906E+14  0.5000000000      0.5000000000       0.000000000    
   440429687.5      0.1000000000E-03   10000000.00      0.2526734906E+14  0.5000000000      0.5000000000       0.000000000    
   442382812.5      0.1000000000E-03   10000000.00      0.2526734906E+14  0.5000000000      0.5000000000       0.000000000    
   444335937.5      0.1000000000E-03   10000000.00      0.2526734906E+14  0.5000000000      0.5000000000       0.000000000    
   446289062.5      0.1000000000E-03   10000000.00      0.2526734906E+14  0.5000000000      0.5000000000       0.000000000    
   448242187.5      0.1000000000E-03   10000000.00      0.2526734906E+14  0.5000000000      0.5000000000       0.000000000    
   450195312.5      0.1000000000E-03   10000000.00      0.2526734906E+14  0.5000000000      0.5000000000       0.000000000    
   452148437.5      0.1000000000E-03   10000000.00      0.2526734906E+14  0.5000000000      0.5000000000       0.000000000    
   454101562.5      0.1000000000E-03   10000000.00      0.2526734906E+14  0.5000000000      0.5000000000       0.000000000    
   456054687.5      0.1000000000E-03   10000000.00      0.2526734906E+14  0.5000000000      0.5000000000       0.000000000    
   458007812.5      0.1000000000E-03   10000000.00      0.2526734906E+14  0.5000000000      0.5000000000       0.000000000    
   459960937.5      0.1000000000E-03   10000000.00      0.2526734906E+14  0.5000000000      0.5000000000       0.000000000    
   461914062.5      0.1000000000E-03   10000000.00      0.2526734906E+14  0.5000000000      0.5000000000       0.000000000    
   463867187.5      0.1000000000E-03   10000000.00      0.2526734906E+14  0.5000000000      0.5000000000       0.000000000    
   465820312.5      0.1000000000E-03   10000000.00      0.2526734906E+14  0.5000000000      0.5000000000       0.000000000    
   467773437.5      0.1000000000E-03   10000000.00      0.2526734906E+14  0.5000000000      0.5000000000       0.000000000    
   469726562.5      0.1000000000E-03   10000000.00      0.2526734906E+14  0.5000000000      0.5000000000       0.000000000    
   471679687.5      0.1000000000E-03   10000000.00      0.2526734906E+14  0.5000000000      0.5000000000       0.000000000    
   473632812.5      0.1000000000E-03   10000000.00      0.2526734906E+14  0.5000000000      0.5000000000       0.000000000    
   475585937.5      0.1000000000E-03   10000000.00      0.2526734906E+14  0.5000000000      0.5000000000       0.000000000    
   477539062.5      0.1000000000E-03   10000000.00      0.2526734906E+14  0.5000000000      0.5000000000       0.000000000    
   479492187.5      0.1000000000E-03   10000000.00      0.2526734906E+14  0.5000000000      0.5000000000       0.000000000    
   481445312.5      0.1000000000E-03   10000000.00      0.2526734906E+14  0.5000000000      0.5000000000       0.000000000    
   483398437.5      0.1000000000E-03   10000000.00      0.2526734906E+14  0.5000000000      0.5000000000       0.000000000    
   485351562.5      0.1000000000E-03   10000000.00      0.2526734906E+14  0.5000000000      0.5000000000       0.000000000    
   487304687.5      0.1000000000E-03   10000000.00      0.2526734906E+14  0.5000000000      0.5000000000       0.000000000    
   489257812.5      0.1000000000E-03   10000000.00      0.2526734906E+14  0.5000000000      0.5000000000       0.000000000    
   491210937.5      0.1000000000E-03   10000000.00      0.2526734906E+14  0.5000000000      0.5000000000       0.000000000    
   493164062.5      0.1000000000E-03   10000000.00      0.2526734906E+14  0.5000000000      0.5000000000       0.000000000    
   495117187.5      0.1000000000E-03   10000000.00      0.2526734906E+14  0.5000000000      0.5000000000       0.000000000    
   497070312.5      0.1000000000E-03   10000000.00      0.2526734906E+14  0.5000000000      0.5000000000       0.000000000    
   499023437.5      0.1000000000E-03   10000000.00      0.2526734906E+14  0.5000000000      0.5000000000       0.000000000    
