# npts =   192
# num of variables =     6
# density
# temperature
# pressure
# carbon-12       
# oxygen-16       
# magnesium-24    
      1302083.333333333          2674000000.000000          599900000.0000000         0.1800990885791859E+28     0.4974201554646994         0.4983201919341772         0.4259652601123398E-02
      3906250.000000000          2659006782.761773          598263513.5135136         0.1787475616688925E+28     0.4974201554646994         0.4983201919341772         0.4259652601123398E-02
      6510416.666666666          2629350898.942503          594289495.6140351         0.1760802889856582E+28     0.4974206578799217         0.4983206952584741         0.4258646861604163E-02
      9114583.333333332          2585644155.012213          588363976.6081871         0.1721677813272684E+28     0.4974215547580512         0.4983215937594229         0.4256851482526000E-02
      11718750.00000000          2528783398.443548          580593750.0000000         0.1671111674000249E+28     0.4974226576020537         0.4983226985989212         0.4254643799025046E-02
      14322916.66666667          2459895501.826158          571482916.6666666         0.1610372235304290E+28     0.4974240284822158         0.4983240719595661         0.4251899558218076E-02
      16927083.33333333          2380323212.601507          560688125.0000000         0.1540923243553577E+28     0.4974253616914934         0.4983254075811644         0.4249230727342159E-02
      19531250.00000000          2291549967.498369          548220208.3333334         0.1464357583787173E+28     0.4974271545483668         0.4983272036820490         0.4245641769584202E-02
      22135416.66666666          2195139610.568983          534207075.4716981         0.1382329804569458E+28     0.4974291543227348         0.4983292070748266         0.4241638602438489E-02
      24739583.33333333          2092687706.948884          518900099.2063492         0.1296492172727038E+28     0.4974306560542184         0.4983307115235566         0.4238632422224966E-02
      27343750.00000000          1985784484.373491          502776315.7894737         0.1208437349049663E+28     0.4974326540156616         0.4983327131001291         0.4234632884209365E-02
      29947916.66666666          1875975462.792498          486003541.6666667         0.1119649992910861E+28     0.4974343253519887         0.4983343874605871         0.4231287187424183E-02
      32552083.33333333          1764720086.394311          468767109.9290780         0.1031469152978856E+28     0.4974358700829521         0.4983359349866004         0.4228194930447491E-02
      35156250.00000000          1653338556.302374          451246710.5263158         0.9450628476548122E+27     0.4974376532922654         0.4983377214224685         0.4224625285266092E-02
      37760416.66666666          1543028355.369632          433312500.0000000         0.8614137998296186E+27     0.4974897608315724         0.4982897443665780         0.4220494801849486E-02
      40364583.33333333          1434835330.626049          415237615.7407408         0.7813145640211608E+27     0.4974911558394610         0.4982911416176953         0.4217702542843560E-02
      42968750.00000000          1329636862.187259          397115097.4025974         0.7053719579529912E+27     0.4974928855609939         0.4982928741206900         0.4214240318316165E-02
      45572916.66666666          1228148011.452508          378981174.6987952         0.6340185768527908E+27     0.4974945058125336         0.4982944969776593         0.4210997209806978E-02
      48177083.33333333          1130944480.662581          361160009.5785441         0.5675286294818429E+27     0.4974960404366386         0.4982960340695015         0.4207925493859813E-02
      50781250.00000000          1038448904.657427          343639305.5555556         0.5060369732667101E+27     0.4974975036473527         0.4982974996331173         0.4204996719530142E-02
      53385416.66666666          950952932.7116103          326437765.9574468         0.4495601811185686E+27     0.4974989239292335         0.4982989221988685         0.4202153871897996E-02
      55989583.33333333          868642316.3906519          309751096.4912281         0.3980172723007200E+27     0.4975002977582922         0.4983002982370995         0.4199404004608204E-02
      58593750.00000000          791584150.7538252          293608035.7142857         0.3512500984110920E+27     0.4975021458333626         0.4983021492839489         0.4195704882688524E-02
      61197916.66666666          719774363.3816090          278050589.2255892         0.3090421881596681E+27     0.4975034728234108         0.4983034784078504         0.4193048768738709E-02
      63802083.33333333          653132402.2574158          263088333.3333334         0.2711351935734544E+27     0.4975047857991104         0.4983047934948678         0.4190420706021818E-02
      66406250.00000000          591516227.7592803          248739267.6767677         0.2372436716880713E+27     0.4975060944245301         0.4983061042246097         0.4187801350860093E-02
      69010416.66666666          534748028.7661476          235097895.6228957         0.2070671839810896E+27     0.4975074080967891         0.4983074200093066         0.4185171893904375E-02
      71614583.33333333          482605450.7081356          222059793.8144330         0.1803003228237387E+27     0.4975087366274016         0.4983087506762496         0.4182512696348806E-02
      74218750.00000000          434854447.2790492          209693229.1666667         0.1566406134292871E+27     0.4975100807720996         0.4983100969823865         0.4179822245513884E-02
      76822916.66666666          391235063.1757876          198028464.9122807         0.1357945035323055E+27     0.4975114082660837         0.4983114266110342         0.4177165122882021E-02
      79427083.33333333          351488492.0975403          187050921.0526316         0.1174818239462589E+27     0.4975123121641246         0.4983123319625795         0.4175355873295994E-02
      82031250.00000000          315348904.1915734          176630921.0526316         0.1014386963795490E+27     0.4975134107685675         0.4983134323336225         0.4173156897809865E-02
      84635416.66666666          282554849.6679066          166911622.8070176         0.8741949773830427E+26     0.4975144095643962         0.4983144327355550         0.4171157700048707E-02
      87239583.33333333          252851386.6203507          157734722.2222222         0.7519777643191322E+26     0.4975149362189394         0.4983149602369800         0.4170103544080613E-02
      89843750.00000000          225992265.0688122          149130598.9583333         0.6456650622029144E+26     0.4975157933019987         0.4983158186982632         0.4168387999738039E-02
      92447916.66666666          201742590.1842392          141074532.3129252         0.5533779706887600E+26     0.4975161379597349         0.4983161639102229         0.4167698130042103E-02
      95052083.33333333          179877004.6461185          133327819.8653199         0.4734226358439093E+26     0.4999999999500000         0.4999999999500000         0.9999999999000000E-10
      97656250.00000000          160173908.5802058          131403589.1089109         0.4042831416753424E+26     0.4999999999500000         0.4999999999500000         0.9999999999000000E-10
      100260416.6666667          142459311.8507308          129591666.6666667         0.3446050724616307E+26     0.4999999999500000         0.4999999999500000         0.9999999999000000E-10
      102864583.3333333          126550814.9635415          127813446.9696970         0.2931809512065424E+26     0.4999999999500000         0.4999999999500000         0.9999999999000000E-10
      105468750.0000000          112279314.0820428          126077272.7272727         0.2489422268388795E+26     0.4999999999500000         0.4999999999500000         0.9999999999000000E-10
      108072916.6666667          99488993.13080002          124399053.0303030         0.2109466325526936E+26     0.4999999999500000         0.4999999999500000         0.9999999999000000E-10
      110677083.3333333          88037204.93271191          122781944.4444444         0.1783657650249883E+26     0.4999999999500000         0.4999999999500000         0.9999999999000000E-10
      113281250.0000000          77793164.27761251          121145833.3333333         0.1504733106092308E+26     0.4999999999500000         0.4999999999500000         0.9999999999000000E-10
      115885416.6666667          68637767.52114555          119632051.2820513         0.1266340404678135E+26     0.4999999999500000         0.4999999999500000         0.9999999999000000E-10
      118489583.3333333          60462228.26462304          118155208.3333333         0.1062936418477385E+26     0.4999999999500000         0.4999999999500000         0.9999999999000000E-10
      121093750.0000000          53168763.09686828          116653125.0000000         0.8896928086119605E+25     0.4999999999500000         0.4999999999500000         0.9999999999000000E-10
      123697916.6666667          46667356.00693631          115196329.3650794         0.7424119185016117E+25     0.4999999999500000         0.4999999999500000         0.9999999999000000E-10
      126302083.3333333          40877656.72320036          113819704.8611111         0.6174507679765851E+25     0.4999999999500000         0.4999999999500000         0.9999999999000000E-10
      128906250.0000000          35726522.64380473          112446875.0000000         0.5116516952971446E+25     0.4999999999500000         0.4999999999500000         0.9999999999000000E-10
      131510416.6666667          31148165.19708167          111097430.5555556         0.4222818628469529E+25     0.4999999999500000         0.4999999999500000         0.9999999999000000E-10
      134114583.3333333          27083466.76567311          109614950.9803922         0.3469785781689022E+25     0.4999999999500000         0.4999999999500000         0.9999999999000000E-10
      136718750.0000000          23478676.29960318          108083088.2352941         0.2837019591639186E+25     0.4999999999500000         0.4999999999500000         0.9999999999000000E-10
      139322916.6666667          20285965.05188144          106439155.9829060         0.2306927699832808E+25     0.4999999999500000         0.4999999999500000         0.9999999999000000E-10
      141927083.3333333          17461938.51993760          104731380.2083333         0.1864352493579612E+25     0.4999999999500000         0.4999999999500000         0.9999999999000000E-10
      144531250.0000000          14967792.69108327          102941015.6250000         0.1496249772980221E+25     0.4999999999500000         0.4999999999500000         0.9999999999000000E-10
      147135416.6666667          12768860.29675993          100975799.7311828         0.1191401343038251E+25     0.4999999999500000         0.4999999999500000         0.9999999999000000E-10
      149739583.3333333          10833836.50716959          98816861.55913980         0.9401688775064786E+24     0.4999999999500000         0.4999999999500000         0.9999999999000000E-10
      152343750.0000000          9134606.950639717          96595020.16129032         0.7342817641392743E+24     0.4999999999500000         0.4999999999500000         0.9999999999000000E-10
      154947916.6666667          7646491.697495229          93764038.97849463         0.5666451761802408E+24     0.4999999999500000         0.4999999999500000         0.9999999999000000E-10
      157552083.3333333          6346588.543458596          90933057.79569894         0.4311813030280072E+24     0.4999999999500000         0.4999999999500000         0.9999999999000000E-10
      160156250.0000000          5214884.297412954          88102076.61290322         0.3226916138583583E+24     0.4999999999500000         0.4999999999500000         0.9999999999000000E-10
      162760416.6666667          4232853.236252647          86750000.00000000         0.2367355760731871E+24     0.4999999999500000         0.4999999999500000         0.9999999999000000E-10
      165364583.3333333          3384951.845464901          86750000.00000000         0.1695208989366822E+24     0.4999999999500000         0.4999999999500000         0.9999999999000000E-10
      167968750.0000000          2657758.655521337          86750000.00000000         0.1177997450751138E+24     0.4999999999500000         0.4999999999500000         0.9999999999000000E-10
      170572916.6666667          2038650.788028430          86750000.00000000         0.7879433277994633E+23     0.4999999999500000         0.4999999999500000         0.9999999999000000E-10
      173177083.3333333          1516508.609919681          86750000.00000000         0.5013510303344479E+23     0.4999999999500000         0.4999999999500000         0.9999999999000000E-10
      175781250.0000000          1081639.715764289          86750000.00000000         0.2980013895517037E+23     0.4999999999500000         0.4999999999500000         0.9999999999000000E-10
      178385416.6666667          725757.8597595711          86750000.00000000         0.1606167696132195E+23     0.4999999999500000         0.4999999999500000         0.9999999999000000E-10
      180989583.3333333          442117.1288044707          86750000.00000000         0.7437452605967090E+22     0.4999999999500000         0.4999999999500000         0.9999999999000000E-10
      183593750.0000000          225930.8456709886          86750000.00000000         0.2643337692529413E+22     0.4999999999500000         0.4999999999500000         0.9999999999000000E-10
      186197916.6666667          76060.96248902092          86750000.00000000         0.5365791455344310E+21     0.4999999999500000         0.4999999999500000         0.9999999999000000E-10
      188802083.3333333          1866.903941503041          86750000.00000000         0.7917570148438043E+19     0.4999999999500000         0.4999999999500000         0.9999999999000000E-10
      191406250.0000000         0.1000000000000000E-03      10000000.00000000          25267344097618.04         0.4999999999500000         0.4999999999500000         0.9999999999000000E-10
      194010416.6666667         0.1000000000000000E-03      10000000.00000000          25267344097618.04         0.4999999999500000         0.4999999999500000         0.9999999999000000E-10
      196614583.3333333         0.1000000000000000E-03      10000000.00000000          25267344097618.04         0.4999999999500000         0.4999999999500000         0.9999999999000000E-10
      199218750.0000000         0.1000000000000000E-03      10000000.00000000          25267344097618.04         0.4999999999500000         0.4999999999500000         0.9999999999000000E-10
      201822916.6666667         0.1000000000000000E-03      10000000.00000000          25267344097618.04         0.4999999999500000         0.4999999999500000         0.9999999999000000E-10
      204427083.3333333         0.1000000000000000E-03      10000000.00000000          25267344097618.04         0.4999999999500000         0.4999999999500000         0.9999999999000000E-10
      207031250.0000000         0.1000000000000000E-03      10000000.00000000          25267344097618.04         0.4999999999500000         0.4999999999500000         0.9999999999000000E-10
      209635416.6666667         0.1000000000000000E-03      10000000.00000000          25267344097618.04         0.4999999999500000         0.4999999999500000         0.9999999999000000E-10
      212239583.3333333         0.1000000000000000E-03      10000000.00000000          25267344097618.04         0.4999999999500000         0.4999999999500000         0.9999999999000000E-10
      214843750.0000000         0.1000000000000000E-03      10000000.00000000          25267344097618.04         0.4999999999500000         0.4999999999500000         0.9999999999000000E-10
      217447916.6666667         0.1000000000000000E-03      10000000.00000000          25267344097618.04         0.4999999999500000         0.4999999999500000         0.9999999999000000E-10
      220052083.3333333         0.1000000000000000E-03      10000000.00000000          25267344097618.04         0.4999999999500000         0.4999999999500000         0.9999999999000000E-10
      222656250.0000000         0.1000000000000000E-03      10000000.00000000          25267344097618.04         0.4999999999500000         0.4999999999500000         0.9999999999000000E-10
      225260416.6666667         0.1000000000000000E-03      10000000.00000000          25267344097618.04         0.4999999999500000         0.4999999999500000         0.9999999999000000E-10
      227864583.3333333         0.1000000000000000E-03      10000000.00000000          25267344097618.04         0.4999999999500000         0.4999999999500000         0.9999999999000000E-10
      230468750.0000000         0.1000000000000000E-03      10000000.00000000          25267344097618.04         0.4999999999500000         0.4999999999500000         0.9999999999000000E-10
      233072916.6666667         0.1000000000000000E-03      10000000.00000000          25267344097618.04         0.4999999999500000         0.4999999999500000         0.9999999999000000E-10
      235677083.3333333         0.1000000000000000E-03      10000000.00000000          25267344097618.04         0.4999999999500000         0.4999999999500000         0.9999999999000000E-10
      238281250.0000000         0.1000000000000000E-03      10000000.00000000          25267344097618.04         0.4999999999500000         0.4999999999500000         0.9999999999000000E-10
      240885416.6666667         0.1000000000000000E-03      10000000.00000000          25267344097618.04         0.4999999999500000         0.4999999999500000         0.9999999999000000E-10
      243489583.3333333         0.1000000000000000E-03      10000000.00000000          25267344097618.04         0.4999999999500000         0.4999999999500000         0.9999999999000000E-10
      246093750.0000000         0.1000000000000000E-03      10000000.00000000          25267344097618.04         0.4999999999500000         0.4999999999500000         0.9999999999000000E-10
      248697916.6666667         0.1000000000000000E-03      10000000.00000000          25267344097618.04         0.4999999999500000         0.4999999999500000         0.9999999999000000E-10
      251302083.3333333         0.1000000000000000E-03      10000000.00000000          25267344097618.04         0.4999999999500000         0.4999999999500000         0.9999999999000000E-10
      253906250.0000000         0.1000000000000000E-03      10000000.00000000          25267344097618.04         0.4999999999500000         0.4999999999500000         0.9999999999000000E-10
      256510416.6666666         0.1000000000000000E-03      10000000.00000000          25267344097618.04         0.4999999999500000         0.4999999999500000         0.9999999999000000E-10
      259114583.3333333         0.1000000000000000E-03      10000000.00000000          25267344097618.04         0.4999999999500000         0.4999999999500000         0.9999999999000000E-10
      261718750.0000000         0.1000000000000000E-03      10000000.00000000          25267344097618.04         0.4999999999500000         0.4999999999500000         0.9999999999000000E-10
      264322916.6666666         0.1000000000000000E-03      10000000.00000000          25267344097618.04         0.4999999999500000         0.4999999999500000         0.9999999999000000E-10
      266927083.3333333         0.1000000000000000E-03      10000000.00000000          25267344097618.04         0.4999999999500000         0.4999999999500000         0.9999999999000000E-10
      269531250.0000000         0.1000000000000000E-03      10000000.00000000          25267344097618.04         0.4999999999500000         0.4999999999500000         0.9999999999000000E-10
      272135416.6666666         0.1000000000000000E-03      10000000.00000000          25267344097618.04         0.4999999999500000         0.4999999999500000         0.9999999999000000E-10
      274739583.3333333         0.1000000000000000E-03      10000000.00000000          25267344097618.04         0.4999999999500000         0.4999999999500000         0.9999999999000000E-10
      277343750.0000000         0.1000000000000000E-03      10000000.00000000          25267344097618.04         0.4999999999500000         0.4999999999500000         0.9999999999000000E-10
      279947916.6666666         0.1000000000000000E-03      10000000.00000000          25267344097618.04         0.4999999999500000         0.4999999999500000         0.9999999999000000E-10
      282552083.3333333         0.1000000000000000E-03      10000000.00000000          25267344097618.04         0.4999999999500000         0.4999999999500000         0.9999999999000000E-10
      285156250.0000000         0.1000000000000000E-03      10000000.00000000          25267344097618.04         0.4999999999500000         0.4999999999500000         0.9999999999000000E-10
      287760416.6666666         0.1000000000000000E-03      10000000.00000000          25267344097618.04         0.4999999999500000         0.4999999999500000         0.9999999999000000E-10
      290364583.3333333         0.1000000000000000E-03      10000000.00000000          25267344097618.04         0.4999999999500000         0.4999999999500000         0.9999999999000000E-10
      292968750.0000000         0.1000000000000000E-03      10000000.00000000          25267344097618.04         0.4999999999500000         0.4999999999500000         0.9999999999000000E-10
      295572916.6666666         0.1000000000000000E-03      10000000.00000000          25267344097618.04         0.4999999999500000         0.4999999999500000         0.9999999999000000E-10
      298177083.3333333         0.1000000000000000E-03      10000000.00000000          25267344097618.04         0.4999999999500000         0.4999999999500000         0.9999999999000000E-10
      300781250.0000000         0.1000000000000000E-03      10000000.00000000          25267344097618.04         0.4999999999500000         0.4999999999500000         0.9999999999000000E-10
      303385416.6666666         0.1000000000000000E-03      10000000.00000000          25267344097618.04         0.4999999999500000         0.4999999999500000         0.9999999999000000E-10
      305989583.3333333         0.1000000000000000E-03      10000000.00000000          25267344097618.04         0.4999999999500000         0.4999999999500000         0.9999999999000000E-10
      308593750.0000000         0.1000000000000000E-03      10000000.00000000          25267344097618.04         0.4999999999500000         0.4999999999500000         0.9999999999000000E-10
      311197916.6666666         0.1000000000000000E-03      10000000.00000000          25267344097618.04         0.4999999999500000         0.4999999999500000         0.9999999999000000E-10
      313802083.3333333         0.1000000000000000E-03      10000000.00000000          25267344097618.04         0.4999999999500000         0.4999999999500000         0.9999999999000000E-10
      316406250.0000000         0.1000000000000000E-03      10000000.00000000          25267344097618.04         0.4999999999500000         0.4999999999500000         0.9999999999000000E-10
      319010416.6666666         0.1000000000000000E-03      10000000.00000000          25267344097618.04         0.4999999999500000         0.4999999999500000         0.9999999999000000E-10
      321614583.3333333         0.1000000000000000E-03      10000000.00000000          25267344097618.04         0.4999999999500000         0.4999999999500000         0.9999999999000000E-10
      324218750.0000000         0.1000000000000000E-03      10000000.00000000          25267344097618.04         0.4999999999500000         0.4999999999500000         0.9999999999000000E-10
      326822916.6666666         0.1000000000000000E-03      10000000.00000000          25267344097618.04         0.4999999999500000         0.4999999999500000         0.9999999999000000E-10
      329427083.3333333         0.1000000000000000E-03      10000000.00000000          25267344097618.04         0.4999999999500000         0.4999999999500000         0.9999999999000000E-10
      332031250.0000000         0.1000000000000000E-03      10000000.00000000          25267344097618.04         0.4999999999500000         0.4999999999500000         0.9999999999000000E-10
      334635416.6666666         0.1000000000000000E-03      10000000.00000000          25267344097618.04         0.4999999999500000         0.4999999999500000         0.9999999999000000E-10
      337239583.3333333         0.1000000000000000E-03      10000000.00000000          25267344097618.04         0.4999999999500000         0.4999999999500000         0.9999999999000000E-10
      339843750.0000000         0.1000000000000000E-03      10000000.00000000          25267344097618.04         0.4999999999500000         0.4999999999500000         0.9999999999000000E-10
      342447916.6666666         0.1000000000000000E-03      10000000.00000000          25267344097618.04         0.4999999999500000         0.4999999999500000         0.9999999999000000E-10
      345052083.3333333         0.1000000000000000E-03      10000000.00000000          25267344097618.04         0.4999999999500000         0.4999999999500000         0.9999999999000000E-10
      347656250.0000000         0.1000000000000000E-03      10000000.00000000          25267344097618.04         0.4999999999500000         0.4999999999500000         0.9999999999000000E-10
      350260416.6666666         0.1000000000000000E-03      10000000.00000000          25267344097618.04         0.4999999999500000         0.4999999999500000         0.9999999999000000E-10
      352864583.3333333         0.1000000000000000E-03      10000000.00000000          25267344097618.04         0.4999999999500000         0.4999999999500000         0.9999999999000000E-10
      355468750.0000000         0.1000000000000000E-03      10000000.00000000          25267344097618.04         0.4999999999500000         0.4999999999500000         0.9999999999000000E-10
      358072916.6666666         0.1000000000000000E-03      10000000.00000000          25267344097618.04         0.4999999999500000         0.4999999999500000         0.9999999999000000E-10
      360677083.3333333         0.1000000000000000E-03      10000000.00000000          25267344097618.04         0.4999999999500000         0.4999999999500000         0.9999999999000000E-10
      363281250.0000000         0.1000000000000000E-03      10000000.00000000          25267344097618.04         0.4999999999500000         0.4999999999500000         0.9999999999000000E-10
      365885416.6666666         0.1000000000000000E-03      10000000.00000000          25267344097618.04         0.4999999999500000         0.4999999999500000         0.9999999999000000E-10
      368489583.3333333         0.1000000000000000E-03      10000000.00000000          25267344097618.04         0.4999999999500000         0.4999999999500000         0.9999999999000000E-10
      371093750.0000000         0.1000000000000000E-03      10000000.00000000          25267344097618.04         0.4999999999500000         0.4999999999500000         0.9999999999000000E-10
      373697916.6666666         0.1000000000000000E-03      10000000.00000000          25267344097618.04         0.4999999999500000         0.4999999999500000         0.9999999999000000E-10
      376302083.3333333         0.1000000000000000E-03      10000000.00000000          25267344097618.04         0.4999999999500000         0.4999999999500000         0.9999999999000000E-10
      378906250.0000000         0.1000000000000000E-03      10000000.00000000          25267344097618.04         0.4999999999500000         0.4999999999500000         0.9999999999000000E-10
      381510416.6666666         0.1000000000000000E-03      10000000.00000000          25267344097618.04         0.4999999999500000         0.4999999999500000         0.9999999999000000E-10
      384114583.3333333         0.1000000000000000E-03      10000000.00000000          25267344097618.04         0.4999999999500000         0.4999999999500000         0.9999999999000000E-10
      386718750.0000000         0.1000000000000000E-03      10000000.00000000          25267344097618.04         0.4999999999500000         0.4999999999500000         0.9999999999000000E-10
      389322916.6666666         0.1000000000000000E-03      10000000.00000000          25267344097618.04         0.4999999999500000         0.4999999999500000         0.9999999999000000E-10
      391927083.3333333         0.1000000000000000E-03      10000000.00000000          25267344097618.04         0.4999999999500000         0.4999999999500000         0.9999999999000000E-10
      394531250.0000000         0.1000000000000000E-03      10000000.00000000          25267344097618.04         0.4999999999500000         0.4999999999500000         0.9999999999000000E-10
      397135416.6666666         0.1000000000000000E-03      10000000.00000000          25267344097618.04         0.4999999999500000         0.4999999999500000         0.9999999999000000E-10
      399739583.3333333         0.1000000000000000E-03      10000000.00000000          25267344097618.04         0.4999999999500000         0.4999999999500000         0.9999999999000000E-10
      402343750.0000000         0.1000000000000000E-03      10000000.00000000          25267344097618.04         0.4999999999500000         0.4999999999500000         0.9999999999000000E-10
      404947916.6666666         0.1000000000000000E-03      10000000.00000000          25267344097618.04         0.4999999999500000         0.4999999999500000         0.9999999999000000E-10
      407552083.3333333         0.1000000000000000E-03      10000000.00000000          25267344097618.04         0.4999999999500000         0.4999999999500000         0.9999999999000000E-10
      410156250.0000000         0.1000000000000000E-03      10000000.00000000          25267344097618.04         0.4999999999500000         0.4999999999500000         0.9999999999000000E-10
      412760416.6666666         0.1000000000000000E-03      10000000.00000000          25267344097618.04         0.4999999999500000         0.4999999999500000         0.9999999999000000E-10
      415364583.3333333         0.1000000000000000E-03      10000000.00000000          25267344097618.04         0.4999999999500000         0.4999999999500000         0.9999999999000000E-10
      417968750.0000000         0.1000000000000000E-03      10000000.00000000          25267344097618.04         0.4999999999500000         0.4999999999500000         0.9999999999000000E-10
      420572916.6666666         0.1000000000000000E-03      10000000.00000000          25267344097618.04         0.4999999999500000         0.4999999999500000         0.9999999999000000E-10
      423177083.3333333         0.1000000000000000E-03      10000000.00000000          25267344097618.04         0.4999999999500000         0.4999999999500000         0.9999999999000000E-10
      425781250.0000000         0.1000000000000000E-03      10000000.00000000          25267344097618.04         0.4999999999500000         0.4999999999500000         0.9999999999000000E-10
      428385416.6666666         0.1000000000000000E-03      10000000.00000000          25267344097618.04         0.4999999999500000         0.4999999999500000         0.9999999999000000E-10
      430989583.3333333         0.1000000000000000E-03      10000000.00000000          25267344097618.04         0.4999999999500000         0.4999999999500000         0.9999999999000000E-10
      433593750.0000000         0.1000000000000000E-03      10000000.00000000          25267344097618.04         0.4999999999500000         0.4999999999500000         0.9999999999000000E-10
      436197916.6666666         0.1000000000000000E-03      10000000.00000000          25267344097618.04         0.4999999999500000         0.4999999999500000         0.9999999999000000E-10
      438802083.3333333         0.1000000000000000E-03      10000000.00000000          25267344097618.04         0.4999999999500000         0.4999999999500000         0.9999999999000000E-10
      441406250.0000000         0.1000000000000000E-03      10000000.00000000          25267344097618.04         0.4999999999500000         0.4999999999500000         0.9999999999000000E-10
      444010416.6666666         0.1000000000000000E-03      10000000.00000000          25267344097618.04         0.4999999999500000         0.4999999999500000         0.9999999999000000E-10
      446614583.3333333         0.1000000000000000E-03      10000000.00000000          25267344097618.04         0.4999999999500000         0.4999999999500000         0.9999999999000000E-10
      449218750.0000000         0.1000000000000000E-03      10000000.00000000          25267344097618.04         0.4999999999500000         0.4999999999500000         0.9999999999000000E-10
      451822916.6666666         0.1000000000000000E-03      10000000.00000000          25267344097618.04         0.4999999999500000         0.4999999999500000         0.9999999999000000E-10
      454427083.3333333         0.1000000000000000E-03      10000000.00000000          25267344097618.04         0.4999999999500000         0.4999999999500000         0.9999999999000000E-10
      457031250.0000000         0.1000000000000000E-03      10000000.00000000          25267344097618.04         0.4999999999500000         0.4999999999500000         0.9999999999000000E-10
      459635416.6666666         0.1000000000000000E-03      10000000.00000000          25267344097618.04         0.4999999999500000         0.4999999999500000         0.9999999999000000E-10
      462239583.3333333         0.1000000000000000E-03      10000000.00000000          25267344097618.04         0.4999999999500000         0.4999999999500000         0.9999999999000000E-10
      464843750.0000000         0.1000000000000000E-03      10000000.00000000          25267344097618.04         0.4999999999500000         0.4999999999500000         0.9999999999000000E-10
      467447916.6666666         0.1000000000000000E-03      10000000.00000000          25267344097618.04         0.4999999999500000         0.4999999999500000         0.9999999999000000E-10
      470052083.3333333         0.1000000000000000E-03      10000000.00000000          25267344097618.04         0.4999999999500000         0.4999999999500000         0.9999999999000000E-10
      472656250.0000000         0.1000000000000000E-03      10000000.00000000          25267344097618.04         0.4999999999500000         0.4999999999500000         0.9999999999000000E-10
      475260416.6666666         0.1000000000000000E-03      10000000.00000000          25267344097618.04         0.4999999999500000         0.4999999999500000         0.9999999999000000E-10
      477864583.3333333         0.1000000000000000E-03      10000000.00000000          25267344097618.04         0.4999999999500000         0.4999999999500000         0.9999999999000000E-10
      480468750.0000000         0.1000000000000000E-03      10000000.00000000          25267344097618.04         0.4999999999500000         0.4999999999500000         0.9999999999000000E-10
      483072916.6666666         0.1000000000000000E-03      10000000.00000000          25267344097618.04         0.4999999999500000         0.4999999999500000         0.9999999999000000E-10
      485677083.3333333         0.1000000000000000E-03      10000000.00000000          25267344097618.04         0.4999999999500000         0.4999999999500000         0.9999999999000000E-10
      488281250.0000000         0.1000000000000000E-03      10000000.00000000          25267344097618.04         0.4999999999500000         0.4999999999500000         0.9999999999000000E-10
      490885416.6666666         0.1000000000000000E-03      10000000.00000000          25267344097618.04         0.4999999999500000         0.4999999999500000         0.9999999999000000E-10
      493489583.3333333         0.1000000000000000E-03      10000000.00000000          25267344097618.04         0.4999999999500000         0.4999999999500000         0.9999999999000000E-10
      496093750.0000000         0.1000000000000000E-03      10000000.00000000          25267344097618.04         0.4999999999500000         0.4999999999500000         0.9999999999000000E-10
      498697916.6666666         0.1000000000000000E-03      10000000.00000000          25267344097618.04         0.4999999999500000         0.4999999999500000         0.9999999999000000E-10
