# npts =   384
# num of variables =     6
# density
# temperature
# pressure
# carbon-12       
# oxygen-16       
# magnesium-24    
      651041.6666666666          2609560575.364668          655312115.0729336         0.1744456074289133E+28     0.4964104196547086         0.4976104448432372         0.5979135502054188E-02
      1953125.000000000          2605979985.857159          654045907.6175040         0.1741231310734799E+28     0.4964104196547086         0.4976104448432372         0.5979135502054188E-02
      3255208.333333333          2598805522.818222          652779700.1620746         0.1734802810581636E+28     0.4964104196547086         0.4976104448432372         0.5979135502054188E-02
      4557291.666666666          2588081618.673707          651236743.2336183         0.1725212995284713E+28     0.4964109165246451         0.4976109429143098         0.5978140561045101E-02
      5859375.000000000          2573870592.575057          649153015.0753769         0.1712524760983868E+28     0.4964114466180902         0.4976114742892057         0.5977079092704117E-02
      7161458.333333333          2556246079.082594          646515691.7363045         0.1696820675317276E+28     0.4964126537498266         0.4976126843390687         0.5974661911104709E-02
      8463541.666666666          2535298373.166888          643324252.1367521         0.1678201947021882E+28     0.4964140823400544         0.4976141163827781         0.5971801277167631E-02
      9765625.000000000          2511131617.929831          639666023.1660231         0.1656787170417111E+28     0.4964158641956051         0.4976159025457959         0.5968233258599065E-02
      11067708.33333333          2483864750.682317          635587333.3333334         0.1632710885400072E+28     0.4964175984175452         0.4976176409600534         0.5964760622401365E-02
      12369791.66666667          2453630309.954449          631173484.8484849         0.1606121963954778E+28     0.4964198661087848         0.4976199141332218         0.5960219757993432E-02
      13671875.00000000          2420578199.666698          626330468.7500000         0.1577181829805826E+28     0.4964220416234353         0.4976220949069730         0.5955863469591823E-02
      14973958.33333333          2384866715.774554          621064701.2578616         0.1546062560997156E+28     0.4964246296455288         0.4976246891853649         0.5950681169106302E-02
      16276041.66666667          2346664490.106373          615335063.5593220         0.1512944956332654E+28     0.4964274742193786         0.4976275406357026         0.5944985144918770E-02
      17578125.00000000          2306145994.256268          609171516.3934426         0.1478016565048276E+28     0.4964302429830900         0.4976303160926381         0.5939440924271950E-02
      18880208.33333333          2263491882.000937          602592349.7267760         0.1441469732756783E+28     0.4964334377438442         0.4976335185764240         0.5933043679731683E-02
      20182291.66666666          2218887397.169502          595627395.8333334         0.1403499665794690E+28     0.4963870278333470         0.4976869938611135         0.5925978305539592E-02
      21484375.00000000          2172521377.758593          588227302.6315789         0.1364302549656805E+28     0.4963899962556713         0.4976899700573078         0.5920033687021107E-02
      22786458.33333333          2124584125.836135          580413684.6405228         0.1324073750320802E+28     0.4963933980468883         0.4976933807573253         0.5913221195786428E-02
      24088541.66666666          2075266104.318525          572224411.2318841         0.1283006127709779E+28     0.4963965923115836         0.4976965833873391         0.5906824301077467E-02
      25390625.00000000          2024754574.154252          563853125.0000000         0.1241288495160760E+28     0.4964001000556452         0.4977001003176765         0.5899799626678362E-02
      26692708.33333333          1973239736.087106          555270942.9824562         0.1199104173021419E+28     0.4964032696455909         0.4977032782083211         0.5893452146087989E-02
      27994791.66666666          1920904322.093004          546461951.7543859         0.1156629693800237E+28     0.4964062740935945         0.4977062905245406         0.5887435381864828E-02
      29296875.00000000          1867928330.045297          537552403.8461539         0.1114033716823244E+28     0.4964600388414893         0.4976599422586288         0.5880018899881912E-02
      30598958.33333333          1814487438.580325          528537552.0833333         0.1071476046873689E+28     0.4964628237544731         0.4976627339025202         0.5874442343006649E-02
      31901041.66666666          1760749122.258816          519321712.9629630         0.1029106855603737E+28     0.4964659047006335         0.4976658222950761         0.5868273004290543E-02
      33203125.00000000          1706867572.902493          510115816.3265306         0.9870661636049078E+27     0.4964692050094182         0.4976691305804379         0.5861664410143901E-02
      34505208.33333333          1652998144.458429          500718904.3209877         0.9454833740943374E+27     0.4964722427598121         0.4976721756728267         0.5855581567361165E-02
      35807291.66666666          1599283316.969417          491299861.1111111         0.9044769123466541E+27     0.4964750754186920         0.4976750151780121         0.5849909403295978E-02
      37109375.00000000          1545861937.108480          481723339.8437500         0.8641540649713572E+27     0.4964782807139850         0.4976782282202423         0.5843491065772709E-02
      38411458.33333333          1492859172.500553          472033394.6078432         0.8246109420051491E+27     0.4964812845569251         0.4976812393232258         0.5837476119848950E-02
      39713541.66666666          1440391015.386620          462425674.8826292         0.7859326378590258E+27     0.4964846240081356         0.4976845868456175         0.5830789146246801E-02
      41015625.00000000          1388565184.480904          452750171.2328767         0.7481934277232002E+27     0.4964873312968462         0.4976873006776241         0.5825368025529806E-02
      42317708.33333333          1337476918.681664          442989691.5584416         0.7114570982500545E+27     0.4964904290696384         0.4976904059374804         0.5819164992881098E-02
      43619791.66666666          1287212376.986702          433278797.4683545         0.6757773781584745E+27     0.4964935804401318         0.4976935649245792         0.5812854635289046E-02
      44921875.00000000          1237854991.302235          423530555.5555556         0.6411983055111844E+27     0.4964968231788685         0.4976968155007509         0.5806361320380601E-02
      46223958.33333333          1189471532.180638          413944593.2539683         0.6077547437942122E+27     0.4964999459243585         0.4976999457936621         0.5800108281979278E-02
      47526041.66666666          1142129926.284366          404308429.1187739         0.5754729082582252E+27     0.4965030189024292         0.4977030261988701         0.5793954898700684E-02
      48828125.00000000          1095878897.625534          394768181.8181818         0.5443709492583840E+27     0.4965059942167207         0.4977060087042535         0.5787997079025816E-02
      50130208.33333333          1050760599.363668          385342939.8148149         0.5144596918896324E+27     0.4965089031976694         0.4977089247159719         0.5782172086358700E-02
      51432291.66666666          1006814484.388348          375957472.8260870         0.4857431633330582E+27     0.4965122740060344         0.4977123036713058         0.5775422322659774E-02
      52734375.00000000          964072257.7338501          366616440.2173913         0.4582191402428246E+27     0.4965155115560952         0.4977155490462610         0.5768939397643757E-02
      54036458.33333333          922557003.3301116          357465657.8947369         0.4318797859796381E+27     0.4965184759337640         0.4977185205885888         0.5763003477647227E-02
      55338541.66666666          882287218.1206343          348419605.2631579         0.4067122463575737E+27     0.4965216033533468         0.4977216555668896         0.5756741079763554E-02
      56640625.00000000          843270228.2410893          339534309.8958333         0.3826992729245142E+27     0.4965247923815418         0.4977248523027056         0.5750355315752627E-02
      57942708.33333333          805512366.5166905          330724893.7074831         0.3598197919467873E+27     0.4965281373354413         0.4977282053410858         0.5743657323472920E-02
      59244791.66666666          769015259.3262638          322088626.7006803         0.3380493633969388E+27     0.4965314523805748         0.4977315283984131         0.5737019221012151E-02
      60546875.00000000          733776143.9628760          313608080.8080808         0.3173606707187162E+27     0.4965347471411157         0.4977348311221214         0.5730421736762895E-02
      61848958.33333333          699787593.8857931          305279356.0606061         0.2977239911354874E+27     0.4965381219494159         0.4977382140870580         0.5723663963526020E-02
      63151041.66666666          667034987.6279670          297083541.6666667         0.2791076840125888E+27     0.4965695134087302         0.4977144424651259         0.5716044126143892E-02
      64453125.00000000          635502474.0046049          289095937.5000000         0.2614786122715992E+27     0.4965953673704481         0.4976953571088844         0.5709275520667572E-02
      65755208.33333333          605174183.7850000          281243270.8333334         0.2448024411219808E+27     0.4965990864552859         0.4976990844317274         0.5701829112986618E-02
      67057291.66666666          576030306.8633499          273560979.1666667         0.2290439496085908E+27     0.4966025610632091         0.4977025667361240         0.5694872200666949E-02
      68359375.00000000          548047409.7828169          266028562.5000000         0.2141673694842963E+27     0.4966064602199780         0.4977064745297685         0.5687065250253441E-02
      69661458.33333333          521197674.2660996          258714120.3703704         0.2001367072252444E+27     0.4966072830520053         0.4977124970720981         0.5680219875896501E-02
      70963541.66666666          495456531.2021741          251517045.4545455         0.1869159541549735E+27     0.4965641452379220         0.4977640585973370         0.5671796164740946E-02
      72265625.00000000          470795756.1953533          244515051.0204082         0.1744692635629474E+27     0.4965681040214134         0.4977680269469585         0.5663869031628185E-02
      73567708.33333333          447187891.4674705          237708719.9312715         0.1627611429722968E+27     0.4965720777936600         0.4977720103215545         0.5655911884785588E-02
      74869791.66666666          424601502.9998047          231033011.1683849         0.1517566301586663E+27     0.4965760970504019         0.4977760392905559         0.5647863659042329E-02
      76171875.00000000          403004925.8400278          224525773.1958763         0.1414214652076128E+27     0.4965804654363805         0.4977804182324410         0.5639116331178662E-02
      77473958.33333333          382367990.9307799          218247070.3125000         0.1317221761589888E+27     0.4965846698977997         0.4977846328536543         0.5630697248546087E-02
      78776041.66666666          362660635.8429515          212143554.6875001         0.1226261457389151E+27     0.4965889360879504         0.4977889093527622         0.5622154559287562E-02
      80078125.00000000          343851336.3413935          206159013.1578947         0.1141017014783058E+27     0.4965933134461768         0.4977932972885760         0.5613389265247148E-02
      81380208.33333333          325906304.1817640          200424342.1052632         0.1061182215600746E+27     0.4965979508092476         0.4977979458575181         0.5604103333234433E-02
      82682291.66666666          308796303.1506404          194769298.2456141         0.9864615670954634E+26     0.4966024836495070         0.4978024896510765         0.5595026699416592E-02
      83984375.00000000          292490090.0094884          189323437.5000000         0.9165703812786767E+26     0.4966069965718230         0.4978070134785612         0.5585989949615903E-02
      85286458.33333333          276958014.1961808          184003602.4305556         0.8512351293547051E+26     0.4966117688723137         0.4978117973109903         0.5576433816696029E-02
      86588541.66666666          262167983.9108238          178885679.8245614         0.7901937509023809E+26     0.4966168232292320         0.4978168638814170         0.5566312889351009E-02
      87890625.00000000          248091409.7079273          173851757.8125000         0.7331956766239761E+26     0.4966217774857200         0.4978218301095276         0.5556392404752439E-02
      89192708.33333333          234698670.1011211          169107753.4364261         0.6800016213847015E+26     0.4966768369071354         0.4977767856097685         0.5546377483096259E-02
      90494791.66666666          221963449.7983057          164409514.6048110         0.6303833609362805E+26     0.4966815269973592         0.4977814860867434         0.5536986915897495E-02
      91796875.00000000          209856502.1271332          159810953.6082474         0.5841236649282338E+26     0.4966862156421936         0.4977861851151278         0.5527599242678726E-02
      93098958.33333333          198350413.4289290          155425956.6326531         0.5410163510527671E+26     0.4966908549467736         0.4977908346939882         0.5518310359238343E-02
      94401041.66666666          187420076.4308742          151127946.1279462         0.5008657374339421E+26     0.4966954711522259         0.4977954611225651         0.5509067725209133E-02
      95703125.00000000          177040318.4838780          147015467.1717172         0.4634862785380446E+26     0.4966995854533972         0.4977995845353355         0.5500830011267499E-02
      97005208.33333333          167185978.2829647          143008854.1666667         0.4287024193958144E+26     0.4967033284814401         0.4978033358527499         0.5493335665810075E-02
      98307291.66666666          157833373.4411887          139060906.8627451         0.3963482685053597E+26     0.4967065479578393         0.4978065624590546         0.5486889583106163E-02
      99609375.00000000          148959323.9234594          135336711.1650485         0.3662672068774635E+26     0.4967089015600098         0.4978089212735513         0.5482177166439019E-02
      100911458.3333333          140542976.2084908          131616287.8787879         0.3383114093259401E+26     0.4967540323034256         0.4978439293515652         0.5402038345009208E-02
      102213541.6666667          132559143.9806722          128410208.3333334         0.3123418252509287E+26     0.4980358178803638         0.4987223128062723         0.3241869313363889E-02
      103515625.0000000          124985872.3652384          126508238.6363636         0.2882280547662549E+26     0.4999999999500000         0.4999999999500000         0.9999999999000000E-10
      104817708.3333333          117807859.5963789          125679640.1515152         0.2658471854857973E+26     0.4999999999500000         0.4999999999500000         0.9999999999000000E-10
      106119791.6666667          111007915.8943275          124851041.6666667         0.2450831452188620E+26     0.4999999999500000         0.4999999999500000         0.9999999999000000E-10
      107421875.0000000          104567092.7185036          124022443.1818182         0.2258268377000280E+26     0.4999999999500000         0.4999999999500000         0.9999999999000000E-10
      108723958.3333333          98467869.50461711          123211024.3055556         0.2079759580582727E+26     0.4999999999500000         0.4999999999500000         0.9999999999000000E-10
      110026041.6666667          92693634.07891211          122451475.6944444         0.1914345685991781E+26     0.4999999999500000         0.4999999999500000         0.9999999999000000E-10
      111328125.0000000          87228668.52124688          121691927.0833333         0.1761127321633353E+26     0.4999999999500000         0.4999999999500000         0.9999999999000000E-10
      112630208.3333333          82057195.12446436          120879861.1111111         0.1619262360479434E+26     0.4999999999500000         0.4999999999500000         0.9999999999000000E-10
      113932291.6666667          77164544.93135235          120072829.8611111         0.1487963030934281E+26     0.4999999999500000         0.4999999999500000         0.9999999999000000E-10
      115234375.0000000          72536740.54232684          119350721.1538462         0.1366492473667854E+26     0.4999999999500000         0.4999999999500000         0.9999999999000000E-10
      116536458.3333333          68160688.07367848          118585256.4102564         0.1254161595753367E+26     0.4999999999500000         0.4999999999500000         0.9999999999000000E-10
      117838541.6666667          64023093.95871950          117848477.5641026         0.1150326729718553E+26     0.4999999999500000         0.4999999999500000         0.9999999999000000E-10
      119140625.0000000          60112065.53178999          117119642.8571429         0.1054386954332276E+26     0.4999999999500000         0.4999999999500000         0.9999999999000000E-10
      120442708.3333333          56416175.52030382          116403888.8888889         0.9657809919487461E+25     0.4999999999500000         0.4999999999500000         0.9999999999000000E-10
      121744791.6666667          52924206.57183404          115673125.0000000         0.8839851321278629E+25     0.4999999999500000         0.4999999999500000         0.9999999999000000E-10
      123046875.0000000          49625545.12554004          114926562.5000000         0.8085111174350423E+25     0.4999999999500000         0.4999999999500000         0.9999999999000000E-10
      124348958.3333333          46510138.94602019          114275520.8333333         0.7389038454956869E+25     0.4999999999500000         0.4999999999500000         0.9999999999000000E-10
      125651041.6666667          43568804.17011320          113597073.4126984         0.6747389755774521E+25     0.4999999999500000         0.4999999999500000         0.9999999999000000E-10
      126953125.0000000          40792141.33538567          112923437.5000000         0.6156211858624589E+25     0.4999999999500000         0.4999999999500000         0.9999999999000000E-10
      128255208.3333333          38171618.58208969          112272395.8333333         0.5611824987369331E+25     0.4999999999500000         0.4999999999500000         0.9999999999000000E-10
      129557291.6666667          35699247.98099574          111601450.8928571         0.5110801512996973E+25     0.4999999999500000         0.4999999999500000         0.9999999999000000E-10
      130859375.0000000          33367135.10777238          110903906.2500000         0.4649950869415777E+25     0.4999999999500000         0.4999999999500000         0.9999999999000000E-10
      132161458.3333333          31167794.06627782          110195173.6111111         0.4226305982701592E+25     0.4999999999500000         0.4999999999500000         0.9999999999000000E-10
      133463541.6666667          29094345.15855932          109457326.3888889         0.3837106915669136E+25     0.4999999999500000         0.4999999999500000         0.9999999999000000E-10
      134765625.0000000          27140119.64590509          108719479.1666667         0.3479786549890653E+25     0.4999999999500000         0.4999999999500000         0.9999999999000000E-10
      136067708.3333333          25298625.86998005          107991574.7549020         0.3151959629328971E+25     0.4999999999500000         0.4999999999500000         0.9999999999000000E-10
      137369791.6666667          23563973.59318060          107263939.9509804         0.2851409846961161E+25     0.4999999999500000         0.4999999999500000         0.9999999999000000E-10
      138671875.0000000          21930562.66585556          106516875.0000000         0.2576076862907823E+25     0.4999999999500000         0.4999999999500000         0.9999999999000000E-10
      139973958.3333333          20392872.76637004          105735625.0000000         0.2324047094477324E+25     0.4999999999500000         0.4999999999500000         0.9999999999000000E-10
      141276041.6666667          18945792.58973386          104954375.0000000         0.2093544210063017E+25     0.4999999999500000         0.4999999999500000         0.9999999999000000E-10
      142578125.0000000          17584572.84509826          104140039.0625000         0.1882918432435831E+25     0.4999999999500000         0.4999999999500000         0.9999999999000000E-10
      143880208.3333333          16304558.02777204          103244856.7708333         0.1690638187211410E+25     0.4999999999500000         0.4999999999500000         0.9999999999000000E-10
      145182291.6666667          15101319.09054145          102349674.4791667         0.1515282909424079E+25     0.4999999999500000         0.4999999999500000         0.9999999999000000E-10
      146484375.0000000          13970790.10883935          101454492.1875000         0.1355534694422774E+25     0.4999999999500000         0.4999999999500000         0.9999999999000000E-10
      147786458.3333333          12909060.85668906          100466965.5054645         0.1210170760984022E+25     0.4999999999500000         0.4999999999500000         0.9999999999000000E-10
      149088541.6666667          11912399.38756993          99418895.15027323         0.1078057286496281E+25     0.4999999999500000         0.4999999999500000         0.9999999999000000E-10
      150390625.0000000          10977288.76038337          98370824.79508197         0.9581432269107209E+24     0.4999999999500000         0.4999999999500000         0.9999999999000000E-10
      151692708.3333333          10100339.53281641          97322754.43989073         0.8494547076382407E+24     0.4999999999500000         0.4999999999500000         0.9999999999000000E-10
      152994791.6666667          9278434.935891628          96274684.08469947         0.7510894003085709E+24     0.4999999999500000         0.4999999999500000         0.9999999999000000E-10
      154296875.0000000          8508815.068551315          94931350.80645162         0.6622100423973736E+24     0.4999999999500000         0.4999999999500000         0.9999999999000000E-10
      155598958.3333333          7788396.494760212          93562063.17204303         0.5820412560032268E+24     0.4999999999500000         0.4999999999500000         0.9999999999000000E-10
      156901041.6666667          7114535.642048193          92192775.53763442         0.5098660958319375E+24     0.4999999999500000         0.4999999999500000         0.9999999999000000E-10
      158203125.0000000          6484694.950641913          90823487.90322581         0.4450206977976851E+24     0.4999999999500000         0.4999999999500000         0.9999999999000000E-10
      159505208.3333333          5896483.185127112          89454200.26881723         0.3868906118235416E+24     0.4999999999500000         0.4999999999500000         0.9999999999000000E-10
      160807291.6666667          5347670.177503140          88084912.63440861         0.3349070661515983E+24     0.4999999999500000         0.4999999999500000         0.9999999999000000E-10
      162109375.0000000          4836091.188206067          86715625.00000000         0.2885437978158841E+24     0.4999999999500000         0.4999999999500000         0.9999999999000000E-10
      163411458.3333333          4359254.022371019          86410000.00000000         0.2473162355831632E+24     0.4999999999500000         0.4999999999500000         0.9999999999000000E-10
      164713541.6666667          3915702.936820374          86410000.00000000         0.2107763870221906E+24     0.4999999999500000         0.4999999999500000         0.9999999999000000E-10
      166015625.0000000          3503819.947062960          86410000.00000000         0.1785073160836109E+24     0.4999999999500000         0.4999999999500000         0.9999999999000000E-10
      167317708.3333333          3121892.281136540          86410000.00000000         0.1501228230531596E+24     0.4999999999500000         0.4999999999500000         0.9999999999000000E-10
      168619791.6666667          2768325.165189727          86410000.00000000         0.1252659163587509E+24     0.4999999999500000         0.4999999999500000         0.9999999999000000E-10
      169921875.0000000          2441600.942028824          86410000.00000000         0.1036066338436555E+24     0.4999999999500000         0.4999999999500000         0.9999999999000000E-10
      171223958.3333333          2140311.059022823          86410000.00000000         0.8484001558324770E+23     0.4999999999500000         0.4999999999500000         0.9999999999000000E-10
      172526041.6666667          1863114.499329509          86410000.00000000         0.6868422253795845E+23     0.4999999999500000         0.4999999999500000         0.9999999999000000E-10
      173828125.0000000          1608776.585813996          86410000.00000000         0.5487876587563003E+23     0.4999999999500000         0.4999999999500000         0.9999999999000000E-10
      175130208.3333333          1376131.910925760          86410000.00000000         0.4318282374779039E+23     0.4999999999500000         0.4999999999500000         0.9999999999000000E-10
      176432291.6666667          1164103.051899144          86410000.00000000         0.3337371948945117E+23     0.4999999999500000         0.4999999999500000         0.9999999999000000E-10
      177734375.0000000          971702.9186273961          86410000.00000000         0.2524540083652542E+23     0.4999999999500000         0.4999999999500000         0.9999999999000000E-10
      179036458.3333333          798027.1278142158          86410000.00000000         0.1860702213316489E+23     0.4999999999500000         0.4999999999500000         0.9999999999000000E-10
      180338541.6666667          642267.0867148967          86410000.00000000         0.1328158419400795E+23     0.4999999999500000         0.4999999999500000         0.9999999999000000E-10
      181640625.0000000          503721.2740070025          86410000.00000000         0.9104560877307562E+22     0.4999999999500000         0.4999999999500000         0.9999999999000000E-10
      182942708.3333333          381814.6823879602          86410000.00000000         0.5922493366149046E+22     0.4999999999500000         0.4999999999500000         0.9999999999000000E-10
      184244791.6666667          276138.5269568626          86410000.00000000         0.3591456835107024E+22     0.4999999999500000         0.4999999999500000         0.9999999999000000E-10
      185546875.0000000          186523.6696979019          86410000.00000000         0.1975224269403420E+22     0.4999999999500000         0.4999999999500000         0.9999999999000000E-10
      186848958.3333333          113218.1304705756          86410000.00000000         0.9426807587034365E+21     0.4999999999500000         0.4999999999500000         0.9999999999000000E-10
      188151041.6666667          57250.98509602696          86410000.00000000         0.3635667561823725E+21     0.4999999999500000         0.4999999999500000         0.9999999999000000E-10
      189453125.0000000          20774.48067474049          86410000.00000000         0.1021406549338448E+21     0.4999999999500000         0.4999999999500000         0.9999999999000000E-10
      190755208.3333333          4418.044984616998          86410000.00000000         0.1888447003582652E+20     0.4999999999500000         0.4999999999500000         0.9999999999000000E-10
      192057291.6666667          588.9691435528119          86410000.00000000         0.2561654567046134E+19     0.4999999999500000         0.4999999999500000         0.9999999999000000E-10
      193359375.0000000          71.94810921689877          86410000.00000000         0.4360883551560435E+18     0.4999999999500000         0.4999999999500000         0.9999999999000000E-10
      194661458.3333333          9.223068689259504          86410000.00000000         0.1785272392332717E+18     0.4999999999500000         0.4999999999500000         0.9999999999000000E-10
      195963541.6666667          1.248709549274865          86410000.00000000         0.1457412036402468E+18     0.4999999999500000         0.4999999999500000         0.9999999999000000E-10
      197265625.0000000         0.1776153482373681          86410000.00000000         0.1413344826286957E+18     0.4999999999500000         0.4999999999500000         0.9999999999000000E-10
      198567708.3333333         0.2643597582907527E-01      86410000.00000000         0.1407123209911377E+18     0.4999999999500000         0.4999999999500000         0.9999999999000000E-10
      199869791.6666667         0.4105436030264214E-02      86410000.00000000         0.1406204121615324E+18     0.4999999999500000         0.4999999999500000         0.9999999999000000E-10
      201171875.0000000         0.6637312864159492E-03      86410000.00000000         0.1406062460027569E+18     0.4999999999500000         0.4999999999500000         0.9999999999000000E-10
      202473958.3333333         0.1114904074929043E-03      86410000.00000000         0.1406039729290997E+18     0.4999999999500000         0.4999999999500000         0.9999999999000000E-10
      203776041.6666667         0.1000000000000000E-03      10000000.00000000          25267344097618.05         0.4999999999500000         0.4999999999500000         0.9999999999000000E-10
      205078125.0000000         0.1000000000000000E-03      10000000.00000000          25267344097618.05         0.4999999999500000         0.4999999999500000         0.9999999999000000E-10
      206380208.3333333         0.1000000000000000E-03      10000000.00000000          25267344097618.05         0.4999999999500000         0.4999999999500000         0.9999999999000000E-10
      207682291.6666667         0.1000000000000000E-03      10000000.00000000          25267344097618.05         0.4999999999500000         0.4999999999500000         0.9999999999000000E-10
      208984375.0000000         0.1000000000000000E-03      10000000.00000000          25267344097618.05         0.4999999999500000         0.4999999999500000         0.9999999999000000E-10
      210286458.3333333         0.1000000000000000E-03      10000000.00000000          25267344097618.05         0.4999999999500000         0.4999999999500000         0.9999999999000000E-10
      211588541.6666667         0.1000000000000000E-03      10000000.00000000          25267344097618.05         0.4999999999500000         0.4999999999500000         0.9999999999000000E-10
      212890625.0000000         0.1000000000000000E-03      10000000.00000000          25267344097618.05         0.4999999999500000         0.4999999999500000         0.9999999999000000E-10
      214192708.3333333         0.1000000000000000E-03      10000000.00000000          25267344097618.05         0.4999999999500000         0.4999999999500000         0.9999999999000000E-10
      215494791.6666667         0.1000000000000000E-03      10000000.00000000          25267344097618.05         0.4999999999500000         0.4999999999500000         0.9999999999000000E-10
      216796875.0000000         0.1000000000000000E-03      10000000.00000000          25267344097618.05         0.4999999999500000         0.4999999999500000         0.9999999999000000E-10
      218098958.3333333         0.1000000000000000E-03      10000000.00000000          25267344097618.05         0.4999999999500000         0.4999999999500000         0.9999999999000000E-10
      219401041.6666667         0.1000000000000000E-03      10000000.00000000          25267344097618.05         0.4999999999500000         0.4999999999500000         0.9999999999000000E-10
      220703125.0000000         0.1000000000000000E-03      10000000.00000000          25267344097618.05         0.4999999999500000         0.4999999999500000         0.9999999999000000E-10
      222005208.3333333         0.1000000000000000E-03      10000000.00000000          25267344097618.05         0.4999999999500000         0.4999999999500000         0.9999999999000000E-10
      223307291.6666667         0.1000000000000000E-03      10000000.00000000          25267344097618.05         0.4999999999500000         0.4999999999500000         0.9999999999000000E-10
      224609375.0000000         0.1000000000000000E-03      10000000.00000000          25267344097618.05         0.4999999999500000         0.4999999999500000         0.9999999999000000E-10
      225911458.3333333         0.1000000000000000E-03      10000000.00000000          25267344097618.05         0.4999999999500000         0.4999999999500000         0.9999999999000000E-10
      227213541.6666667         0.1000000000000000E-03      10000000.00000000          25267344097618.05         0.4999999999500000         0.4999999999500000         0.9999999999000000E-10
      228515625.0000000         0.1000000000000000E-03      10000000.00000000          25267344097618.05         0.4999999999500000         0.4999999999500000         0.9999999999000000E-10
      229817708.3333333         0.1000000000000000E-03      10000000.00000000          25267344097618.05         0.4999999999500000         0.4999999999500000         0.9999999999000000E-10
      231119791.6666667         0.1000000000000000E-03      10000000.00000000          25267344097618.05         0.4999999999500000         0.4999999999500000         0.9999999999000000E-10
      232421875.0000000         0.1000000000000000E-03      10000000.00000000          25267344097618.05         0.4999999999500000         0.4999999999500000         0.9999999999000000E-10
      233723958.3333333         0.1000000000000000E-03      10000000.00000000          25267344097618.05         0.4999999999500000         0.4999999999500000         0.9999999999000000E-10
      235026041.6666667         0.1000000000000000E-03      10000000.00000000          25267344097618.05         0.4999999999500000         0.4999999999500000         0.9999999999000000E-10
      236328125.0000000         0.1000000000000000E-03      10000000.00000000          25267344097618.05         0.4999999999500000         0.4999999999500000         0.9999999999000000E-10
      237630208.3333333         0.1000000000000000E-03      10000000.00000000          25267344097618.05         0.4999999999500000         0.4999999999500000         0.9999999999000000E-10
      238932291.6666667         0.1000000000000000E-03      10000000.00000000          25267344097618.05         0.4999999999500000         0.4999999999500000         0.9999999999000000E-10
      240234375.0000000         0.1000000000000000E-03      10000000.00000000          25267344097618.05         0.4999999999500000         0.4999999999500000         0.9999999999000000E-10
      241536458.3333333         0.1000000000000000E-03      10000000.00000000          25267344097618.05         0.4999999999500000         0.4999999999500000         0.9999999999000000E-10
      242838541.6666667         0.1000000000000000E-03      10000000.00000000          25267344097618.05         0.4999999999500000         0.4999999999500000         0.9999999999000000E-10
      244140625.0000000         0.1000000000000000E-03      10000000.00000000          25267344097618.05         0.4999999999500000         0.4999999999500000         0.9999999999000000E-10
      245442708.3333333         0.1000000000000000E-03      10000000.00000000          25267344097618.05         0.4999999999500000         0.4999999999500000         0.9999999999000000E-10
      246744791.6666667         0.1000000000000000E-03      10000000.00000000          25267344097618.05         0.4999999999500000         0.4999999999500000         0.9999999999000000E-10
      248046875.0000000         0.1000000000000000E-03      10000000.00000000          25267344097618.05         0.4999999999500000         0.4999999999500000         0.9999999999000000E-10
      249348958.3333333         0.1000000000000000E-03      10000000.00000000          25267344097618.05         0.4999999999500000         0.4999999999500000         0.9999999999000000E-10
      250651041.6666667         0.1000000000000000E-03      10000000.00000000          25267344097618.05         0.4999999999500000         0.4999999999500000         0.9999999999000000E-10
      251953125.0000000         0.1000000000000000E-03      10000000.00000000          25267344097618.05         0.4999999999500000         0.4999999999500000         0.9999999999000000E-10
      253255208.3333333         0.1000000000000000E-03      10000000.00000000          25267344097618.05         0.4999999999500000         0.4999999999500000         0.9999999999000000E-10
      254557291.6666666         0.1000000000000000E-03      10000000.00000000          25267344097618.05         0.4999999999500000         0.4999999999500000         0.9999999999000000E-10
      255859375.0000000         0.1000000000000000E-03      10000000.00000000          25267344097618.05         0.4999999999500000         0.4999999999500000         0.9999999999000000E-10
      257161458.3333333         0.1000000000000000E-03      10000000.00000000          25267344097618.05         0.4999999999500000         0.4999999999500000         0.9999999999000000E-10
      258463541.6666666         0.1000000000000000E-03      10000000.00000000          25267344097618.05         0.4999999999500000         0.4999999999500000         0.9999999999000000E-10
      259765625.0000000         0.1000000000000000E-03      10000000.00000000          25267344097618.05         0.4999999999500000         0.4999999999500000         0.9999999999000000E-10
      261067708.3333333         0.1000000000000000E-03      10000000.00000000          25267344097618.05         0.4999999999500000         0.4999999999500000         0.9999999999000000E-10
      262369791.6666666         0.1000000000000000E-03      10000000.00000000          25267344097618.05         0.4999999999500000         0.4999999999500000         0.9999999999000000E-10
      263671875.0000000         0.1000000000000000E-03      10000000.00000000          25267344097618.05         0.4999999999500000         0.4999999999500000         0.9999999999000000E-10
      264973958.3333333         0.1000000000000000E-03      10000000.00000000          25267344097618.05         0.4999999999500000         0.4999999999500000         0.9999999999000000E-10
      266276041.6666666         0.1000000000000000E-03      10000000.00000000          25267344097618.05         0.4999999999500000         0.4999999999500000         0.9999999999000000E-10
      267578125.0000000         0.1000000000000000E-03      10000000.00000000          25267344097618.05         0.4999999999500000         0.4999999999500000         0.9999999999000000E-10
      268880208.3333333         0.1000000000000000E-03      10000000.00000000          25267344097618.05         0.4999999999500000         0.4999999999500000         0.9999999999000000E-10
      270182291.6666666         0.1000000000000000E-03      10000000.00000000          25267344097618.05         0.4999999999500000         0.4999999999500000         0.9999999999000000E-10
      271484375.0000000         0.1000000000000000E-03      10000000.00000000          25267344097618.05         0.4999999999500000         0.4999999999500000         0.9999999999000000E-10
      272786458.3333333         0.1000000000000000E-03      10000000.00000000          25267344097618.05         0.4999999999500000         0.4999999999500000         0.9999999999000000E-10
      274088541.6666666         0.1000000000000000E-03      10000000.00000000          25267344097618.05         0.4999999999500000         0.4999999999500000         0.9999999999000000E-10
      275390625.0000000         0.1000000000000000E-03      10000000.00000000          25267344097618.05         0.4999999999500000         0.4999999999500000         0.9999999999000000E-10
      276692708.3333333         0.1000000000000000E-03      10000000.00000000          25267344097618.05         0.4999999999500000         0.4999999999500000         0.9999999999000000E-10
      277994791.6666666         0.1000000000000000E-03      10000000.00000000          25267344097618.05         0.4999999999500000         0.4999999999500000         0.9999999999000000E-10
      279296875.0000000         0.1000000000000000E-03      10000000.00000000          25267344097618.05         0.4999999999500000         0.4999999999500000         0.9999999999000000E-10
      280598958.3333333         0.1000000000000000E-03      10000000.00000000          25267344097618.05         0.4999999999500000         0.4999999999500000         0.9999999999000000E-10
      281901041.6666666         0.1000000000000000E-03      10000000.00000000          25267344097618.05         0.4999999999500000         0.4999999999500000         0.9999999999000000E-10
      283203125.0000000         0.1000000000000000E-03      10000000.00000000          25267344097618.05         0.4999999999500000         0.4999999999500000         0.9999999999000000E-10
      284505208.3333333         0.1000000000000000E-03      10000000.00000000          25267344097618.05         0.4999999999500000         0.4999999999500000         0.9999999999000000E-10
      285807291.6666666         0.1000000000000000E-03      10000000.00000000          25267344097618.05         0.4999999999500000         0.4999999999500000         0.9999999999000000E-10
      287109375.0000000         0.1000000000000000E-03      10000000.00000000          25267344097618.05         0.4999999999500000         0.4999999999500000         0.9999999999000000E-10
      288411458.3333333         0.1000000000000000E-03      10000000.00000000          25267344097618.05         0.4999999999500000         0.4999999999500000         0.9999999999000000E-10
      289713541.6666666         0.1000000000000000E-03      10000000.00000000          25267344097618.05         0.4999999999500000         0.4999999999500000         0.9999999999000000E-10
      291015625.0000000         0.1000000000000000E-03      10000000.00000000          25267344097618.05         0.4999999999500000         0.4999999999500000         0.9999999999000000E-10
      292317708.3333333         0.1000000000000000E-03      10000000.00000000          25267344097618.05         0.4999999999500000         0.4999999999500000         0.9999999999000000E-10
      293619791.6666666         0.1000000000000000E-03      10000000.00000000          25267344097618.05         0.4999999999500000         0.4999999999500000         0.9999999999000000E-10
      294921875.0000000         0.1000000000000000E-03      10000000.00000000          25267344097618.05         0.4999999999500000         0.4999999999500000         0.9999999999000000E-10
      296223958.3333333         0.1000000000000000E-03      10000000.00000000          25267344097618.05         0.4999999999500000         0.4999999999500000         0.9999999999000000E-10
      297526041.6666666         0.1000000000000000E-03      10000000.00000000          25267344097618.05         0.4999999999500000         0.4999999999500000         0.9999999999000000E-10
      298828125.0000000         0.1000000000000000E-03      10000000.00000000          25267344097618.05         0.4999999999500000         0.4999999999500000         0.9999999999000000E-10
      300130208.3333333         0.1000000000000000E-03      10000000.00000000          25267344097618.05         0.4999999999500000         0.4999999999500000         0.9999999999000000E-10
      301432291.6666666         0.1000000000000000E-03      10000000.00000000          25267344097618.05         0.4999999999500000         0.4999999999500000         0.9999999999000000E-10
      302734375.0000000         0.1000000000000000E-03      10000000.00000000          25267344097618.05         0.4999999999500000         0.4999999999500000         0.9999999999000000E-10
      304036458.3333333         0.1000000000000000E-03      10000000.00000000          25267344097618.05         0.4999999999500000         0.4999999999500000         0.9999999999000000E-10
      305338541.6666666         0.1000000000000000E-03      10000000.00000000          25267344097618.05         0.4999999999500000         0.4999999999500000         0.9999999999000000E-10
      306640625.0000000         0.1000000000000000E-03      10000000.00000000          25267344097618.05         0.4999999999500000         0.4999999999500000         0.9999999999000000E-10
      307942708.3333333         0.1000000000000000E-03      10000000.00000000          25267344097618.05         0.4999999999500000         0.4999999999500000         0.9999999999000000E-10
      309244791.6666666         0.1000000000000000E-03      10000000.00000000          25267344097618.05         0.4999999999500000         0.4999999999500000         0.9999999999000000E-10
      310546875.0000000         0.1000000000000000E-03      10000000.00000000          25267344097618.05         0.4999999999500000         0.4999999999500000         0.9999999999000000E-10
      311848958.3333333         0.1000000000000000E-03      10000000.00000000          25267344097618.05         0.4999999999500000         0.4999999999500000         0.9999999999000000E-10
      313151041.6666666         0.1000000000000000E-03      10000000.00000000          25267344097618.05         0.4999999999500000         0.4999999999500000         0.9999999999000000E-10
      314453125.0000000         0.1000000000000000E-03      10000000.00000000          25267344097618.05         0.4999999999500000         0.4999999999500000         0.9999999999000000E-10
      315755208.3333333         0.1000000000000000E-03      10000000.00000000          25267344097618.05         0.4999999999500000         0.4999999999500000         0.9999999999000000E-10
      317057291.6666666         0.1000000000000000E-03      10000000.00000000          25267344097618.05         0.4999999999500000         0.4999999999500000         0.9999999999000000E-10
      318359375.0000000         0.1000000000000000E-03      10000000.00000000          25267344097618.05         0.4999999999500000         0.4999999999500000         0.9999999999000000E-10
      319661458.3333333         0.1000000000000000E-03      10000000.00000000          25267344097618.05         0.4999999999500000         0.4999999999500000         0.9999999999000000E-10
      320963541.6666666         0.1000000000000000E-03      10000000.00000000          25267344097618.05         0.4999999999500000         0.4999999999500000         0.9999999999000000E-10
      322265625.0000000         0.1000000000000000E-03      10000000.00000000          25267344097618.05         0.4999999999500000         0.4999999999500000         0.9999999999000000E-10
      323567708.3333333         0.1000000000000000E-03      10000000.00000000          25267344097618.05         0.4999999999500000         0.4999999999500000         0.9999999999000000E-10
      324869791.6666666         0.1000000000000000E-03      10000000.00000000          25267344097618.05         0.4999999999500000         0.4999999999500000         0.9999999999000000E-10
      326171875.0000000         0.1000000000000000E-03      10000000.00000000          25267344097618.05         0.4999999999500000         0.4999999999500000         0.9999999999000000E-10
      327473958.3333333         0.1000000000000000E-03      10000000.00000000          25267344097618.05         0.4999999999500000         0.4999999999500000         0.9999999999000000E-10
      328776041.6666666         0.1000000000000000E-03      10000000.00000000          25267344097618.05         0.4999999999500000         0.4999999999500000         0.9999999999000000E-10
      330078125.0000000         0.1000000000000000E-03      10000000.00000000          25267344097618.05         0.4999999999500000         0.4999999999500000         0.9999999999000000E-10
      331380208.3333333         0.1000000000000000E-03      10000000.00000000          25267344097618.05         0.4999999999500000         0.4999999999500000         0.9999999999000000E-10
      332682291.6666666         0.1000000000000000E-03      10000000.00000000          25267344097618.05         0.4999999999500000         0.4999999999500000         0.9999999999000000E-10
      333984375.0000000         0.1000000000000000E-03      10000000.00000000          25267344097618.05         0.4999999999500000         0.4999999999500000         0.9999999999000000E-10
      335286458.3333333         0.1000000000000000E-03      10000000.00000000          25267344097618.05         0.4999999999500000         0.4999999999500000         0.9999999999000000E-10
      336588541.6666666         0.1000000000000000E-03      10000000.00000000          25267344097618.05         0.4999999999500000         0.4999999999500000         0.9999999999000000E-10
      337890625.0000000         0.1000000000000000E-03      10000000.00000000          25267344097618.05         0.4999999999500000         0.4999999999500000         0.9999999999000000E-10
      339192708.3333333         0.1000000000000000E-03      10000000.00000000          25267344097618.05         0.4999999999500000         0.4999999999500000         0.9999999999000000E-10
      340494791.6666666         0.1000000000000000E-03      10000000.00000000          25267344097618.05         0.4999999999500000         0.4999999999500000         0.9999999999000000E-10
      341796875.0000000         0.1000000000000000E-03      10000000.00000000          25267344097618.05         0.4999999999500000         0.4999999999500000         0.9999999999000000E-10
      343098958.3333333         0.1000000000000000E-03      10000000.00000000          25267344097618.05         0.4999999999500000         0.4999999999500000         0.9999999999000000E-10
      344401041.6666666         0.1000000000000000E-03      10000000.00000000          25267344097618.05         0.4999999999500000         0.4999999999500000         0.9999999999000000E-10
      345703125.0000000         0.1000000000000000E-03      10000000.00000000          25267344097618.05         0.4999999999500000         0.4999999999500000         0.9999999999000000E-10
      347005208.3333333         0.1000000000000000E-03      10000000.00000000          25267344097618.05         0.4999999999500000         0.4999999999500000         0.9999999999000000E-10
      348307291.6666666         0.1000000000000000E-03      10000000.00000000          25267344097618.05         0.4999999999500000         0.4999999999500000         0.9999999999000000E-10
      349609375.0000000         0.1000000000000000E-03      10000000.00000000          25267344097618.05         0.4999999999500000         0.4999999999500000         0.9999999999000000E-10
      350911458.3333333         0.1000000000000000E-03      10000000.00000000          25267344097618.05         0.4999999999500000         0.4999999999500000         0.9999999999000000E-10
      352213541.6666666         0.1000000000000000E-03      10000000.00000000          25267344097618.05         0.4999999999500000         0.4999999999500000         0.9999999999000000E-10
      353515625.0000000         0.1000000000000000E-03      10000000.00000000          25267344097618.05         0.4999999999500000         0.4999999999500000         0.9999999999000000E-10
      354817708.3333333         0.1000000000000000E-03      10000000.00000000          25267344097618.05         0.4999999999500000         0.4999999999500000         0.9999999999000000E-10
      356119791.6666666         0.1000000000000000E-03      10000000.00000000          25267344097618.05         0.4999999999500000         0.4999999999500000         0.9999999999000000E-10
      357421875.0000000         0.1000000000000000E-03      10000000.00000000          25267344097618.05         0.4999999999500000         0.4999999999500000         0.9999999999000000E-10
      358723958.3333333         0.1000000000000000E-03      10000000.00000000          25267344097618.05         0.4999999999500000         0.4999999999500000         0.9999999999000000E-10
      360026041.6666666         0.1000000000000000E-03      10000000.00000000          25267344097618.05         0.4999999999500000         0.4999999999500000         0.9999999999000000E-10
      361328125.0000000         0.1000000000000000E-03      10000000.00000000          25267344097618.05         0.4999999999500000         0.4999999999500000         0.9999999999000000E-10
      362630208.3333333         0.1000000000000000E-03      10000000.00000000          25267344097618.05         0.4999999999500000         0.4999999999500000         0.9999999999000000E-10
      363932291.6666666         0.1000000000000000E-03      10000000.00000000          25267344097618.05         0.4999999999500000         0.4999999999500000         0.9999999999000000E-10
      365234375.0000000         0.1000000000000000E-03      10000000.00000000          25267344097618.05         0.4999999999500000         0.4999999999500000         0.9999999999000000E-10
      366536458.3333333         0.1000000000000000E-03      10000000.00000000          25267344097618.05         0.4999999999500000         0.4999999999500000         0.9999999999000000E-10
      367838541.6666666         0.1000000000000000E-03      10000000.00000000          25267344097618.05         0.4999999999500000         0.4999999999500000         0.9999999999000000E-10
      369140625.0000000         0.1000000000000000E-03      10000000.00000000          25267344097618.05         0.4999999999500000         0.4999999999500000         0.9999999999000000E-10
      370442708.3333333         0.1000000000000000E-03      10000000.00000000          25267344097618.05         0.4999999999500000         0.4999999999500000         0.9999999999000000E-10
      371744791.6666666         0.1000000000000000E-03      10000000.00000000          25267344097618.05         0.4999999999500000         0.4999999999500000         0.9999999999000000E-10
      373046875.0000000         0.1000000000000000E-03      10000000.00000000          25267344097618.05         0.4999999999500000         0.4999999999500000         0.9999999999000000E-10
      374348958.3333333         0.1000000000000000E-03      10000000.00000000          25267344097618.05         0.4999999999500000         0.4999999999500000         0.9999999999000000E-10
      375651041.6666666         0.1000000000000000E-03      10000000.00000000          25267344097618.05         0.4999999999500000         0.4999999999500000         0.9999999999000000E-10
      376953125.0000000         0.1000000000000000E-03      10000000.00000000          25267344097618.05         0.4999999999500000         0.4999999999500000         0.9999999999000000E-10
      378255208.3333333         0.1000000000000000E-03      10000000.00000000          25267344097618.05         0.4999999999500000         0.4999999999500000         0.9999999999000000E-10
      379557291.6666666         0.1000000000000000E-03      10000000.00000000          25267344097618.05         0.4999999999500000         0.4999999999500000         0.9999999999000000E-10
      380859375.0000000         0.1000000000000000E-03      10000000.00000000          25267344097618.05         0.4999999999500000         0.4999999999500000         0.9999999999000000E-10
      382161458.3333333         0.1000000000000000E-03      10000000.00000000          25267344097618.05         0.4999999999500000         0.4999999999500000         0.9999999999000000E-10
      383463541.6666666         0.1000000000000000E-03      10000000.00000000          25267344097618.05         0.4999999999500000         0.4999999999500000         0.9999999999000000E-10
      384765625.0000000         0.1000000000000000E-03      10000000.00000000          25267344097618.05         0.4999999999500000         0.4999999999500000         0.9999999999000000E-10
      386067708.3333333         0.1000000000000000E-03      10000000.00000000          25267344097618.05         0.4999999999500000         0.4999999999500000         0.9999999999000000E-10
      387369791.6666666         0.1000000000000000E-03      10000000.00000000          25267344097618.05         0.4999999999500000         0.4999999999500000         0.9999999999000000E-10
      388671875.0000000         0.1000000000000000E-03      10000000.00000000          25267344097618.05         0.4999999999500000         0.4999999999500000         0.9999999999000000E-10
      389973958.3333333         0.1000000000000000E-03      10000000.00000000          25267344097618.05         0.4999999999500000         0.4999999999500000         0.9999999999000000E-10
      391276041.6666666         0.1000000000000000E-03      10000000.00000000          25267344097618.05         0.4999999999500000         0.4999999999500000         0.9999999999000000E-10
      392578125.0000000         0.1000000000000000E-03      10000000.00000000          25267344097618.05         0.4999999999500000         0.4999999999500000         0.9999999999000000E-10
      393880208.3333333         0.1000000000000000E-03      10000000.00000000          25267344097618.05         0.4999999999500000         0.4999999999500000         0.9999999999000000E-10
      395182291.6666666         0.1000000000000000E-03      10000000.00000000          25267344097618.05         0.4999999999500000         0.4999999999500000         0.9999999999000000E-10
      396484375.0000000         0.1000000000000000E-03      10000000.00000000          25267344097618.05         0.4999999999500000         0.4999999999500000         0.9999999999000000E-10
      397786458.3333333         0.1000000000000000E-03      10000000.00000000          25267344097618.05         0.4999999999500000         0.4999999999500000         0.9999999999000000E-10
      399088541.6666666         0.1000000000000000E-03      10000000.00000000          25267344097618.05         0.4999999999500000         0.4999999999500000         0.9999999999000000E-10
      400390625.0000000         0.1000000000000000E-03      10000000.00000000          25267344097618.05         0.4999999999500000         0.4999999999500000         0.9999999999000000E-10
      401692708.3333333         0.1000000000000000E-03      10000000.00000000          25267344097618.05         0.4999999999500000         0.4999999999500000         0.9999999999000000E-10
      402994791.6666666         0.1000000000000000E-03      10000000.00000000          25267344097618.05         0.4999999999500000         0.4999999999500000         0.9999999999000000E-10
      404296875.0000000         0.1000000000000000E-03      10000000.00000000          25267344097618.05         0.4999999999500000         0.4999999999500000         0.9999999999000000E-10
      405598958.3333333         0.1000000000000000E-03      10000000.00000000          25267344097618.05         0.4999999999500000         0.4999999999500000         0.9999999999000000E-10
      406901041.6666666         0.1000000000000000E-03      10000000.00000000          25267344097618.05         0.4999999999500000         0.4999999999500000         0.9999999999000000E-10
      408203125.0000000         0.1000000000000000E-03      10000000.00000000          25267344097618.05         0.4999999999500000         0.4999999999500000         0.9999999999000000E-10
      409505208.3333333         0.1000000000000000E-03      10000000.00000000          25267344097618.05         0.4999999999500000         0.4999999999500000         0.9999999999000000E-10
      410807291.6666666         0.1000000000000000E-03      10000000.00000000          25267344097618.05         0.4999999999500000         0.4999999999500000         0.9999999999000000E-10
      412109375.0000000         0.1000000000000000E-03      10000000.00000000          25267344097618.05         0.4999999999500000         0.4999999999500000         0.9999999999000000E-10
      413411458.3333333         0.1000000000000000E-03      10000000.00000000          25267344097618.05         0.4999999999500000         0.4999999999500000         0.9999999999000000E-10
      414713541.6666666         0.1000000000000000E-03      10000000.00000000          25267344097618.05         0.4999999999500000         0.4999999999500000         0.9999999999000000E-10
      416015625.0000000         0.1000000000000000E-03      10000000.00000000          25267344097618.05         0.4999999999500000         0.4999999999500000         0.9999999999000000E-10
      417317708.3333333         0.1000000000000000E-03      10000000.00000000          25267344097618.05         0.4999999999500000         0.4999999999500000         0.9999999999000000E-10
      418619791.6666666         0.1000000000000000E-03      10000000.00000000          25267344097618.05         0.4999999999500000         0.4999999999500000         0.9999999999000000E-10
      419921875.0000000         0.1000000000000000E-03      10000000.00000000          25267344097618.05         0.4999999999500000         0.4999999999500000         0.9999999999000000E-10
      421223958.3333333         0.1000000000000000E-03      10000000.00000000          25267344097618.05         0.4999999999500000         0.4999999999500000         0.9999999999000000E-10
      422526041.6666666         0.1000000000000000E-03      10000000.00000000          25267344097618.05         0.4999999999500000         0.4999999999500000         0.9999999999000000E-10
      423828125.0000000         0.1000000000000000E-03      10000000.00000000          25267344097618.05         0.4999999999500000         0.4999999999500000         0.9999999999000000E-10
      425130208.3333333         0.1000000000000000E-03      10000000.00000000          25267344097618.05         0.4999999999500000         0.4999999999500000         0.9999999999000000E-10
      426432291.6666666         0.1000000000000000E-03      10000000.00000000          25267344097618.05         0.4999999999500000         0.4999999999500000         0.9999999999000000E-10
      427734375.0000000         0.1000000000000000E-03      10000000.00000000          25267344097618.05         0.4999999999500000         0.4999999999500000         0.9999999999000000E-10
      429036458.3333333         0.1000000000000000E-03      10000000.00000000          25267344097618.05         0.4999999999500000         0.4999999999500000         0.9999999999000000E-10
      430338541.6666666         0.1000000000000000E-03      10000000.00000000          25267344097618.05         0.4999999999500000         0.4999999999500000         0.9999999999000000E-10
      431640625.0000000         0.1000000000000000E-03      10000000.00000000          25267344097618.05         0.4999999999500000         0.4999999999500000         0.9999999999000000E-10
      432942708.3333333         0.1000000000000000E-03      10000000.00000000          25267344097618.05         0.4999999999500000         0.4999999999500000         0.9999999999000000E-10
      434244791.6666666         0.1000000000000000E-03      10000000.00000000          25267344097618.05         0.4999999999500000         0.4999999999500000         0.9999999999000000E-10
      435546875.0000000         0.1000000000000000E-03      10000000.00000000          25267344097618.05         0.4999999999500000         0.4999999999500000         0.9999999999000000E-10
      436848958.3333333         0.1000000000000000E-03      10000000.00000000          25267344097618.05         0.4999999999500000         0.4999999999500000         0.9999999999000000E-10
      438151041.6666666         0.1000000000000000E-03      10000000.00000000          25267344097618.05         0.4999999999500000         0.4999999999500000         0.9999999999000000E-10
      439453125.0000000         0.1000000000000000E-03      10000000.00000000          25267344097618.05         0.4999999999500000         0.4999999999500000         0.9999999999000000E-10
      440755208.3333333         0.1000000000000000E-03      10000000.00000000          25267344097618.05         0.4999999999500000         0.4999999999500000         0.9999999999000000E-10
      442057291.6666666         0.1000000000000000E-03      10000000.00000000          25267344097618.05         0.4999999999500000         0.4999999999500000         0.9999999999000000E-10
      443359375.0000000         0.1000000000000000E-03      10000000.00000000          25267344097618.05         0.4999999999500000         0.4999999999500000         0.9999999999000000E-10
      444661458.3333333         0.1000000000000000E-03      10000000.00000000          25267344097618.05         0.4999999999500000         0.4999999999500000         0.9999999999000000E-10
      445963541.6666666         0.1000000000000000E-03      10000000.00000000          25267344097618.05         0.4999999999500000         0.4999999999500000         0.9999999999000000E-10
      447265625.0000000         0.1000000000000000E-03      10000000.00000000          25267344097618.05         0.4999999999500000         0.4999999999500000         0.9999999999000000E-10
      448567708.3333333         0.1000000000000000E-03      10000000.00000000          25267344097618.05         0.4999999999500000         0.4999999999500000         0.9999999999000000E-10
      449869791.6666666         0.1000000000000000E-03      10000000.00000000          25267344097618.05         0.4999999999500000         0.4999999999500000         0.9999999999000000E-10
      451171875.0000000         0.1000000000000000E-03      10000000.00000000          25267344097618.05         0.4999999999500000         0.4999999999500000         0.9999999999000000E-10
      452473958.3333333         0.1000000000000000E-03      10000000.00000000          25267344097618.05         0.4999999999500000         0.4999999999500000         0.9999999999000000E-10
      453776041.6666666         0.1000000000000000E-03      10000000.00000000          25267344097618.05         0.4999999999500000         0.4999999999500000         0.9999999999000000E-10
      455078125.0000000         0.1000000000000000E-03      10000000.00000000          25267344097618.05         0.4999999999500000         0.4999999999500000         0.9999999999000000E-10
      456380208.3333333         0.1000000000000000E-03      10000000.00000000          25267344097618.05         0.4999999999500000         0.4999999999500000         0.9999999999000000E-10
      457682291.6666666         0.1000000000000000E-03      10000000.00000000          25267344097618.05         0.4999999999500000         0.4999999999500000         0.9999999999000000E-10
      458984375.0000000         0.1000000000000000E-03      10000000.00000000          25267344097618.05         0.4999999999500000         0.4999999999500000         0.9999999999000000E-10
      460286458.3333333         0.1000000000000000E-03      10000000.00000000          25267344097618.05         0.4999999999500000         0.4999999999500000         0.9999999999000000E-10
      461588541.6666666         0.1000000000000000E-03      10000000.00000000          25267344097618.05         0.4999999999500000         0.4999999999500000         0.9999999999000000E-10
      462890625.0000000         0.1000000000000000E-03      10000000.00000000          25267344097618.05         0.4999999999500000         0.4999999999500000         0.9999999999000000E-10
      464192708.3333333         0.1000000000000000E-03      10000000.00000000          25267344097618.05         0.4999999999500000         0.4999999999500000         0.9999999999000000E-10
      465494791.6666666         0.1000000000000000E-03      10000000.00000000          25267344097618.05         0.4999999999500000         0.4999999999500000         0.9999999999000000E-10
      466796875.0000000         0.1000000000000000E-03      10000000.00000000          25267344097618.05         0.4999999999500000         0.4999999999500000         0.9999999999000000E-10
      468098958.3333333         0.1000000000000000E-03      10000000.00000000          25267344097618.05         0.4999999999500000         0.4999999999500000         0.9999999999000000E-10
      469401041.6666666         0.1000000000000000E-03      10000000.00000000          25267344097618.05         0.4999999999500000         0.4999999999500000         0.9999999999000000E-10
      470703125.0000000         0.1000000000000000E-03      10000000.00000000          25267344097618.05         0.4999999999500000         0.4999999999500000         0.9999999999000000E-10
      472005208.3333333         0.1000000000000000E-03      10000000.00000000          25267344097618.05         0.4999999999500000         0.4999999999500000         0.9999999999000000E-10
      473307291.6666666         0.1000000000000000E-03      10000000.00000000          25267344097618.05         0.4999999999500000         0.4999999999500000         0.9999999999000000E-10
      474609375.0000000         0.1000000000000000E-03      10000000.00000000          25267344097618.05         0.4999999999500000         0.4999999999500000         0.9999999999000000E-10
      475911458.3333333         0.1000000000000000E-03      10000000.00000000          25267344097618.05         0.4999999999500000         0.4999999999500000         0.9999999999000000E-10
      477213541.6666666         0.1000000000000000E-03      10000000.00000000          25267344097618.05         0.4999999999500000         0.4999999999500000         0.9999999999000000E-10
      478515625.0000000         0.1000000000000000E-03      10000000.00000000          25267344097618.05         0.4999999999500000         0.4999999999500000         0.9999999999000000E-10
      479817708.3333333         0.1000000000000000E-03      10000000.00000000          25267344097618.05         0.4999999999500000         0.4999999999500000         0.9999999999000000E-10
      481119791.6666666         0.1000000000000000E-03      10000000.00000000          25267344097618.05         0.4999999999500000         0.4999999999500000         0.9999999999000000E-10
      482421875.0000000         0.1000000000000000E-03      10000000.00000000          25267344097618.05         0.4999999999500000         0.4999999999500000         0.9999999999000000E-10
      483723958.3333333         0.1000000000000000E-03      10000000.00000000          25267344097618.05         0.4999999999500000         0.4999999999500000         0.9999999999000000E-10
      485026041.6666666         0.1000000000000000E-03      10000000.00000000          25267344097618.05         0.4999999999500000         0.4999999999500000         0.9999999999000000E-10
      486328125.0000000         0.1000000000000000E-03      10000000.00000000          25267344097618.05         0.4999999999500000         0.4999999999500000         0.9999999999000000E-10
      487630208.3333333         0.1000000000000000E-03      10000000.00000000          25267344097618.05         0.4999999999500000         0.4999999999500000         0.9999999999000000E-10
      488932291.6666666         0.1000000000000000E-03      10000000.00000000          25267344097618.05         0.4999999999500000         0.4999999999500000         0.9999999999000000E-10
      490234375.0000000         0.1000000000000000E-03      10000000.00000000          25267344097618.05         0.4999999999500000         0.4999999999500000         0.9999999999000000E-10
      491536458.3333333         0.1000000000000000E-03      10000000.00000000          25267344097618.05         0.4999999999500000         0.4999999999500000         0.9999999999000000E-10
      492838541.6666666         0.1000000000000000E-03      10000000.00000000          25267344097618.05         0.4999999999500000         0.4999999999500000         0.9999999999000000E-10
      494140625.0000000         0.1000000000000000E-03      10000000.00000000          25267344097618.05         0.4999999999500000         0.4999999999500000         0.9999999999000000E-10
      495442708.3333333         0.1000000000000000E-03      10000000.00000000          25267344097618.05         0.4999999999500000         0.4999999999500000         0.9999999999000000E-10
      496744791.6666666         0.1000000000000000E-03      10000000.00000000          25267344097618.05         0.4999999999500000         0.4999999999500000         0.9999999999000000E-10
      498046875.0000000         0.1000000000000000E-03      10000000.00000000          25267344097618.05         0.4999999999500000         0.4999999999500000         0.9999999999000000E-10
      499348958.3333333         0.1000000000000000E-03      10000000.00000000          25267344097618.05         0.4999999999500000         0.4999999999500000         0.9999999999000000E-10
