# npts =   384
# num of variables =     6
# density
# temperature
# pressure
# carbon-12       
# oxygen-16       
# magnesium-24    
   651041.6667       2674000000.       599900000.0      0.1800990886E+28  0.4974201555      0.4983201919      0.4259652601E-02
   1953125.000       2670236139.       599900000.0      0.1797604954E+28  0.4974201555      0.4983201919      0.4259652601E-02
   3255208.333       2662752114.       598951756.5      0.1790855665E+28  0.4974201555      0.4983201919      0.4259652601E-02
   4557291.667       2651576515.       597493588.4      0.1780788299E+28  0.4974201563      0.4983201928      0.4259650835E-02
   5859375.000       2636769737.       595466424.1      0.1767469984E+28  0.4974206579      0.4983206953      0.4258646862E-02
   7161458.333       2618405172.       593038986.4      0.1750988844E+28  0.4974206579      0.4983206953      0.4258646862E-02
   8463541.667       2596582803.       590029989.2      0.1731452883E+28  0.4974211553      0.4983211936      0.4257651078E-02
   9765625.000       2571410697.       586613837.4      0.1708988595E+28  0.4974216577      0.4983216969      0.4256645334E-02
   11067708.33       2543019977.       582674305.6      0.1683739398E+28  0.4974221552      0.4983221953      0.4255649547E-02
   12369791.67       2511546438.       578500694.4      0.1655863878E+28  0.4974227817      0.4983228229      0.4254395428E-02
   13671875.00       2477147445.       573965159.6      0.1625533920E+28  0.4974236545      0.4983236973      0.4252648148E-02
   14973958.33       2439991007.       569022798.7      0.1592932629E+28  0.4974241549      0.4983241986      0.4251646460E-02
   16276041.67       2400257909.       563541199.7      0.1558252221E+28  0.4974251548      0.4983252003      0.4249644905E-02
   17578125.00       2358129229.       557708750.0      0.1521691910E+28  0.4974259044      0.4983259513      0.4248144355E-02
   18880208.33       2313797204.       551497370.2      0.1483455823E+28  0.4974269818      0.4983270306      0.4245987674E-02
   20182291.67       2267457915.       544896822.0      0.1443750883E+28  0.4974275738      0.4983276237      0.4244802564E-02
   21484375.00       2219311289.       537842361.1      0.1402784792E+28  0.4974287118      0.4983287637      0.4242524475E-02
   22786458.33       2169553982.       530480541.7      0.1360764143E+28  0.4974294493      0.4983295026      0.4241048166E-02
   24088541.67       2118386000.       522827130.7      0.1317892647E+28  0.4974303335      0.4983303883      0.4239278191E-02
   25390625.00       2066006452.       514916250.0      0.1274369440E+28  0.4974313787      0.4983314355      0.4237185726E-02
   26692708.33       2012613115.       506788157.9      0.1230387551E+28  0.4974321540      0.4983322122      0.4235633791E-02
   27994791.67       1958396492.       498601315.8      0.1186132579E+28  0.4974331539      0.4983332139      0.4233632172E-02
   29296875.00       1903546670.       490210032.9      0.1141781520E+28  0.4974339926      0.4983340541      0.4231953208E-02
   30598958.33       1848247385.       481674531.2      0.1097501720E+28  0.4974346561      0.4983347188      0.4230625023E-02
   31901041.67       1792672248.       473027989.1      0.1053450104E+28  0.4974356513      0.4983357158      0.4228632827E-02
   33203125.00       1736983077.       464419770.4      0.1009772642E+28  0.4974365426      0.4983366087      0.4226848625E-02
   34505208.33       1681339989.       455655871.2      0.9666038803E+27  0.4974372940      0.4983373614      0.4225344586E-02
   35807291.67       1625891904.       446756108.8      0.9240665970E+27  0.4974379404      0.4983380091      0.4224050495E-02
   37109375.00       1570779731.       437801091.3      0.8822716771E+27  0.4974892579      0.4982892407      0.4221501426E-02
   38411458.33       1516132029.       428831778.6      0.8413181365E+27  0.4974899094      0.4982898931      0.4220197514E-02
   39713541.67       1462074019.       419745980.0      0.8012932112E+27  0.4974907010      0.4982906861      0.4218612869E-02
   41015625.00       1408712659.       410692905.4      0.7622726215E+27  0.4974916023      0.4982915888      0.4216808980E-02
   42317708.33       1356146225.       401596293.3      0.7243210272E+27  0.4974924649      0.4982924528      0.4215082251E-02
   43619791.67       1304461467.       392584994.7      0.6874924762E+27  0.4974933000      0.4982932892      0.4213410864E-02
   44921875.00       1253744209.       383493064.0      0.6518308195E+27  0.4974941091      0.4982940996      0.4211791354E-02
   46223958.33       1204062433.       374510165.7      0.6173702573E+27  0.4974948960      0.4982948878      0.4210216133E-02
   47526041.67       1155481842.       365608551.4      0.5841359690E+27  0.4974956629      0.4982956559      0.4208681214E-02
   48828125.00       1108055368.       356745224.7      0.5521446999E+27  0.4974964127      0.4982964069      0.4207180442E-02
   50130208.33       1061823397.       347998611.1      0.5214055301E+27  0.4974971428      0.4982971382      0.4205718948E-02
   51432291.67       1016824397.       339226689.8      0.4919205148E+27  0.4974978671      0.4982978637      0.4204269181E-02
   52734375.00       973086589.3       330703561.8      0.4636852935E+27  0.4974985725      0.4982985702      0.4202857382E-02
   54036458.33       930634881.1       322282180.9      0.4366897264E+27  0.4974992685      0.4982992673      0.4201464186E-02
   55338541.67       889486899.1       313931469.3      0.4109184818E+27  0.4974999568      0.4982999567      0.4200086434E-02
   56640625.00       849648964.4       305646093.8      0.3863517302E+27  0.4975006386      0.4983006396      0.4198721815E-02
   57942708.33       811122320.4       297558505.2      0.3629658010E+27  0.4975017173      0.4983017201      0.4196562585E-02
   59244791.67       773908031.0       289688499.1      0.3407336631E+27  0.4975024770      0.4983024810      0.4195041969E-02
   60546875.00       738002433.8       281896045.9      0.3196253764E+27  0.4975031423      0.4983031474      0.4193710289E-02
   61848958.33       703396059.3       274236405.7      0.2996086022E+27  0.4975038033      0.4983038094      0.4192387355E-02
   63151041.67       670071731.3       266734166.7      0.2806491334E+27  0.4975044587      0.4983044658      0.4191075509E-02
   64453125.00       638011001.3       259460416.7      0.2627113393E+27  0.4975051130      0.4983051212      0.4189765862E-02
   65755208.33       607196837.6       252266354.2      0.2457584574E+27  0.4975057673      0.4983057765      0.4188456194E-02
   67057291.67       577606501.8       245256649.8      0.2297529190E+27  0.4975064217      0.4983064321      0.4187146204E-02
   68359375.00       549214441.5       238451704.5      0.2146567119E+27  0.4975070809      0.4983070923      0.4185826773E-02
   69661458.33       521991568.6       231809806.4      0.2004316868E+27  0.4975077385      0.4983077510      0.4184510469E-02
   70963541.67       495910636.4       225282291.7      0.1870397802E+27  0.4975083995      0.4983084130      0.4183187420E-02
   72265625.00       470941979.0       218903221.6      0.1744431979E+27  0.4975090723      0.4983090869      0.4181840871E-02
   73567708.33       447055682.2       212728393.5      0.1626046069E+27  0.4975097434      0.4983097591      0.4180497455E-02
   74869791.67       424218263.8       206711349.8      0.1514873218E+27  0.4975104183      0.4983104350      0.4179146692E-02
   76171875.00       402396230.2       200900131.6      0.1410554692E+27  0.4975110999      0.4983111178      0.4177782289E-02
   77473958.33       381558619.3       195218706.1      0.1312740577E+27  0.4975114117      0.4983114300      0.4177158298E-02
   78776041.67       361672949.3       189723618.4      0.1221090506E+27  0.4975119712      0.4983119905      0.4176038335E-02
   80078125.00       342705815.5       184378223.7      0.1135274688E+27  0.4975126556      0.4983126759      0.4174668503E-02
   81380208.33       324622863.2       179171520.4      0.1054974724E+27  0.4975133446      0.4983133660      0.4173289376E-02
   82682291.67       307392162.2       174144188.6      0.9798838988E+26  0.4975135346      0.4983135564      0.4172909004E-02
   83984375.00       290981828.0       169324135.6      0.9097072449E+26  0.4975142198      0.4983142427      0.4171537554E-02
   85286458.33       275361290.5       164513048.2      0.8441616602E+26  0.4975144130      0.4983144362      0.4171150875E-02
   86588541.67       260496096.1       159989276.3      0.7829763924E+26  0.4975149105      0.4983149345      0.4170154980E-02
   87890625.00       246357128.7       155564583.3      0.7258929874E+26  0.4975152736      0.4983152982      0.4169428183E-02
   89192708.33       232914788.7       151232921.0      0.6726647807E+26  0.4975154559      0.4983154807      0.4169063362E-02
   90494791.67       220139779.6       147072526.0      0.6230569191E+26  0.4975159106      0.4983159361      0.4168153298E-02
   91796875.00       208002486.1       143028221.6      0.5768463088E+26  0.4975159106      0.4983159361      0.4168153298E-02
   93098958.33       196475177.5       139147980.4      0.5338213478E+26  0.4975164081      0.4983164345      0.4167157433E-02
   94401041.67       185530705.6       135174410.8      0.4937815284E+26  0.4986228601      0.4990664710      0.2310668903E-02
   95703125.00       175137761.5       132867487.4      0.4565376453E+26  0.5000000000      0.5000000000      0.1387716635E-10
   97005208.33       165274818.0       131854806.1      0.4219110191E+26  0.5000000000      0.5000000000      0.4452691007E-24
   98307291.67       155920545.5       130954799.8      0.3897322740E+26  0.5000000000      0.5000000000      0.2398787173E-24
   99609375.00       147052040.0       130065473.3      0.3598412924E+26  0.5000000000      0.5000000000      0.1273958131E-24
   100911458.3       138647182.3       129070833.3      0.3320870869E+26  0.5000000000      0.5000000000      0.6508567708E-25
   102213541.7       130682216.7       128227746.2      0.3063276558E+26  0.5000000000      0.5000000000      0.3534615530E-25
   103515625.0       123136835.9       127379062.5      0.2824295697E+26  0.5000000000      0.5000000000      0.1919831250E-25
   104817708.3       115991130.3       126506912.9      0.2602673667E+26  0.5000000000      0.5000000000      0.1007288352E-25
   106119791.7       109225783.7       125603787.9      0.2397232269E+26  0.5000000000      0.5000000000      0.5348349432E-26
   107421875.0       102821092.4       124803906.2      0.2206867170E+26  0.5000000000      0.5000000000      0.2926546875E-26
   108723958.3       96759871.27       123986024.3      0.2030543623E+26  0.5000000000      0.5000000000      0.1517986632E-26
   110026041.7       91025132.36       123215972.2      0.1867291751E+26  0.5000000000      0.5000000000      0.8394023438E-27
   111328125.0       85600795.00       122366927.1      0.1716203380E+26  0.5000000000      0.5000000000      0.4587812500E-27
   112630208.3       80470456.06       121579861.1      0.1576429371E+26  0.5000000000      0.5000000000      0.2475858507E-27
   113932291.7       75619743.23       120767227.6      0.1447176047E+26  0.5000000000      0.5000000000      0.1337165865E-27
   115234375.0       71034421.11       120032692.3      0.1327701354E+26  0.5000000000      0.5000000000      0.7337834135E-28
   116536458.3       66700989.00       119231410.3      0.1217312214E+26  0.5000000000      0.5000000000      0.3973078526E-28
   117838541.7       62606133.55       118480729.2      0.1115361901E+26  0.5000000000      0.5000000000      0.2147299851E-28
   119140625.0       58737758.15       117781026.8      0.1021247126E+26  0.5000000000      0.5000000000      0.1170631250E-28
   120442708.3       55084608.12       116978645.8      0.9344047204E+25  0.5000000000      0.5000000000      0.6283199219E-29
   121744791.7       51634659.48       116327604.2      0.8543099660E+25  0.5000000000      0.5000000000      0.3446285156E-29
   123046875.0       48377921.69       115566544.1      0.7804740767E+25  0.5000000000      0.5000000000      0.1988909926E-29
   124348958.3       45304149.25       114855307.5      0.7124414034E+25  0.5000000000      0.5000000000      0.1139928819E-29
   125651041.7       42403698.17       114172352.4      0.6497877994E+25  0.5000000000      0.5000000000      0.5963739149E-30
   126953125.0       39667382.07       113467057.3      0.5921185333E+25  0.5000000000      0.5000000000      0.3788717448E-30
   128255208.3       37086613.73       112772395.8      0.5390662932E+25  0.5000000000      0.5000000000      0.1906553385E-30
   129557291.7       34653214.42       112121354.2      0.4902893121E+25  0.5000000000      0.5000000000      0.1225703311E-30
   130859375.0       32359218.99       111466354.2      0.4454698376E+25  0.5000000000      0.5000000000      0.5672193750E-31
   132161458.3       30197395.01       110728506.9      0.4043124509E+25  0.5000000000      0.5000000000      0.3768547917E-31
   133463541.7       28160679.74       109990659.7      0.3665424918E+25  0.5000000000      0.5000000000      0.1864902083E-31
   134765625.0       26242295.63       109231985.3      0.3319048446E+25  0.5000000000      0.5000000000      0.1055990993E-31
   136067708.3       24435862.34       108466053.9      0.3001626326E+25  0.5000000000      0.5000000000      0.6285246936E-32
   137369791.7       22735474.59       107691159.2      0.2710958549E+25  0.5000000000      0.5000000000      0.2470522169E-32
   138671875.0       21135453.49       106856490.4      0.2445001962E+25  0.5000000000      0.5000000000      0.1722992788E-32
   139973958.3       19630247.02       106021821.6      0.2201861020E+25  0.5000000000      0.5000000000      0.9754634081E-33
   141276041.7       18214830.66       105178971.4      0.1979777179E+25  0.5000000000      0.5000000000      0.3177340668E-33
   142578125.0       16884398.73       104283789.1      0.1777118281E+25  0.5000000000      0.5000000000      0.2344061589E-33
   143880208.3       15634217.26       103388606.8      0.1592371088E+25  0.5000000000      0.5000000000      0.1510782509E-33
   145182291.7       14460004.62       102493424.5      0.1424132840E+25  0.5000000000      0.5000000000      0.6775034288E-34
   146484375.0       13357712.65       101515534.3      0.1271102351E+25  0.5000000000      0.5000000000      0.1976337702E-34
   147786458.3       12323376.89       100436065.2      0.1132073573E+25  0.5000000000      0.5000000000      0.1518088374E-34
   149088541.7       11353269.85       99356596.10      0.1005929454E+25  0.5000000000      0.5000000000      0.1059839046E-34
   150390625.0       10443877.09       98277127.02      0.8916354121E+24  0.5000000000      0.5000000000      0.6015897177E-35
   151692708.3       9591861.117       97197657.93      0.7882334525E+24  0.5000000000      0.5000000000      0.1433403898E-35
   152994791.7       8794300.047       95887274.87      0.6948355647E+24  0.5000000000      0.5000000000       0.000000000    
   154296875.0       8048069.375       94471784.27      0.6106193789E+24  0.5000000000      0.5000000000       0.000000000    
   155598958.3       7350305.682       93056293.68      0.5348247972E+24  0.5000000000      0.5000000000       0.000000000    
   156901041.7       6698380.400       91640803.09      0.4667486422E+24  0.5000000000      0.5000000000       0.000000000    
   158203125.0       6089752.893       90225312.50      0.4057404308E+24  0.5000000000      0.5000000000       0.000000000    
   159505208.3       5522096.211       88809821.91      0.3511984709E+24  0.5000000000      0.5000000000       0.000000000    
   160807291.7       4993146.827       87394331.32      0.3025662774E+24  0.5000000000      0.5000000000       0.000000000    
   162109375.0       4500434.059       86750000.00      0.2593310930E+24  0.5000000000      0.5000000000       0.000000000    
   163411458.3       4042111.423       86750000.00      0.2210199312E+24  0.5000000000      0.5000000000       0.000000000    
   164713541.7       3616649.832       86750000.00      0.1871935248E+24  0.5000000000      0.5000000000       0.000000000    
   166015625.0       3222271.439       86750000.00      0.1574444610E+24  0.5000000000      0.5000000000       0.000000000    
   167317708.3       2857291.849       86750000.00      0.1313963640E+24  0.5000000000      0.5000000000       0.000000000    
   168619791.7       2520134.723       86750000.00      0.1087015799E+24  0.5000000000      0.5000000000       0.000000000    
   169921875.0       2209314.447       86750000.00      0.8903899673E+23  0.5000000000      0.5000000000       0.000000000    
   171223958.3       1923435.136       86750000.00      0.7211205521E+23  0.5000000000      0.5000000000       0.000000000    
   172526041.7       1661201.004       86750000.00      0.5764682783E+23  0.5000000000      0.5000000000       0.000000000    
   173828125.0       1421390.155       86750000.00      0.4539026427E+23  0.5000000000      0.5000000000       0.000000000    
   175130208.3       1202878.508       86750000.00      0.3510854015E+23  0.5000000000      0.5000000000       0.000000000    
   176432291.7       1004628.604       86750000.00      0.2658544576E+23  0.5000000000      0.5000000000       0.000000000    
   177734375.0       825690.5823       86750000.00      0.1962090230E+23  0.5000000000      0.5000000000       0.000000000    
   179036458.3       665214.4281       86750000.00      0.1402951015E+23  0.5000000000      0.5000000000       0.000000000    
   180338541.7       522458.5890       86750000.00      0.9639101127E+22  0.5000000000      0.5000000000       0.000000000    
   181640625.0       396810.1001       86750000.00      0.6289268742E+22  0.5000000000      0.5000000000       0.000000000    
   182942708.3       287821.9592       86750000.00      0.3829777804E+22  0.5000000000      0.5000000000       0.000000000    
   184244791.7       195287.2126       86750000.00      0.2118675279E+22  0.5000000000      0.5000000000       0.000000000    
   185546875.0       119404.2933       86750000.00      0.1019683488E+22  0.5000000000      0.5000000000       0.000000000    
   186848958.3       61142.28574       86750000.00      0.3979361496E+21  0.5000000000      0.5000000000       0.000000000    
   188151041.7       22645.29901       86750000.00      0.1133872225E+21  0.5000000000      0.5000000000       0.000000000    
   189453125.0       4903.285585       86750000.00      0.2111571336E+20  0.5000000000      0.5000000000       0.000000000    
   190755208.3       642.3781519       86750000.00      0.2794568292E+19  0.5000000000      0.5000000000       0.000000000    
   192057291.7       75.63039497       86750000.00      0.4546548209E+18  0.5000000000      0.5000000000       0.000000000    
   193359375.0       9.352187029       86750000.00      0.1814355352E+18  0.5000000000      0.5000000000       0.000000000    
   194661458.3       1.224341539       86750000.00      0.1478868526E+18  0.5000000000      0.5000000000       0.000000000    
   195963541.7      0.1687393749       86750000.00      0.1435267301E+18  0.5000000000      0.5000000000       0.000000000    
   197265625.0      0.2437707783E-01   86750000.00      0.1429302853E+18  0.5000000000      0.5000000000       0.000000000    
   198567708.3      0.3680474488E-02   86750000.00      0.1428447654E+18  0.5000000000      0.5000000000       0.000000000    
   199869791.7      0.5793204243E-03   86750000.00      0.1428319506E+18  0.5000000000      0.5000000000       0.000000000    
   201171875.0      0.1000000000E-03   10000000.00      0.2526734410E+14  0.5000000000      0.5000000000       0.000000000    
   202473958.3      0.1000000000E-03   10000000.00      0.2526734410E+14  0.5000000000      0.5000000000       0.000000000    
   203776041.7      0.1000000000E-03   10000000.00      0.2526734410E+14  0.5000000000      0.5000000000       0.000000000    
   205078125.0      0.1000000000E-03   10000000.00      0.2526734410E+14  0.5000000000      0.5000000000       0.000000000    
   206380208.3      0.1000000000E-03   10000000.00      0.2526734410E+14  0.5000000000      0.5000000000       0.000000000    
   207682291.7      0.1000000000E-03   10000000.00      0.2526734410E+14  0.5000000000      0.5000000000       0.000000000    
   208984375.0      0.1000000000E-03   10000000.00      0.2526734410E+14  0.5000000000      0.5000000000       0.000000000    
   210286458.3      0.1000000000E-03   10000000.00      0.2526734410E+14  0.5000000000      0.5000000000       0.000000000    
   211588541.7      0.1000000000E-03   10000000.00      0.2526734410E+14  0.5000000000      0.5000000000       0.000000000    
   212890625.0      0.1000000000E-03   10000000.00      0.2526734410E+14  0.5000000000      0.5000000000       0.000000000    
   214192708.3      0.1000000000E-03   10000000.00      0.2526734410E+14  0.5000000000      0.5000000000       0.000000000    
   215494791.7      0.1000000000E-03   10000000.00      0.2526734410E+14  0.5000000000      0.5000000000       0.000000000    
   216796875.0      0.1000000000E-03   10000000.00      0.2526734410E+14  0.5000000000      0.5000000000       0.000000000    
   218098958.3      0.1000000000E-03   10000000.00      0.2526734410E+14  0.5000000000      0.5000000000       0.000000000    
   219401041.7      0.1000000000E-03   10000000.00      0.2526734410E+14  0.5000000000      0.5000000000       0.000000000    
   220703125.0      0.1000000000E-03   10000000.00      0.2526734410E+14  0.5000000000      0.5000000000       0.000000000    
   222005208.3      0.1000000000E-03   10000000.00      0.2526734410E+14  0.5000000000      0.5000000000       0.000000000    
   223307291.7      0.1000000000E-03   10000000.00      0.2526734410E+14  0.5000000000      0.5000000000       0.000000000    
   224609375.0      0.1000000000E-03   10000000.00      0.2526734410E+14  0.5000000000      0.5000000000       0.000000000    
   225911458.3      0.1000000000E-03   10000000.00      0.2526734410E+14  0.5000000000      0.5000000000       0.000000000    
   227213541.7      0.1000000000E-03   10000000.00      0.2526734410E+14  0.5000000000      0.5000000000       0.000000000    
   228515625.0      0.1000000000E-03   10000000.00      0.2526734410E+14  0.5000000000      0.5000000000       0.000000000    
   229817708.3      0.1000000000E-03   10000000.00      0.2526734410E+14  0.5000000000      0.5000000000       0.000000000    
   231119791.7      0.1000000000E-03   10000000.00      0.2526734410E+14  0.5000000000      0.5000000000       0.000000000    
   232421875.0      0.1000000000E-03   10000000.00      0.2526734410E+14  0.5000000000      0.5000000000       0.000000000    
   233723958.3      0.1000000000E-03   10000000.00      0.2526734410E+14  0.5000000000      0.5000000000       0.000000000    
   235026041.7      0.1000000000E-03   10000000.00      0.2526734410E+14  0.5000000000      0.5000000000       0.000000000    
   236328125.0      0.1000000000E-03   10000000.00      0.2526734410E+14  0.5000000000      0.5000000000       0.000000000    
   237630208.3      0.1000000000E-03   10000000.00      0.2526734410E+14  0.5000000000      0.5000000000       0.000000000    
   238932291.7      0.1000000000E-03   10000000.00      0.2526734410E+14  0.5000000000      0.5000000000       0.000000000    
   240234375.0      0.1000000000E-03   10000000.00      0.2526734410E+14  0.5000000000      0.5000000000       0.000000000    
   241536458.3      0.1000000000E-03   10000000.00      0.2526734410E+14  0.5000000000      0.5000000000       0.000000000    
   242838541.7      0.1000000000E-03   10000000.00      0.2526734410E+14  0.5000000000      0.5000000000       0.000000000    
   244140625.0      0.1000000000E-03   10000000.00      0.2526734410E+14  0.5000000000      0.5000000000       0.000000000    
   245442708.3      0.1000000000E-03   10000000.00      0.2526734410E+14  0.5000000000      0.5000000000       0.000000000    
   246744791.7      0.1000000000E-03   10000000.00      0.2526734410E+14  0.5000000000      0.5000000000       0.000000000    
   248046875.0      0.1000000000E-03   10000000.00      0.2526734410E+14  0.5000000000      0.5000000000       0.000000000    
   249348958.3      0.1000000000E-03   10000000.00      0.2526734410E+14  0.5000000000      0.5000000000       0.000000000    
   250651041.7      0.1000000000E-03   10000000.00      0.2526734410E+14  0.5000000000      0.5000000000       0.000000000    
   251953125.0      0.1000000000E-03   10000000.00      0.2526734410E+14  0.5000000000      0.5000000000       0.000000000    
   253255208.3      0.1000000000E-03   10000000.00      0.2526734410E+14  0.5000000000      0.5000000000       0.000000000    
   254557291.7      0.1000000000E-03   10000000.00      0.2526734410E+14  0.5000000000      0.5000000000       0.000000000    
   255859375.0      0.1000000000E-03   10000000.00      0.2526734410E+14  0.5000000000      0.5000000000       0.000000000    
   257161458.3      0.1000000000E-03   10000000.00      0.2526734410E+14  0.5000000000      0.5000000000       0.000000000    
   258463541.7      0.1000000000E-03   10000000.00      0.2526734410E+14  0.5000000000      0.5000000000       0.000000000    
   259765625.0      0.1000000000E-03   10000000.00      0.2526734410E+14  0.5000000000      0.5000000000       0.000000000    
   261067708.3      0.1000000000E-03   10000000.00      0.2526734410E+14  0.5000000000      0.5000000000       0.000000000    
   262369791.7      0.1000000000E-03   10000000.00      0.2526734410E+14  0.5000000000      0.5000000000       0.000000000    
   263671875.0      0.1000000000E-03   10000000.00      0.2526734410E+14  0.5000000000      0.5000000000       0.000000000    
   264973958.3      0.1000000000E-03   10000000.00      0.2526734410E+14  0.5000000000      0.5000000000       0.000000000    
   266276041.7      0.1000000000E-03   10000000.00      0.2526734410E+14  0.5000000000      0.5000000000       0.000000000    
   267578125.0      0.1000000000E-03   10000000.00      0.2526734410E+14  0.5000000000      0.5000000000       0.000000000    
   268880208.3      0.1000000000E-03   10000000.00      0.2526734410E+14  0.5000000000      0.5000000000       0.000000000    
   270182291.7      0.1000000000E-03   10000000.00      0.2526734410E+14  0.5000000000      0.5000000000       0.000000000    
   271484375.0      0.1000000000E-03   10000000.00      0.2526734410E+14  0.5000000000      0.5000000000       0.000000000    
   272786458.3      0.1000000000E-03   10000000.00      0.2526734410E+14  0.5000000000      0.5000000000       0.000000000    
   274088541.7      0.1000000000E-03   10000000.00      0.2526734410E+14  0.5000000000      0.5000000000       0.000000000    
   275390625.0      0.1000000000E-03   10000000.00      0.2526734410E+14  0.5000000000      0.5000000000       0.000000000    
   276692708.3      0.1000000000E-03   10000000.00      0.2526734410E+14  0.5000000000      0.5000000000       0.000000000    
   277994791.7      0.1000000000E-03   10000000.00      0.2526734410E+14  0.5000000000      0.5000000000       0.000000000    
   279296875.0      0.1000000000E-03   10000000.00      0.2526734410E+14  0.5000000000      0.5000000000       0.000000000    
   280598958.3      0.1000000000E-03   10000000.00      0.2526734410E+14  0.5000000000      0.5000000000       0.000000000    
   281901041.7      0.1000000000E-03   10000000.00      0.2526734410E+14  0.5000000000      0.5000000000       0.000000000    
   283203125.0      0.1000000000E-03   10000000.00      0.2526734410E+14  0.5000000000      0.5000000000       0.000000000    
   284505208.3      0.1000000000E-03   10000000.00      0.2526734410E+14  0.5000000000      0.5000000000       0.000000000    
   285807291.7      0.1000000000E-03   10000000.00      0.2526734410E+14  0.5000000000      0.5000000000       0.000000000    
   287109375.0      0.1000000000E-03   10000000.00      0.2526734410E+14  0.5000000000      0.5000000000       0.000000000    
   288411458.3      0.1000000000E-03   10000000.00      0.2526734410E+14  0.5000000000      0.5000000000       0.000000000    
   289713541.7      0.1000000000E-03   10000000.00      0.2526734410E+14  0.5000000000      0.5000000000       0.000000000    
   291015625.0      0.1000000000E-03   10000000.00      0.2526734410E+14  0.5000000000      0.5000000000       0.000000000    
   292317708.3      0.1000000000E-03   10000000.00      0.2526734410E+14  0.5000000000      0.5000000000       0.000000000    
   293619791.7      0.1000000000E-03   10000000.00      0.2526734410E+14  0.5000000000      0.5000000000       0.000000000    
   294921875.0      0.1000000000E-03   10000000.00      0.2526734410E+14  0.5000000000      0.5000000000       0.000000000    
   296223958.3      0.1000000000E-03   10000000.00      0.2526734410E+14  0.5000000000      0.5000000000       0.000000000    
   297526041.7      0.1000000000E-03   10000000.00      0.2526734410E+14  0.5000000000      0.5000000000       0.000000000    
   298828125.0      0.1000000000E-03   10000000.00      0.2526734410E+14  0.5000000000      0.5000000000       0.000000000    
   300130208.3      0.1000000000E-03   10000000.00      0.2526734410E+14  0.5000000000      0.5000000000       0.000000000    
   301432291.7      0.1000000000E-03   10000000.00      0.2526734410E+14  0.5000000000      0.5000000000       0.000000000    
   302734375.0      0.1000000000E-03   10000000.00      0.2526734410E+14  0.5000000000      0.5000000000       0.000000000    
   304036458.3      0.1000000000E-03   10000000.00      0.2526734410E+14  0.5000000000      0.5000000000       0.000000000    
   305338541.7      0.1000000000E-03   10000000.00      0.2526734410E+14  0.5000000000      0.5000000000       0.000000000    
   306640625.0      0.1000000000E-03   10000000.00      0.2526734410E+14  0.5000000000      0.5000000000       0.000000000    
   307942708.3      0.1000000000E-03   10000000.00      0.2526734410E+14  0.5000000000      0.5000000000       0.000000000    
   309244791.7      0.1000000000E-03   10000000.00      0.2526734410E+14  0.5000000000      0.5000000000       0.000000000    
   310546875.0      0.1000000000E-03   10000000.00      0.2526734410E+14  0.5000000000      0.5000000000       0.000000000    
   311848958.3      0.1000000000E-03   10000000.00      0.2526734410E+14  0.5000000000      0.5000000000       0.000000000    
   313151041.7      0.1000000000E-03   10000000.00      0.2526734410E+14  0.5000000000      0.5000000000       0.000000000    
   314453125.0      0.1000000000E-03   10000000.00      0.2526734410E+14  0.5000000000      0.5000000000       0.000000000    
   315755208.3      0.1000000000E-03   10000000.00      0.2526734410E+14  0.5000000000      0.5000000000       0.000000000    
   317057291.7      0.1000000000E-03   10000000.00      0.2526734410E+14  0.5000000000      0.5000000000       0.000000000    
   318359375.0      0.1000000000E-03   10000000.00      0.2526734410E+14  0.5000000000      0.5000000000       0.000000000    
   319661458.3      0.1000000000E-03   10000000.00      0.2526734410E+14  0.5000000000      0.5000000000       0.000000000    
   320963541.7      0.1000000000E-03   10000000.00      0.2526734410E+14  0.5000000000      0.5000000000       0.000000000    
   322265625.0      0.1000000000E-03   10000000.00      0.2526734410E+14  0.5000000000      0.5000000000       0.000000000    
   323567708.3      0.1000000000E-03   10000000.00      0.2526734410E+14  0.5000000000      0.5000000000       0.000000000    
   324869791.7      0.1000000000E-03   10000000.00      0.2526734410E+14  0.5000000000      0.5000000000       0.000000000    
   326171875.0      0.1000000000E-03   10000000.00      0.2526734410E+14  0.5000000000      0.5000000000       0.000000000    
   327473958.3      0.1000000000E-03   10000000.00      0.2526734410E+14  0.5000000000      0.5000000000       0.000000000    
   328776041.7      0.1000000000E-03   10000000.00      0.2526734410E+14  0.5000000000      0.5000000000       0.000000000    
   330078125.0      0.1000000000E-03   10000000.00      0.2526734410E+14  0.5000000000      0.5000000000       0.000000000    
   331380208.3      0.1000000000E-03   10000000.00      0.2526734410E+14  0.5000000000      0.5000000000       0.000000000    
   332682291.7      0.1000000000E-03   10000000.00      0.2526734410E+14  0.5000000000      0.5000000000       0.000000000    
   333984375.0      0.1000000000E-03   10000000.00      0.2526734410E+14  0.5000000000      0.5000000000       0.000000000    
   335286458.3      0.1000000000E-03   10000000.00      0.2526734410E+14  0.5000000000      0.5000000000       0.000000000    
   336588541.7      0.1000000000E-03   10000000.00      0.2526734410E+14  0.5000000000      0.5000000000       0.000000000    
   337890625.0      0.1000000000E-03   10000000.00      0.2526734410E+14  0.5000000000      0.5000000000       0.000000000    
   339192708.3      0.1000000000E-03   10000000.00      0.2526734410E+14  0.5000000000      0.5000000000       0.000000000    
   340494791.7      0.1000000000E-03   10000000.00      0.2526734410E+14  0.5000000000      0.5000000000       0.000000000    
   341796875.0      0.1000000000E-03   10000000.00      0.2526734410E+14  0.5000000000      0.5000000000       0.000000000    
   343098958.3      0.1000000000E-03   10000000.00      0.2526734410E+14  0.5000000000      0.5000000000       0.000000000    
   344401041.7      0.1000000000E-03   10000000.00      0.2526734410E+14  0.5000000000      0.5000000000       0.000000000    
   345703125.0      0.1000000000E-03   10000000.00      0.2526734410E+14  0.5000000000      0.5000000000       0.000000000    
   347005208.3      0.1000000000E-03   10000000.00      0.2526734410E+14  0.5000000000      0.5000000000       0.000000000    
   348307291.7      0.1000000000E-03   10000000.00      0.2526734410E+14  0.5000000000      0.5000000000       0.000000000    
   349609375.0      0.1000000000E-03   10000000.00      0.2526734410E+14  0.5000000000      0.5000000000       0.000000000    
   350911458.3      0.1000000000E-03   10000000.00      0.2526734410E+14  0.5000000000      0.5000000000       0.000000000    
   352213541.7      0.1000000000E-03   10000000.00      0.2526734410E+14  0.5000000000      0.5000000000       0.000000000    
   353515625.0      0.1000000000E-03   10000000.00      0.2526734410E+14  0.5000000000      0.5000000000       0.000000000    
   354817708.3      0.1000000000E-03   10000000.00      0.2526734410E+14  0.5000000000      0.5000000000       0.000000000    
   356119791.7      0.1000000000E-03   10000000.00      0.2526734410E+14  0.5000000000      0.5000000000       0.000000000    
   357421875.0      0.1000000000E-03   10000000.00      0.2526734410E+14  0.5000000000      0.5000000000       0.000000000    
   358723958.3      0.1000000000E-03   10000000.00      0.2526734410E+14  0.5000000000      0.5000000000       0.000000000    
   360026041.7      0.1000000000E-03   10000000.00      0.2526734410E+14  0.5000000000      0.5000000000       0.000000000    
   361328125.0      0.1000000000E-03   10000000.00      0.2526734410E+14  0.5000000000      0.5000000000       0.000000000    
   362630208.3      0.1000000000E-03   10000000.00      0.2526734410E+14  0.5000000000      0.5000000000       0.000000000    
   363932291.7      0.1000000000E-03   10000000.00      0.2526734410E+14  0.5000000000      0.5000000000       0.000000000    
   365234375.0      0.1000000000E-03   10000000.00      0.2526734410E+14  0.5000000000      0.5000000000       0.000000000    
   366536458.3      0.1000000000E-03   10000000.00      0.2526734410E+14  0.5000000000      0.5000000000       0.000000000    
   367838541.7      0.1000000000E-03   10000000.00      0.2526734410E+14  0.5000000000      0.5000000000       0.000000000    
   369140625.0      0.1000000000E-03   10000000.00      0.2526734410E+14  0.5000000000      0.5000000000       0.000000000    
   370442708.3      0.1000000000E-03   10000000.00      0.2526734410E+14  0.5000000000      0.5000000000       0.000000000    
   371744791.7      0.1000000000E-03   10000000.00      0.2526734410E+14  0.5000000000      0.5000000000       0.000000000    
   373046875.0      0.1000000000E-03   10000000.00      0.2526734410E+14  0.5000000000      0.5000000000       0.000000000    
   374348958.3      0.1000000000E-03   10000000.00      0.2526734410E+14  0.5000000000      0.5000000000       0.000000000    
   375651041.7      0.1000000000E-03   10000000.00      0.2526734410E+14  0.5000000000      0.5000000000       0.000000000    
   376953125.0      0.1000000000E-03   10000000.00      0.2526734410E+14  0.5000000000      0.5000000000       0.000000000    
   378255208.3      0.1000000000E-03   10000000.00      0.2526734410E+14  0.5000000000      0.5000000000       0.000000000    
   379557291.7      0.1000000000E-03   10000000.00      0.2526734410E+14  0.5000000000      0.5000000000       0.000000000    
   380859375.0      0.1000000000E-03   10000000.00      0.2526734410E+14  0.5000000000      0.5000000000       0.000000000    
   382161458.3      0.1000000000E-03   10000000.00      0.2526734410E+14  0.5000000000      0.5000000000       0.000000000    
   383463541.7      0.1000000000E-03   10000000.00      0.2526734410E+14  0.5000000000      0.5000000000       0.000000000    
   384765625.0      0.1000000000E-03   10000000.00      0.2526734410E+14  0.5000000000      0.5000000000       0.000000000    
   386067708.3      0.1000000000E-03   10000000.00      0.2526734410E+14  0.5000000000      0.5000000000       0.000000000    
   387369791.7      0.1000000000E-03   10000000.00      0.2526734410E+14  0.5000000000      0.5000000000       0.000000000    
   388671875.0      0.1000000000E-03   10000000.00      0.2526734410E+14  0.5000000000      0.5000000000       0.000000000    
   389973958.3      0.1000000000E-03   10000000.00      0.2526734410E+14  0.5000000000      0.5000000000       0.000000000    
   391276041.7      0.1000000000E-03   10000000.00      0.2526734410E+14  0.5000000000      0.5000000000       0.000000000    
   392578125.0      0.1000000000E-03   10000000.00      0.2526734410E+14  0.5000000000      0.5000000000       0.000000000    
   393880208.3      0.1000000000E-03   10000000.00      0.2526734410E+14  0.5000000000      0.5000000000       0.000000000    
   395182291.7      0.1000000000E-03   10000000.00      0.2526734410E+14  0.5000000000      0.5000000000       0.000000000    
   396484375.0      0.1000000000E-03   10000000.00      0.2526734410E+14  0.5000000000      0.5000000000       0.000000000    
   397786458.3      0.1000000000E-03   10000000.00      0.2526734410E+14  0.5000000000      0.5000000000       0.000000000    
   399088541.7      0.1000000000E-03   10000000.00      0.2526734410E+14  0.5000000000      0.5000000000       0.000000000    
   400390625.0      0.1000000000E-03   10000000.00      0.2526734410E+14  0.5000000000      0.5000000000       0.000000000    
   401692708.3      0.1000000000E-03   10000000.00      0.2526734410E+14  0.5000000000      0.5000000000       0.000000000    
   402994791.7      0.1000000000E-03   10000000.00      0.2526734410E+14  0.5000000000      0.5000000000       0.000000000    
   404296875.0      0.1000000000E-03   10000000.00      0.2526734410E+14  0.5000000000      0.5000000000       0.000000000    
   405598958.3      0.1000000000E-03   10000000.00      0.2526734410E+14  0.5000000000      0.5000000000       0.000000000    
   406901041.7      0.1000000000E-03   10000000.00      0.2526734410E+14  0.5000000000      0.5000000000       0.000000000    
   408203125.0      0.1000000000E-03   10000000.00      0.2526734410E+14  0.5000000000      0.5000000000       0.000000000    
   409505208.3      0.1000000000E-03   10000000.00      0.2526734410E+14  0.5000000000      0.5000000000       0.000000000    
   410807291.7      0.1000000000E-03   10000000.00      0.2526734410E+14  0.5000000000      0.5000000000       0.000000000    
   412109375.0      0.1000000000E-03   10000000.00      0.2526734410E+14  0.5000000000      0.5000000000       0.000000000    
   413411458.3      0.1000000000E-03   10000000.00      0.2526734410E+14  0.5000000000      0.5000000000       0.000000000    
   414713541.7      0.1000000000E-03   10000000.00      0.2526734410E+14  0.5000000000      0.5000000000       0.000000000    
   416015625.0      0.1000000000E-03   10000000.00      0.2526734410E+14  0.5000000000      0.5000000000       0.000000000    
   417317708.3      0.1000000000E-03   10000000.00      0.2526734410E+14  0.5000000000      0.5000000000       0.000000000    
   418619791.7      0.1000000000E-03   10000000.00      0.2526734410E+14  0.5000000000      0.5000000000       0.000000000    
   419921875.0      0.1000000000E-03   10000000.00      0.2526734410E+14  0.5000000000      0.5000000000       0.000000000    
   421223958.3      0.1000000000E-03   10000000.00      0.2526734410E+14  0.5000000000      0.5000000000       0.000000000    
   422526041.7      0.1000000000E-03   10000000.00      0.2526734410E+14  0.5000000000      0.5000000000       0.000000000    
   423828125.0      0.1000000000E-03   10000000.00      0.2526734410E+14  0.5000000000      0.5000000000       0.000000000    
   425130208.3      0.1000000000E-03   10000000.00      0.2526734410E+14  0.5000000000      0.5000000000       0.000000000    
   426432291.7      0.1000000000E-03   10000000.00      0.2526734410E+14  0.5000000000      0.5000000000       0.000000000    
   427734375.0      0.1000000000E-03   10000000.00      0.2526734410E+14  0.5000000000      0.5000000000       0.000000000    
   429036458.3      0.1000000000E-03   10000000.00      0.2526734410E+14  0.5000000000      0.5000000000       0.000000000    
   430338541.7      0.1000000000E-03   10000000.00      0.2526734410E+14  0.5000000000      0.5000000000       0.000000000    
   431640625.0      0.1000000000E-03   10000000.00      0.2526734410E+14  0.5000000000      0.5000000000       0.000000000    
   432942708.3      0.1000000000E-03   10000000.00      0.2526734410E+14  0.5000000000      0.5000000000       0.000000000    
   434244791.7      0.1000000000E-03   10000000.00      0.2526734410E+14  0.5000000000      0.5000000000       0.000000000    
   435546875.0      0.1000000000E-03   10000000.00      0.2526734410E+14  0.5000000000      0.5000000000       0.000000000    
   436848958.3      0.1000000000E-03   10000000.00      0.2526734410E+14  0.5000000000      0.5000000000       0.000000000    
   438151041.7      0.1000000000E-03   10000000.00      0.2526734410E+14  0.5000000000      0.5000000000       0.000000000    
   439453125.0      0.1000000000E-03   10000000.00      0.2526734410E+14  0.5000000000      0.5000000000       0.000000000    
   440755208.3      0.1000000000E-03   10000000.00      0.2526734410E+14  0.5000000000      0.5000000000       0.000000000    
   442057291.7      0.1000000000E-03   10000000.00      0.2526734410E+14  0.5000000000      0.5000000000       0.000000000    
   443359375.0      0.1000000000E-03   10000000.00      0.2526734410E+14  0.5000000000      0.5000000000       0.000000000    
   444661458.3      0.1000000000E-03   10000000.00      0.2526734410E+14  0.5000000000      0.5000000000       0.000000000    
   445963541.7      0.1000000000E-03   10000000.00      0.2526734410E+14  0.5000000000      0.5000000000       0.000000000    
   447265625.0      0.1000000000E-03   10000000.00      0.2526734410E+14  0.5000000000      0.5000000000       0.000000000    
   448567708.3      0.1000000000E-03   10000000.00      0.2526734410E+14  0.5000000000      0.5000000000       0.000000000    
   449869791.7      0.1000000000E-03   10000000.00      0.2526734410E+14  0.5000000000      0.5000000000       0.000000000    
   451171875.0      0.1000000000E-03   10000000.00      0.2526734410E+14  0.5000000000      0.5000000000       0.000000000    
   452473958.3      0.1000000000E-03   10000000.00      0.2526734410E+14  0.5000000000      0.5000000000       0.000000000    
   453776041.7      0.1000000000E-03   10000000.00      0.2526734410E+14  0.5000000000      0.5000000000       0.000000000    
   455078125.0      0.1000000000E-03   10000000.00      0.2526734410E+14  0.5000000000      0.5000000000       0.000000000    
   456380208.3      0.1000000000E-03   10000000.00      0.2526734410E+14  0.5000000000      0.5000000000       0.000000000    
   457682291.7      0.1000000000E-03   10000000.00      0.2526734410E+14  0.5000000000      0.5000000000       0.000000000    
   458984375.0      0.1000000000E-03   10000000.00      0.2526734410E+14  0.5000000000      0.5000000000       0.000000000    
   460286458.3      0.1000000000E-03   10000000.00      0.2526734410E+14  0.5000000000      0.5000000000       0.000000000    
   461588541.7      0.1000000000E-03   10000000.00      0.2526734410E+14  0.5000000000      0.5000000000       0.000000000    
   462890625.0      0.1000000000E-03   10000000.00      0.2526734410E+14  0.5000000000      0.5000000000       0.000000000    
   464192708.3      0.1000000000E-03   10000000.00      0.2526734410E+14  0.5000000000      0.5000000000       0.000000000    
   465494791.7      0.1000000000E-03   10000000.00      0.2526734410E+14  0.5000000000      0.5000000000       0.000000000    
   466796875.0      0.1000000000E-03   10000000.00      0.2526734410E+14  0.5000000000      0.5000000000       0.000000000    
   468098958.3      0.1000000000E-03   10000000.00      0.2526734410E+14  0.5000000000      0.5000000000       0.000000000    
   469401041.7      0.1000000000E-03   10000000.00      0.2526734410E+14  0.5000000000      0.5000000000       0.000000000    
   470703125.0      0.1000000000E-03   10000000.00      0.2526734410E+14  0.5000000000      0.5000000000       0.000000000    
   472005208.3      0.1000000000E-03   10000000.00      0.2526734410E+14  0.5000000000      0.5000000000       0.000000000    
   473307291.7      0.1000000000E-03   10000000.00      0.2526734410E+14  0.5000000000      0.5000000000       0.000000000    
   474609375.0      0.1000000000E-03   10000000.00      0.2526734410E+14  0.5000000000      0.5000000000       0.000000000    
   475911458.3      0.1000000000E-03   10000000.00      0.2526734410E+14  0.5000000000      0.5000000000       0.000000000    
   477213541.7      0.1000000000E-03   10000000.00      0.2526734410E+14  0.5000000000      0.5000000000       0.000000000    
   478515625.0      0.1000000000E-03   10000000.00      0.2526734410E+14  0.5000000000      0.5000000000       0.000000000    
   479817708.3      0.1000000000E-03   10000000.00      0.2526734410E+14  0.5000000000      0.5000000000       0.000000000    
   481119791.7      0.1000000000E-03   10000000.00      0.2526734410E+14  0.5000000000      0.5000000000       0.000000000    
   482421875.0      0.1000000000E-03   10000000.00      0.2526734410E+14  0.5000000000      0.5000000000       0.000000000    
   483723958.3      0.1000000000E-03   10000000.00      0.2526734410E+14  0.5000000000      0.5000000000       0.000000000    
   485026041.7      0.1000000000E-03   10000000.00      0.2526734410E+14  0.5000000000      0.5000000000       0.000000000    
   486328125.0      0.1000000000E-03   10000000.00      0.2526734410E+14  0.5000000000      0.5000000000       0.000000000    
   487630208.3      0.1000000000E-03   10000000.00      0.2526734410E+14  0.5000000000      0.5000000000       0.000000000    
   488932291.7      0.1000000000E-03   10000000.00      0.2526734410E+14  0.5000000000      0.5000000000       0.000000000    
   490234375.0      0.1000000000E-03   10000000.00      0.2526734410E+14  0.5000000000      0.5000000000       0.000000000    
   491536458.3      0.1000000000E-03   10000000.00      0.2526734410E+14  0.5000000000      0.5000000000       0.000000000    
   492838541.7      0.1000000000E-03   10000000.00      0.2526734410E+14  0.5000000000      0.5000000000       0.000000000    
   494140625.0      0.1000000000E-03   10000000.00      0.2526734410E+14  0.5000000000      0.5000000000       0.000000000    
   495442708.3      0.1000000000E-03   10000000.00      0.2526734410E+14  0.5000000000      0.5000000000       0.000000000    
   496744791.7      0.1000000000E-03   10000000.00      0.2526734410E+14  0.5000000000      0.5000000000       0.000000000    
   498046875.0      0.1000000000E-03   10000000.00      0.2526734410E+14  0.5000000000      0.5000000000       0.000000000    
   499348958.3      0.1000000000E-03   10000000.00      0.2526734410E+14  0.5000000000      0.5000000000       0.000000000    
