# npts =   512
# num of variables =     6
# density
# temperature
# pressure
# carbon-12       
# oxygen-16       
# magnesium-24    
      488281.2500000000          2678319418.458902          600384093.4154750         0.1804889599676521E+28     0.4974201554646994         0.4983201919341772         0.4259652601123398E-02
      1464843.750000000          2676201815.661081          600138118.0352163         0.1802977783474253E+28     0.4974201554646994         0.4983201919341772         0.4259652601123398E-02
      2441406.250000000          2671972856.154855          599646607.0220743         0.1799161325225122E+28     0.4974201554646994         0.4983201919341772         0.4259652601123398E-02
      3417968.750000000          2665645180.438116          598910459.6902423         0.1793454687957922E+28     0.4974201554646994         0.4983201919341772         0.4259652601123398E-02
      4394531.250000000          2657237631.238458          597931017.7756007         0.1785879411685474E+28     0.4974201554646994         0.4983201919341772         0.4259652601123398E-02
      5371093.750000000          2646775154.959099          596709384.2851567         0.1776463965007782E+28     0.4974206556950196         0.4983206930696186         0.4258651235361717E-02
      6347656.250000000          2634288646.884304          595249123.6260087         0.1765243538404413E+28     0.4974206578799217         0.4983206952584741         0.4258646861604163E-02
      7324218.750000000          2619814787.029628          593552118.2402576         0.1752259788851108E+28     0.4974207173115500         0.4983207547976384         0.4258527890811701E-02
      8300781.250000000          2603395821.993765          591620985.6337913         0.1737560539557707E+28     0.4974211553217358         0.4983211936003638         0.4257651077900344E-02
      9277343.750000000          2585079326.673290          589459602.5423195         0.1721199438493286E+28     0.4974216577389780         0.4983216969266842         0.4256645334337857E-02
      10253906.25000000          2564917948.334000          587071905.0077695         0.1703235579538361E+28     0.4974221551827918         0.4983221952705774         0.4255649546630807E-02
      11230468.75000000          2542969124.087970          584462487.5311139         0.1683733090407744E+28     0.4974223665369250         0.4983224070071365         0.4255226455938453E-02
      12207031.25000000          2519294787.713572          581635448.1670583         0.1662760691747842E+28     0.4974226576020537         0.4983226985989212         0.4254643799025046E-02
      13183593.75000000          2493960226.824284          578595257.4071653         0.1640391235689296E+28     0.4974233095960972         0.4983233517726885         0.4253338631214347E-02
      14160156.25000000          2467034302.654116          575347660.3906456         0.1616701229090597E+28     0.4974238665525622         0.4983239097369154         0.4252223710522450E-02
      15136718.75000000          2438590248.602121          571898260.1649169         0.1591770335481090E+28     0.4974242980789536         0.4983243420441145         0.4251359876931958E-02
      16113281.25000000          2408704182.202817          568252179.2230405         0.1565680864383120E+28     0.4974251547900777         0.4983252003053795         0.4249644904542823E-02
      17089843.75000000          2377454632.645784          564416717.2805448         0.1538517262359113E+28     0.4974254979830976         0.4983255441193759         0.4248957897526589E-02
      18066406.25000000          2344922106.100059          560396902.7224625         0.1510365606435419E+28     0.4974263092142934         0.4983263568184206         0.4247333967285995E-02
      19042968.75000000          2311188645.903836          556199831.8514601         0.1481313104440021E+28     0.4974271158108993         0.4983271648744895         0.4245719314611152E-02
      20019531.25000000          2276337444.996017          551832761.8404891         0.1451447606409895E+28     0.4974274351688779         0.4983274848103174         0.4245080020804591E-02
      20996093.75000000          2240452496.310196          547301202.3540071         0.1420857130486379E+28     0.4974282819340260         0.4983283331076099         0.4243384958364119E-02
      21972656.25000000          2203618268.329246          542612714.4947439         0.1389629406404950E+28     0.4974291543227348         0.4983292070748266         0.4241638602438489E-02
      22949218.75000000          2165919440.726662          537774884.5119046         0.1357851439101160E+28     0.4974296112075214         0.4983296647863046         0.4240724006173957E-02
      23925781.25000000          2127440676.129803          532794241.7027917         0.1325609094352512E+28     0.4974301542159486         0.4983302087772561         0.4239637006795352E-02
      24902343.75000000          2088266417.668047          527678046.6342644         0.1292986708168427E+28     0.4974307897149041         0.4983308454260891         0.4238364859006742E-02
      25878906.25000000          2048480719.786909          522433519.4335563         0.1260066721281359E+28     0.4974316515759898         0.4983317088466339         0.4236639577376308E-02
      26855468.75000000          2008167090.893499          517068724.3671579         0.1226929339828337E+28     0.4974322659030205         0.4983323242852335         0.4235409811745973E-02
      27832031.25000000          1967406476.072014          511590505.7296444         0.1193652238855762E+28     0.4974330625355005         0.4983331223591474         0.4233815105352122E-02
      28808593.75000000          1926277147.461790          506006535.5918445         0.1160310314119770E+28     0.4974336533317935         0.4983337142244324         0.4232632443774103E-02
      29785156.25000000          1884858506.315042          500324279.1904252         0.1126975433155082E+28     0.4974341538290019         0.4983342156272449         0.4231630543753134E-02
      30761718.75000000          1843226396.610346          494550804.1679853         0.1093716216085882E+28     0.4974348359759547         0.4983348990084805         0.4230265015564874E-02
      31738281.25000000          1801453264.273810          488693542.8646061         0.1060597887263391E+28     0.4974354796774439         0.4983355438746890         0.4228976447866972E-02
      32714843.75000000          1759608505.464980          482759562.0392445         0.1027682154143943E+28     0.4974360423568589         0.4983361075722211         0.4227850070920050E-02
      33691406.25000000          1717758824.721395          476755631.1772501         0.9950271089529675E+27     0.4974366548528364         0.4983367211764543         0.4226623970709276E-02
      34667968.75000000          1675968569.651858          470688483.9243996         0.9626871506696323E+27     0.4974374411835026         0.4983375089299143         0.4225049886582994E-02
      35644531.25000000          1634300013.120642          464565639.5859432         0.9307129257139808E+27     0.4974378031916026         0.4983378715930349         0.4224325215362465E-02
      36621093.75000000          1592813597.996528          458376519.6022207         0.8991512861668275E+27     0.4974848419044898         0.4982928477247643         0.4222310370745798E-02
      37597656.25000000          1551564960.786377          452160063.2435877         0.8680452959619450E+27     0.4974896362624125         0.4982896195971059         0.4220744140481669E-02
      38574218.75000000          1510606673.327216          445909221.4519346         0.8374342742823684E+27     0.4974899105646777         0.4982898943404602         0.4220195094862046E-02
      39550781.25000000          1469990325.213511          439628172.7926896         0.8073538216138934E+27     0.4974905858588625         0.4982905707205451         0.4218843420592365E-02
      40527343.75000000          1429761957.370438          433323360.1800914         0.7778358864513058E+27     0.4974912682984147         0.4982912542574875         0.4217477444097647E-02
      41503906.25000000          1389963432.308314          427000489.8643388         0.7489088852884352E+27     0.4974919329760196         0.4982919200039208         0.4216147020059632E-02
      42480468.75000000          1350633568.612296          420665065.7141964         0.7205978146178220E+27     0.4974925700897989         0.4982925581422046         0.4214871767996642E-02
      43457031.25000000          1311808996.367697          414322511.1087562         0.6929243559020135E+27     0.4974931964351667         0.4982931854947610         0.4213618070072378E-02
      44433593.75000000          1273524742.202617          407978316.1491961         0.6659069760873669E+27     0.4974938084369204         0.4982937984806381         0.4212393082441483E-02
      45410156.25000000          1235812716.442084          401637764.4603366         0.6395610463400496E+27     0.4974944082565060         0.4982943992647577         0.4211192478736296E-02
      46386718.75000000          1198700105.472713          395305643.1712285         0.6138990028965063E+27     0.4974949923827625         0.4982949843303127         0.4210023286924773E-02
      47363281.25000000          1162214187.117153          388987039.9959433         0.5889304839319813E+27     0.4974955677854125         0.4982955606582333         0.4208871556354183E-02
      48339843.75000000          1126376731.752763          382686387.9770582         0.5646624780043906E+27     0.4974961335079415         0.4982961272904669         0.4207739201591613E-02
      49316406.25000000          1091205825.979650          376407723.2364196         0.5410995203109476E+27     0.4974966883324159         0.4982966830071214         0.4206628660462674E-02
      50292968.75000000          1056717472.795873          370154941.9085881         0.5182438572568407E+27     0.4974972327925621         0.4982972283427813         0.4205538864656690E-02
      51269531.25000000          1022926626.714296          363931978.6338558         0.4960955846533568E+27     0.4974977762549007         0.4982977726790292         0.4204451066069985E-02
      52246093.75000000          989847219.4283569          357742845.5541815         0.4746527745674497E+27     0.4974983085564470         0.4982983058365378         0.4203385607015096E-02
      53222656.25000000          957488271.6387386          351590852.3221624         0.4539116428290608E+27     0.4974988362714847         0.4982988344001625         0.4202329328352743E-02
      54199218.75000000          925859677.8890480          345479699.2790883         0.4338666982667717E+27     0.4974993546368245         0.4982993535990546         0.4201291764120848E-02
      55175781.25000000          894967031.3829789          339412464.9025869         0.4145108820660868E+27     0.4974998711941740         0.4982998709870490         0.4200257818777000E-02
      56152343.75000000          864812709.1023744          333391774.3941206         0.3958357506966800E+27     0.4975003829934692         0.4983003836093381         0.4199233397192737E-02
      57128906.25000000          835397817.8313210          327420139.8435208         0.3778316248252403E+27     0.4975008941517820         0.4983008955896140         0.4198210258603959E-02
      58105468.75000000          806723333.8592687          321499832.0764341         0.3604877019659290E+27     0.4975018851178268         0.4983018881491721         0.4196226733001107E-02
      59082031.25000000          778789356.3743676          315634219.6575122         0.3437921607765381E+27     0.4975023937130957         0.4983023975622826         0.4195208724621713E-02
      60058593.75000000          751592896.4067115          309825047.1292946         0.3277322927653018E+27     0.4975028942889242         0.4983028989430571         0.4194206768018727E-02
      61035156.25000000          725131589.1696050          304074694.1608377         0.3122946153401347E+27     0.4975033902095660         0.4983033956611593         0.4193214129274638E-02
      62011718.75000000          699399302.8681494          298384840.7262396         0.2974649867029323E+27     0.4975038858751787         0.4983038921238223         0.4192222000998992E-02
      62988281.25000000          674388321.8628193          292756892.8928947         0.2832287407611781E+27     0.4975043768732758         0.4983043839114640         0.4191239215260210E-02
      63964843.75000000          650090966.4017406          287192319.9574518         0.2695707777757529E+27     0.4975048675837376         0.4983048754110080         0.4190257005254302E-02
      64941406.25000000          626500190.6003352          281692818.5736435         0.2564756271807010E+27     0.4975053583368623         0.4983053669532834         0.4189274709854173E-02
      65917968.75000000          603606380.1573547          276259560.6127444         0.2439275324051303E+27     0.4975058490511134         0.4983058584566228         0.4188292492263715E-02
      66894531.25000000          581400955.8228422          270894018.1824397         0.2319105281066381E+27     0.4975063398043214         0.4983063499989816         0.4187310196697072E-02
      67871093.75000000          559872912.5369686          265597130.9044905         0.2204085107735547E+27     0.4975068347914546         0.4983068457820740         0.4186319426471462E-02
      68847656.25000000          539009667.1847876          260369463.5879105         0.2094053321230930E+27     0.4975073263010533         0.4983073380820399         0.4185335616906852E-02
      69824218.75000000          518798878.6740238          255211621.2407973         0.1988848612475660E+27     0.4975078211550915         0.4983078337318234         0.4184345113085066E-02
      70800781.25000000          499229250.9385037          250124488.8326740         0.1888310162565565E+27     0.4975083169080877         0.4983083302820103         0.4183352809902017E-02
      71777343.75000000          480287920.7914686          245108548.4238329         0.1792278099054915E+27     0.4975088209427898         0.4983088351272205         0.4182343929989686E-02
      72753906.25000000          461962917.8271909          240164522.2615210         0.1700593936196127E+27     0.4975093227124378         0.4983093377037342         0.4181339583828055E-02
      73730468.75000000          444240708.1355950          235292696.2767082         0.1613100974918465E+27     0.4975098277544819         0.4983098435579062         0.4180328687611899E-02
      74707031.25000000          427106626.9747386          230492999.2894036         0.1529644867827238E+27     0.4975103338240685         0.4983103504412730         0.4179315734658558E-02
      75683593.75000000          410546567.8461562          225765447.5850395         0.1450073944772594E+27     0.4975108442488925         0.4983108616868807         0.4178294064226736E-02
      76660156.25000000          394547567.3312114          221110343.3300150         0.1374239289844409E+27     0.4975113556475961         0.4983113739079340         0.4177270444469874E-02
      77636718.75000000          379095520.4003631          216527854.8958869         0.1301994952468845E+27     0.4975114125280322         0.4983114308798361         0.4177156592131621E-02
      78613281.25000000          364177422.2152162          212017713.4241768         0.1233198140565055E+27     0.4975118859680938         0.4983119050812084         0.4176208950697793E-02
      79589843.75000000          349778845.0218307          207579838.7111953         0.1167709411812650E+27     0.4975123974034183         0.4983124173389414         0.4175185257640243E-02
      80566406.25000000          335884945.0492192          203213735.0037219         0.1105392983085847E+27     0.4975129138507443         0.4983129346167355         0.4174151532520203E-02
      81542968.75000000          322481779.0510532          198919083.6853912         0.1046116802395257E+27     0.4975134082113779         0.4983134297723208         0.4173162016301239E-02
      82519531.25000000          309556262.8385764          194695957.0080558         0.9897524864929192E+26     0.4975134493759973         0.4983134710031346         0.4173079620868097E-02
      83496093.75000000          297094683.5141430          190543486.7711875         0.9361753806151656E+26     0.4975139613499149         0.4983139838003268         0.4172054849758276E-02
      84472656.25000000          285084137.3314573          186461697.6677779         0.8852646084653457E+26     0.4975144087119962         0.4983144318817844         0.4171159406219355E-02
      85449218.75000000          273510570.9269494          182449995.5383396         0.8369031505798926E+26     0.4975144963777350         0.4983145196884932         0.4170983933771770E-02
      86425781.25000000          262360222.0837944          178507310.4178479         0.7909779538824735E+26     0.4975149105218683         0.4983149344985869         0.4170154979544737E-02
      87402343.75000000          251620471.5885701          174633454.9791732         0.7473798287435748E+26     0.4975150205712136         0.4983150447248959         0.4169934703890547E-02
      88378906.25000000          241278707.6078234          170827606.9238353         0.7060033614625122E+26     0.4975154092385198         0.4983154340171948         0.4169156744285370E-02
      89355468.75000000          231322822.2966064          167089508.0627640         0.6667468739364574E+26     0.4975155402444761         0.4983155652338140         0.4168894521709915E-02
      90332031.25000000          221740430.4745231          163418251.1561667         0.6295123980177328E+26     0.4975159105588196         0.4983159361436378         0.4168153297542455E-02
      91308593.75000000          212518806.8899951          159813119.9022063         0.5942057109342726E+26     0.4975159105588196         0.4983159361436378         0.4168153297542455E-02
      92285156.25000000          203646013.4080243          156273102.4441288         0.5607362745476141E+26     0.4975160553285644         0.4983160811461781         0.4167863525257510E-02
      93261718.75000000          195110957.8732355          152797594.6733080         0.5290170731932868E+26     0.4975164080911388         0.4983164344760090         0.4167157432852135E-02
      94238281.25000000          186902222.6858982          149153602.4922517         0.4989645381162640E+26     0.4982145428788202         0.4987896827777626         0.2995774343417182E-02
      95214843.75000000          179009076.5457902          145230924.0608372         0.4704984811572637E+26     0.4999999999500000         0.4999999999500000         0.9999999999000000E-10
      96191406.25000000          171420823.7821127          141962037.5090969         0.4435419957894244E+26     0.4999999999500000         0.4999999999500000         0.9999999999000000E-10
      97167968.75000000          164126294.7352287          138754021.3416163         0.4180214447333954E+26     0.4999999999500000         0.4999999999500000         0.9999999999000000E-10
      98144531.25000000          157115619.1357803          135606174.2939595         0.3938663469606125E+26     0.4999999999500000         0.4999999999500000         0.9999999999000000E-10
      99121093.75000000          150378862.7964473          132517644.4115395         0.3710092322068578E+26     0.4999999999500000         0.4999999999500000         0.9999999999000000E-10
      100097656.2500000          143905917.0262935          129721875.0000000         0.3493856059438381E+26     0.4999999999500000         0.4999999999500000         0.9999999999000000E-10
      101074218.7500000          137681197.5880269          128952769.8863636         0.3289343036633206E+26     0.4999999999500000         0.4999999999500000         0.9999999999000000E-10
      102050781.2500000          131702417.3462983          128331321.0227273         0.3095968574983325E+26     0.4999999999500000         0.4999999999500000         0.9999999999000000E-10
      103027343.7500000          125961366.3256963          127709872.1590909         0.2913169104947658E+26     0.4999999999500000         0.4999999999500000         0.9999999999000000E-10
      104003906.2500000          120449651.2743599          127037265.6250000         0.2740406124750957E+26     0.4999999999500000         0.4999999999500000         0.9999999999000000E-10
      104980468.7500000          115158835.7078880          126403338.0681818         0.2577165816110911E+26     0.4999999999500000         0.4999999999500000         0.9999999999000000E-10
      105957031.2500000          110080944.7001682          125722159.0909091         0.2422958196427174E+26     0.4999999999500000         0.4999999999500000         0.9999999999000000E-10
      106933593.7500000          105207466.7651908          125088736.9791667         0.2277316606797324E+26     0.4999999999500000         0.4999999999500000         0.9999999999000000E-10
      107910156.2500000          100530859.3010497          124502627.8409091         0.2139796853948021E+26     0.4999999999500000         0.4999999999500000         0.9999999999000000E-10
      108886718.7500000          96044111.19043469          123891080.7291667         0.2009975649017406E+26     0.4999999999500000         0.4999999999500000         0.9999999999000000E-10
      109863281.2500000          91740049.73100896          123321419.2708333         0.1887449835294648E+26     0.4999999999500000         0.4999999999500000         0.9999999999000000E-10
      110839843.7500000          87612059.22154878          122673437.5000000         0.1771835612304140E+26     0.4999999999500000         0.4999999999500000         0.9999999999000000E-10
      111816406.2500000          83652820.10951738          122082096.3541667         0.1662768114604952E+26     0.4999999999500000         0.4999999999500000         0.9999999999000000E-10
      112792968.7500000          79856133.87519169          121471354.1666667         0.1559900634217693E+26     0.4999999999500000         0.4999999999500000         0.9999999999000000E-10
      113769531.2500000          76215865.20368427          120854867.7884615         0.1462903374884202E+26     0.4999999999500000         0.4999999999500000         0.9999999999000000E-10
      114746093.7500000          72725909.63531096          120329026.4423077         0.1371462922026234E+26     0.4999999999500000         0.4999999999500000         0.9999999999000000E-10
      115722656.2500000          69380813.24963056          119732211.5384615         0.1285281361836892E+26     0.4999999999500000         0.4999999999500000         0.9999999999000000E-10
      116699218.7500000          66174590.93447585          119131250.0000000         0.1204075761449087E+26     0.4999999999500000         0.4999999999500000         0.9999999999000000E-10
      117675781.2500000          63101831.14908231          118562109.3750000         0.1127577705402376E+26     0.4999999999500000         0.4999999999500000         0.9999999999000000E-10
      118652343.7500000          60157309.08391824          118073828.1250000         0.1055532414611423E+26     0.4999999999500000         0.4999999999500000         0.9999999999000000E-10
      119628906.2500000          57336564.96146283          117467131.6964286         0.9876977857735587E+25     0.4999999999500000         0.4999999999500000         0.9999999999000000E-10
      120605468.7500000          54634337.88971192          116897265.6250000         0.9238440290719308E+25     0.4999999999500000         0.4999999999500000         0.9999999999000000E-10
      121582031.2500000          52045736.98349529          116408984.3750000         0.8637535356623731E+25     0.4999999999500000         0.4999999999500000         0.9999999999000000E-10
      122558593.7500000          49566661.06956203          115853768.3823529         0.8072198482458554E+25     0.4999999999500000         0.4999999999500000         0.9999999999000000E-10
      123535156.2500000          47192714.36945163          115281584.8214286         0.7540470390788913E+25     0.4999999999500000         0.4999999999500000         0.9999999999000000E-10
      124511718.7500000          44919713.22592882          114770052.0833333         0.7040494250068563E+25     0.4999999999500000         0.4999999999500000         0.9999999999000000E-10
      125488281.2500000          42743633.15670240          114258519.3452381         0.6570510409252812E+25     0.4999999999500000         0.4999999999500000         0.9999999999000000E-10
      126464843.7500000          40660563.93653725          113731542.9687500         0.6128851823922707E+25     0.4999999999500000         0.4999999999500000         0.9999999999000000E-10
      127441406.2500000          38666869.90214159          113202571.6145833         0.5713939020237442E+25     0.4999999999500000         0.4999999999500000         0.9999999999000000E-10
      128417968.7500000          36758989.48174865          112691015.6250000         0.5324275438865770E+25     0.4999999999500000         0.4999999999500000         0.9999999999000000E-10
      129394531.2500000          34933510.99917027          112202734.3750000         0.4958443579248708E+25     0.4999999999500000         0.4999999999500000         0.9999999999000000E-10
      130371093.7500000          33187041.50258792          111714453.1250000         0.4615101543037668E+25     0.4999999999500000         0.4999999999500000         0.9999999999000000E-10
      131347656.2500000          31516477.20612633          111189661.4583333         0.4292978989591851E+25     0.4999999999500000         0.4999999999500000         0.9999999999000000E-10
      132324218.7500000          29918785.59675650          110636276.0416667         0.3990872972741888E+25     0.4999999999500000         0.4999999999500000         0.9999999999000000E-10
      133300781.2500000          28391060.01148466          110082890.6250000         0.3707644730158344E+25     0.4999999999500000         0.4999999999500000         0.9999999999000000E-10
      134277343.7500000          26930411.76164209          109519209.5588235         0.3442216834285909E+25     0.4999999999500000         0.4999999999500000         0.9999999999000000E-10
      135253906.2500000          25534073.07094834          108944761.0294118         0.3193570457633210E+25     0.4999999999500000         0.4999999999500000         0.9999999999000000E-10
      136230468.7500000          24199485.47423048          108370312.5000000         0.2960741828058860E+25     0.4999999999500000         0.4999999999500000         0.9999999999000000E-10
      137207031.2500000          22924180.60944849          107795492.7884615         0.2742818964154501E+25     0.4999999999500000         0.4999999999500000         0.9999999999000000E-10
      138183593.7500000          21705795.03565441          107169491.1858974         0.2538939015760023E+25     0.4999999999500000         0.4999999999500000         0.9999999999000000E-10
      139160156.2500000          20541878.69405703          106543489.5833333         0.2348286497700531E+25     0.4999999999500000         0.4999999999500000         0.9999999999000000E-10
      140136718.7500000          19430253.82308497          105917487.9807692         0.2170090825700070E+25     0.4999999999500000         0.4999999999500000         0.9999999999000000E-10
      141113281.2500000          18368816.34232723          105290869.1406250         0.2003623233320001E+25     0.4999999999500000         0.4999999999500000         0.9999999999000000E-10
      142089843.7500000          17355572.27349335          104619482.4218750         0.1848194525962106E+25     0.4999999999500000         0.4999999999500000         0.9999999999000000E-10
      143066406.2500000          16388436.79955920          103948095.7031250         0.1703153626323895E+25     0.4999999999500000         0.4999999999500000         0.9999999999000000E-10
      144042968.7500000          15465549.06356669          103276708.9843750         0.1567885678575012E+25     0.4999999999500000         0.4999999999500000         0.9999999999000000E-10
      145019531.2500000          14585122.11899845          102605322.2656250         0.1441809527682341E+25     0.4999999999500000         0.4999999999500000         0.9999999999000000E-10
      145996093.7500000          13745436.37877489          101920335.1814516         0.1324375956388826E+25     0.4999999999500000         0.4999999999500000         0.9999999999000000E-10
      146972656.2500000          12944856.32884091          101110733.3669355         0.1215065946858136E+25     0.4999999999500000         0.4999999999500000         0.9999999999000000E-10
      147949218.7500000          12181686.47850264          100301131.5524193         0.1113389524413096E+25     0.4999999999500000         0.4999999999500000         0.9999999999000000E-10
      148925781.2500000          11454413.12207185          99491529.73790322         0.1018884246229710E+25     0.4999999999500000         0.4999999999500000         0.9999999999000000E-10
      149902343.7500000          10761551.90771069          98681927.92338710         0.9311133928265778E+24     0.4999999999500000         0.4999999999500000         0.9999999999000000E-10
      150878906.2500000          10101650.48542587          97872326.10887097         0.8496648210760286E+24     0.4999999999500000         0.4999999999500000         0.9999999999000000E-10
      151855468.7500000          9473376.626554741          97062724.29435484         0.7741495066341720E+24     0.4999999999500000         0.4999999999500000         0.9999999999000000E-10
      152832031.2500000          8875576.669588096          96064211.18951613         0.7041995862034340E+24     0.4999999999500000         0.4999999999500000         0.9999999999000000E-10
      153808593.7500000          8306863.676539460          95002593.24596775         0.6394678205657962E+24     0.4999999999500000         0.4999999999500000         0.9999999999000000E-10
      154785156.2500000          7765989.585536322          93940975.30241935         0.5796272163449098E+24     0.4999999999500000         0.4999999999500000         0.9999999999000000E-10
      155761718.7500000          7251826.436647110          92879357.35887097         0.5243693470069336E+24     0.4999999999500000         0.4999999999500000         0.9999999999000000E-10
      156738281.2500000          6763271.793063761          91817739.41532259         0.4734031624004614E+24     0.4999999999500000         0.4999999999500000         0.9999999999000000E-10
      157714843.7500000          6299244.591746571          90756121.47177419         0.4264542033563283E+24     0.4999999999500000         0.4999999999500000         0.9999999999000000E-10
      158691406.2500000          5858749.899024495          89694503.52822581         0.3832636288820494E+24     0.4999999999500000         0.4999999999500000         0.9999999999000000E-10
      159667968.7500000          5440827.775979372          88632885.58467741         0.3435872347900556E+24     0.4999999999500000         0.4999999999500000         0.9999999999000000E-10
      160644531.2500000          5044521.850006023          87571267.64112903         0.3071947999185293E+24     0.4999999999500000         0.4999999999500000         0.9999999999000000E-10
      161621093.7500000          4668835.092637883          86750000.00000000         0.2738697151576985E+24     0.4999999999500000         0.4999999999500000         0.9999999999000000E-10
      162597656.2500000          4312664.757870632          86750000.00000000         0.2434089909339329E+24     0.4999999999500000         0.4999999999500000         0.9999999999000000E-10
      163574218.7500000          3975627.569511944          86750000.00000000         0.2156207029442104E+24     0.4999999999500000         0.4999999999500000         0.9999999999000000E-10
      164550781.2500000          3656949.472997207          86750000.00000000         0.1903225129235188E+24     0.4999999999500000         0.4999999999500000         0.9999999999000000E-10
      165527343.7500000          3355882.451194803          86750000.00000000         0.1673425369150892E+24     0.4999999999500000         0.4999999999500000         0.9999999999000000E-10
      166503906.2500000          3071692.658526098          86750000.00000000         0.1465188434590508E+24     0.4999999999500000         0.4999999999500000         0.9999999999000000E-10
      167480468.7500000          2803707.258447800          86750000.00000000         0.1276988584355503E+24     0.4999999999500000         0.4999999999500000         0.9999999999000000E-10
      168457031.2500000          2551260.449664615          86750000.00000000         0.1107388167884907E+24     0.4999999999500000         0.4999999999500000         0.9999999999000000E-10
      169433593.7500000          2313727.827435849          86750000.00000000         0.9550329798520243E+23     0.4999999999500000         0.4999999999500000         0.9999999999000000E-10
      170410156.2500000          2090516.850492593          86750000.00000000         0.8186470262517558E+23     0.4999999999500000         0.4999999999500000         0.9999999999000000E-10
      171386718.7500000          1881050.286619723          86750000.00000000         0.6970283068246980E+23     0.4999999999500000         0.4999999999500000         0.9999999999000000E-10
      172363281.2500000          1684797.927163381          86750000.00000000         0.5890443041483265E+23     0.4999999999500000         0.4999999999500000         0.9999999999000000E-10
      173339843.7500000          1501237.493963317          86750000.00000000         0.4936278787476641E+23     0.4999999999500000         0.4999999999500000         0.9999999999000000E-10
      174316406.2500000          1329893.362415832          86750000.00000000         0.4097733421375644E+23     0.4999999999500000         0.4999999999500000         0.9999999999000000E-10
      175292968.7500000          1170301.024625593          86750000.00000000         0.3365325965174810E+23     0.4999999999500000         0.4999999999500000         0.9999999999000000E-10
      176269531.2500000          1022038.147511876          86750000.00000000         0.2730115641391759E+23     0.4999999999500000         0.4999999999500000         0.9999999999000000E-10
      177246093.7500000          884702.0060711956          86750000.00000000         0.2183665200801631E+23     0.4999999999500000         0.4999999999500000         0.9999999999000000E-10
      178222656.2500000          757923.9980504212          86750000.00000000         0.1718008082133914E+23     0.4999999999500000         0.4999999999500000         0.9999999999000000E-10
      179199218.7500000          641370.7925052610          86750000.00000000         0.1325612547139601E+23     0.4999999999500000         0.4999999999500000         0.9999999999000000E-10
      180175781.2500000          534741.4248541171          86750000.00000000         0.9993478569331326E+22     0.4999999999500000         0.4999999999500000         0.9999999999000000E-10
      181152343.7500000          437778.6119319011          86750000.00000000         0.7324496094309619E+22     0.4999999999500000         0.4999999999500000         0.9999999999000000E-10
      182128906.2500000          350276.6756712736          86750000.00000000         0.5184813886812093E+22     0.4999999999500000         0.4999999999500000         0.9999999999000000E-10
      183105468.7500000          272094.8561476518          86750000.00000000         0.3512924619690802E+22     0.4999999999500000         0.4999999999500000         0.9999999999000000E-10
      184082031.2500000          203182.8608280464          86750000.00000000         0.2249671309555561E+22     0.4999999999500000         0.4999999999500000         0.9999999999000000E-10
      185058593.7500000          143629.7397982460          86750000.00000000         0.1337569540676059E+22     0.4999999999500000         0.4999999999500000         0.9999999999000000E-10
      186035156.2500000          93749.95504155189          86750000.00000000         0.7198121651659846E+21     0.4999999999500000         0.4999999999500000         0.9999999999000000E-10
      187011718.7500000          54217.84073852096          86750000.00000000         0.3387565780771582E+21     0.4999999999500000         0.4999999999500000         0.9999999999000000E-10
      187988281.2500000          26069.67557148966          86750000.00000000         0.1341417488285631E+21     0.4999999999500000         0.4999999999500000         0.9999999999000000E-10
      188964843.7500000          9757.022065510084          86750000.00000000         0.4377982134729930E+20     0.4999999999500000         0.4999999999500000         0.9999999999000000E-10
      189941406.2500000          2879.215940749957          86750000.00000000         0.1223643330873693E+20     0.4999999999500000         0.4999999999500000         0.9999999999000000E-10
      190917968.7500000          754.3584918527497          86750000.00000000         0.3258858334490267E+19     0.4999999999500000         0.4999999999500000         0.9999999999000000E-10
      191894531.2500000          193.5696298803965          86750000.00000000         0.9406230029057608E+18     0.4999999999500000         0.4999999999500000         0.9999999999000000E-10
      192871093.7500000          50.29847863727403          86750000.00000000         0.3502631347649004E+18     0.4999999999500000         0.4999999999500000         0.9999999999000000E-10
      193847656.2500000          13.32019628467057          86750000.00000000         0.1978057337826234E+18     0.4999999999500000         0.4999999999500000         0.9999999999000000E-10
      194824218.7500000          3.595155082030286          86750000.00000000         0.1576757351664925E+18     0.4999999999500000         0.4999999999500000         0.9999999999000000E-10
      195800781.2500000         0.9880526815647700          86750000.00000000         0.1469109881467634E+18     0.4999999999500000         0.4999999999500000         0.9999999999000000E-10
      196777343.7500000         0.2762608320028947          86750000.00000000         0.1439709230959001E+18     0.4999999999500000         0.4999999999500000         0.9999999999000000E-10
      197753906.2500000         0.7852973427515091E-01      86750000.00000000         0.1431540330590396E+18     0.4999999999500000         0.4999999999500000         0.9999999999000000E-10
      198730468.7500000         0.2268302681806447E-01      86750000.00000000         0.1429232853109709E+18     0.4999999999500000         0.4999999999500000         0.9999999999000000E-10
      199707031.2500000         0.6654580603728004E-02      86750000.00000000         0.1428570547196569E+18     0.4999999999500000         0.4999999999500000         0.9999999999000000E-10
      200683593.7500000         0.1982041290533961E-02      86750000.00000000         0.1428377470233422E+18     0.4999999999500000         0.4999999999500000         0.9999999999000000E-10
      201660156.2500000         0.5991404107670269E-03      86750000.00000000         0.1428320325210480E+18     0.4999999999500000         0.4999999999500000         0.9999999999000000E-10
      202636718.7500000         0.1837479989715927E-03      86750000.00000000         0.1428303159829486E+18     0.4999999999500000         0.4999999999500000         0.9999999999000000E-10
      203613281.2500000         0.1000000000000000E-03      5000000.000000000          1600042867924.357         0.4999999999500000         0.4999999999500000         0.9999999999000000E-10
      204589843.7500000         0.1000000000000000E-03      5000000.000000000          1600042867924.357         0.4999999999500000         0.4999999999500000         0.9999999999000000E-10
      205566406.2500000         0.1000000000000000E-03      5000000.000000000          1600042867924.357         0.4999999999500000         0.4999999999500000         0.9999999999000000E-10
      206542968.7500000         0.1000000000000000E-03      5000000.000000000          1600042867924.357         0.4999999999500000         0.4999999999500000         0.9999999999000000E-10
      207519531.2500000         0.1000000000000000E-03      5000000.000000000          1600042867924.357         0.4999999999500000         0.4999999999500000         0.9999999999000000E-10
      208496093.7500000         0.1000000000000000E-03      5000000.000000000          1600042867924.357         0.4999999999500000         0.4999999999500000         0.9999999999000000E-10
      209472656.2500000         0.1000000000000000E-03      5000000.000000000          1600042867924.357         0.4999999999500000         0.4999999999500000         0.9999999999000000E-10
      210449218.7500000         0.1000000000000000E-03      5000000.000000000          1600042867924.357         0.4999999999500000         0.4999999999500000         0.9999999999000000E-10
      211425781.2500000         0.1000000000000000E-03      5000000.000000000          1600042867924.357         0.4999999999500000         0.4999999999500000         0.9999999999000000E-10
      212402343.7500000         0.1000000000000000E-03      5000000.000000000          1600042867924.357         0.4999999999500000         0.4999999999500000         0.9999999999000000E-10
      213378906.2500000         0.1000000000000000E-03      5000000.000000000          1600042867924.357         0.4999999999500000         0.4999999999500000         0.9999999999000000E-10
      214355468.7500000         0.1000000000000000E-03      5000000.000000000          1600042867924.357         0.4999999999500000         0.4999999999500000         0.9999999999000000E-10
      215332031.2500000         0.1000000000000000E-03      5000000.000000000          1600042867924.357         0.4999999999500000         0.4999999999500000         0.9999999999000000E-10
      216308593.7500000         0.1000000000000000E-03      5000000.000000000          1600042867924.357         0.4999999999500000         0.4999999999500000         0.9999999999000000E-10
      217285156.2500000         0.1000000000000000E-03      5000000.000000000          1600042867924.357         0.4999999999500000         0.4999999999500000         0.9999999999000000E-10
      218261718.7500000         0.1000000000000000E-03      5000000.000000000          1600042867924.357         0.4999999999500000         0.4999999999500000         0.9999999999000000E-10
      219238281.2500000         0.1000000000000000E-03      5000000.000000000          1600042867924.357         0.4999999999500000         0.4999999999500000         0.9999999999000000E-10
      220214843.7500000         0.1000000000000000E-03      5000000.000000000          1600042867924.357         0.4999999999500000         0.4999999999500000         0.9999999999000000E-10
      221191406.2500000         0.1000000000000000E-03      5000000.000000000          1600042867924.357         0.4999999999500000         0.4999999999500000         0.9999999999000000E-10
      222167968.7500000         0.1000000000000000E-03      5000000.000000000          1600042867924.357         0.4999999999500000         0.4999999999500000         0.9999999999000000E-10
      223144531.2500000         0.1000000000000000E-03      5000000.000000000          1600042867924.357         0.4999999999500000         0.4999999999500000         0.9999999999000000E-10
      224121093.7500000         0.1000000000000000E-03      5000000.000000000          1600042867924.357         0.4999999999500000         0.4999999999500000         0.9999999999000000E-10
      225097656.2500000         0.1000000000000000E-03      5000000.000000000          1600042867924.357         0.4999999999500000         0.4999999999500000         0.9999999999000000E-10
      226074218.7500000         0.1000000000000000E-03      5000000.000000000          1600042867924.357         0.4999999999500000         0.4999999999500000         0.9999999999000000E-10
      227050781.2500000         0.1000000000000000E-03      5000000.000000000          1600042867924.357         0.4999999999500000         0.4999999999500000         0.9999999999000000E-10
      228027343.7500000         0.1000000000000000E-03      5000000.000000000          1600042867924.357         0.4999999999500000         0.4999999999500000         0.9999999999000000E-10
      229003906.2500000         0.1000000000000000E-03      5000000.000000000          1600042867924.357         0.4999999999500000         0.4999999999500000         0.9999999999000000E-10
      229980468.7500000         0.1000000000000000E-03      5000000.000000000          1600042867924.357         0.4999999999500000         0.4999999999500000         0.9999999999000000E-10
      230957031.2500000         0.1000000000000000E-03      5000000.000000000          1600042867924.357         0.4999999999500000         0.4999999999500000         0.9999999999000000E-10
      231933593.7500000         0.1000000000000000E-03      5000000.000000000          1600042867924.357         0.4999999999500000         0.4999999999500000         0.9999999999000000E-10
      232910156.2500000         0.1000000000000000E-03      5000000.000000000          1600042867924.357         0.4999999999500000         0.4999999999500000         0.9999999999000000E-10
      233886718.7500000         0.1000000000000000E-03      5000000.000000000          1600042867924.357         0.4999999999500000         0.4999999999500000         0.9999999999000000E-10
      234863281.2500000         0.1000000000000000E-03      5000000.000000000          1600042867924.357         0.4999999999500000         0.4999999999500000         0.9999999999000000E-10
      235839843.7500000         0.1000000000000000E-03      5000000.000000000          1600042867924.357         0.4999999999500000         0.4999999999500000         0.9999999999000000E-10
      236816406.2500000         0.1000000000000000E-03      5000000.000000000          1600042867924.357         0.4999999999500000         0.4999999999500000         0.9999999999000000E-10
      237792968.7500000         0.1000000000000000E-03      5000000.000000000          1600042867924.357         0.4999999999500000         0.4999999999500000         0.9999999999000000E-10
      238769531.2500000         0.1000000000000000E-03      5000000.000000000          1600042867924.357         0.4999999999500000         0.4999999999500000         0.9999999999000000E-10
      239746093.7500000         0.1000000000000000E-03      5000000.000000000          1600042867924.357         0.4999999999500000         0.4999999999500000         0.9999999999000000E-10
      240722656.2500000         0.1000000000000000E-03      5000000.000000000          1600042867924.357         0.4999999999500000         0.4999999999500000         0.9999999999000000E-10
      241699218.7500000         0.1000000000000000E-03      5000000.000000000          1600042867924.357         0.4999999999500000         0.4999999999500000         0.9999999999000000E-10
      242675781.2500000         0.1000000000000000E-03      5000000.000000000          1600042867924.357         0.4999999999500000         0.4999999999500000         0.9999999999000000E-10
      243652343.7500000         0.1000000000000000E-03      5000000.000000000          1600042867924.357         0.4999999999500000         0.4999999999500000         0.9999999999000000E-10
      244628906.2500000         0.1000000000000000E-03      5000000.000000000          1600042867924.357         0.4999999999500000         0.4999999999500000         0.9999999999000000E-10
      245605468.7500000         0.1000000000000000E-03      5000000.000000000          1600042867924.357         0.4999999999500000         0.4999999999500000         0.9999999999000000E-10
      246582031.2500000         0.1000000000000000E-03      5000000.000000000          1600042867924.357         0.4999999999500000         0.4999999999500000         0.9999999999000000E-10
      247558593.7500000         0.1000000000000000E-03      5000000.000000000          1600042867924.357         0.4999999999500000         0.4999999999500000         0.9999999999000000E-10
      248535156.2500000         0.1000000000000000E-03      5000000.000000000          1600042867924.357         0.4999999999500000         0.4999999999500000         0.9999999999000000E-10
      249511718.7500000         0.1000000000000000E-03      5000000.000000000          1600042867924.357         0.4999999999500000         0.4999999999500000         0.9999999999000000E-10
      250488281.2500000         0.1000000000000000E-03      5000000.000000000          1600042867924.357         0.4999999999500000         0.4999999999500000         0.9999999999000000E-10
      251464843.7500000         0.1000000000000000E-03      5000000.000000000          1600042867924.357         0.4999999999500000         0.4999999999500000         0.9999999999000000E-10
      252441406.2500000         0.1000000000000000E-03      5000000.000000000          1600042867924.357         0.4999999999500000         0.4999999999500000         0.9999999999000000E-10
      253417968.7500000         0.1000000000000000E-03      5000000.000000000          1600042867924.357         0.4999999999500000         0.4999999999500000         0.9999999999000000E-10
      254394531.2500000         0.1000000000000000E-03      5000000.000000000          1600042867924.357         0.4999999999500000         0.4999999999500000         0.9999999999000000E-10
      255371093.7500000         0.1000000000000000E-03      5000000.000000000          1600042867924.357         0.4999999999500000         0.4999999999500000         0.9999999999000000E-10
      256347656.2500000         0.1000000000000000E-03      5000000.000000000          1600042867924.357         0.4999999999500000         0.4999999999500000         0.9999999999000000E-10
      257324218.7500000         0.1000000000000000E-03      5000000.000000000          1600042867924.357         0.4999999999500000         0.4999999999500000         0.9999999999000000E-10
      258300781.2500000         0.1000000000000000E-03      5000000.000000000          1600042867924.357         0.4999999999500000         0.4999999999500000         0.9999999999000000E-10
      259277343.7500000         0.1000000000000000E-03      5000000.000000000          1600042867924.357         0.4999999999500000         0.4999999999500000         0.9999999999000000E-10
      260253906.2500000         0.1000000000000000E-03      5000000.000000000          1600042867924.357         0.4999999999500000         0.4999999999500000         0.9999999999000000E-10
      261230468.7500000         0.1000000000000000E-03      5000000.000000000          1600042867924.357         0.4999999999500000         0.4999999999500000         0.9999999999000000E-10
      262207031.2500000         0.1000000000000000E-03      5000000.000000000          1600042867924.357         0.4999999999500000         0.4999999999500000         0.9999999999000000E-10
      263183593.7500000         0.1000000000000000E-03      5000000.000000000          1600042867924.357         0.4999999999500000         0.4999999999500000         0.9999999999000000E-10
      264160156.2500000         0.1000000000000000E-03      5000000.000000000          1600042867924.357         0.4999999999500000         0.4999999999500000         0.9999999999000000E-10
      265136718.7500000         0.1000000000000000E-03      5000000.000000000          1600042867924.357         0.4999999999500000         0.4999999999500000         0.9999999999000000E-10
      266113281.2500000         0.1000000000000000E-03      5000000.000000000          1600042867924.357         0.4999999999500000         0.4999999999500000         0.9999999999000000E-10
      267089843.7500000         0.1000000000000000E-03      5000000.000000000          1600042867924.357         0.4999999999500000         0.4999999999500000         0.9999999999000000E-10
      268066406.2500000         0.1000000000000000E-03      5000000.000000000          1600042867924.357         0.4999999999500000         0.4999999999500000         0.9999999999000000E-10
      269042968.7500000         0.1000000000000000E-03      5000000.000000000          1600042867924.357         0.4999999999500000         0.4999999999500000         0.9999999999000000E-10
      270019531.2500000         0.1000000000000000E-03      5000000.000000000          1600042867924.357         0.4999999999500000         0.4999999999500000         0.9999999999000000E-10
      270996093.7500000         0.1000000000000000E-03      5000000.000000000          1600042867924.357         0.4999999999500000         0.4999999999500000         0.9999999999000000E-10
      271972656.2500000         0.1000000000000000E-03      5000000.000000000          1600042867924.357         0.4999999999500000         0.4999999999500000         0.9999999999000000E-10
      272949218.7500000         0.1000000000000000E-03      5000000.000000000          1600042867924.357         0.4999999999500000         0.4999999999500000         0.9999999999000000E-10
      273925781.2500000         0.1000000000000000E-03      5000000.000000000          1600042867924.357         0.4999999999500000         0.4999999999500000         0.9999999999000000E-10
      274902343.7500000         0.1000000000000000E-03      5000000.000000000          1600042867924.357         0.4999999999500000         0.4999999999500000         0.9999999999000000E-10
      275878906.2500000         0.1000000000000000E-03      5000000.000000000          1600042867924.357         0.4999999999500000         0.4999999999500000         0.9999999999000000E-10
      276855468.7500000         0.1000000000000000E-03      5000000.000000000          1600042867924.357         0.4999999999500000         0.4999999999500000         0.9999999999000000E-10
      277832031.2500000         0.1000000000000000E-03      5000000.000000000          1600042867924.357         0.4999999999500000         0.4999999999500000         0.9999999999000000E-10
      278808593.7500000         0.1000000000000000E-03      5000000.000000000          1600042867924.357         0.4999999999500000         0.4999999999500000         0.9999999999000000E-10
      279785156.2500000         0.1000000000000000E-03      5000000.000000000          1600042867924.357         0.4999999999500000         0.4999999999500000         0.9999999999000000E-10
      280761718.7500000         0.1000000000000000E-03      5000000.000000000          1600042867924.357         0.4999999999500000         0.4999999999500000         0.9999999999000000E-10
      281738281.2500000         0.1000000000000000E-03      5000000.000000000          1600042867924.357         0.4999999999500000         0.4999999999500000         0.9999999999000000E-10
      282714843.7500000         0.1000000000000000E-03      5000000.000000000          1600042867924.357         0.4999999999500000         0.4999999999500000         0.9999999999000000E-10
      283691406.2500000         0.1000000000000000E-03      5000000.000000000          1600042867924.357         0.4999999999500000         0.4999999999500000         0.9999999999000000E-10
      284667968.7500000         0.1000000000000000E-03      5000000.000000000          1600042867924.357         0.4999999999500000         0.4999999999500000         0.9999999999000000E-10
      285644531.2500000         0.1000000000000000E-03      5000000.000000000          1600042867924.357         0.4999999999500000         0.4999999999500000         0.9999999999000000E-10
      286621093.7500000         0.1000000000000000E-03      5000000.000000000          1600042867924.357         0.4999999999500000         0.4999999999500000         0.9999999999000000E-10
      287597656.2500000         0.1000000000000000E-03      5000000.000000000          1600042867924.357         0.4999999999500000         0.4999999999500000         0.9999999999000000E-10
      288574218.7500000         0.1000000000000000E-03      5000000.000000000          1600042867924.357         0.4999999999500000         0.4999999999500000         0.9999999999000000E-10
      289550781.2500000         0.1000000000000000E-03      5000000.000000000          1600042867924.357         0.4999999999500000         0.4999999999500000         0.9999999999000000E-10
      290527343.7500000         0.1000000000000000E-03      5000000.000000000          1600042867924.357         0.4999999999500000         0.4999999999500000         0.9999999999000000E-10
      291503906.2500000         0.1000000000000000E-03      5000000.000000000          1600042867924.357         0.4999999999500000         0.4999999999500000         0.9999999999000000E-10
      292480468.7500000         0.1000000000000000E-03      5000000.000000000          1600042867924.357         0.4999999999500000         0.4999999999500000         0.9999999999000000E-10
      293457031.2500000         0.1000000000000000E-03      5000000.000000000          1600042867924.357         0.4999999999500000         0.4999999999500000         0.9999999999000000E-10
      294433593.7500000         0.1000000000000000E-03      5000000.000000000          1600042867924.357         0.4999999999500000         0.4999999999500000         0.9999999999000000E-10
      295410156.2500000         0.1000000000000000E-03      5000000.000000000          1600042867924.357         0.4999999999500000         0.4999999999500000         0.9999999999000000E-10
      296386718.7500000         0.1000000000000000E-03      5000000.000000000          1600042867924.357         0.4999999999500000         0.4999999999500000         0.9999999999000000E-10
      297363281.2500000         0.1000000000000000E-03      5000000.000000000          1600042867924.357         0.4999999999500000         0.4999999999500000         0.9999999999000000E-10
      298339843.7500000         0.1000000000000000E-03      5000000.000000000          1600042867924.357         0.4999999999500000         0.4999999999500000         0.9999999999000000E-10
      299316406.2500000         0.1000000000000000E-03      5000000.000000000          1600042867924.357         0.4999999999500000         0.4999999999500000         0.9999999999000000E-10
      300292968.7500000         0.1000000000000000E-03      5000000.000000000          1600042867924.357         0.4999999999500000         0.4999999999500000         0.9999999999000000E-10
      301269531.2500000         0.1000000000000000E-03      5000000.000000000          1600042867924.357         0.4999999999500000         0.4999999999500000         0.9999999999000000E-10
      302246093.7500000         0.1000000000000000E-03      5000000.000000000          1600042867924.357         0.4999999999500000         0.4999999999500000         0.9999999999000000E-10
      303222656.2500000         0.1000000000000000E-03      5000000.000000000          1600042867924.357         0.4999999999500000         0.4999999999500000         0.9999999999000000E-10
      304199218.7500000         0.1000000000000000E-03      5000000.000000000          1600042867924.357         0.4999999999500000         0.4999999999500000         0.9999999999000000E-10
      305175781.2500000         0.1000000000000000E-03      5000000.000000000          1600042867924.357         0.4999999999500000         0.4999999999500000         0.9999999999000000E-10
      306152343.7500000         0.1000000000000000E-03      5000000.000000000          1600042867924.357         0.4999999999500000         0.4999999999500000         0.9999999999000000E-10
      307128906.2500000         0.1000000000000000E-03      5000000.000000000          1600042867924.357         0.4999999999500000         0.4999999999500000         0.9999999999000000E-10
      308105468.7500000         0.1000000000000000E-03      5000000.000000000          1600042867924.357         0.4999999999500000         0.4999999999500000         0.9999999999000000E-10
      309082031.2500000         0.1000000000000000E-03      5000000.000000000          1600042867924.357         0.4999999999500000         0.4999999999500000         0.9999999999000000E-10
      310058593.7500000         0.1000000000000000E-03      5000000.000000000          1600042867924.357         0.4999999999500000         0.4999999999500000         0.9999999999000000E-10
      311035156.2500000         0.1000000000000000E-03      5000000.000000000          1600042867924.357         0.4999999999500000         0.4999999999500000         0.9999999999000000E-10
      312011718.7500000         0.1000000000000000E-03      5000000.000000000          1600042867924.357         0.4999999999500000         0.4999999999500000         0.9999999999000000E-10
      312988281.2500000         0.1000000000000000E-03      5000000.000000000          1600042867924.357         0.4999999999500000         0.4999999999500000         0.9999999999000000E-10
      313964843.7500000         0.1000000000000000E-03      5000000.000000000          1600042867924.357         0.4999999999500000         0.4999999999500000         0.9999999999000000E-10
      314941406.2500000         0.1000000000000000E-03      5000000.000000000          1600042867924.357         0.4999999999500000         0.4999999999500000         0.9999999999000000E-10
      315917968.7500000         0.1000000000000000E-03      5000000.000000000          1600042867924.357         0.4999999999500000         0.4999999999500000         0.9999999999000000E-10
      316894531.2500000         0.1000000000000000E-03      5000000.000000000          1600042867924.357         0.4999999999500000         0.4999999999500000         0.9999999999000000E-10
      317871093.7500000         0.1000000000000000E-03      5000000.000000000          1600042867924.357         0.4999999999500000         0.4999999999500000         0.9999999999000000E-10
      318847656.2500000         0.1000000000000000E-03      5000000.000000000          1600042867924.357         0.4999999999500000         0.4999999999500000         0.9999999999000000E-10
      319824218.7500000         0.1000000000000000E-03      5000000.000000000          1600042867924.357         0.4999999999500000         0.4999999999500000         0.9999999999000000E-10
      320800781.2500000         0.1000000000000000E-03      5000000.000000000          1600042867924.357         0.4999999999500000         0.4999999999500000         0.9999999999000000E-10
      321777343.7500000         0.1000000000000000E-03      5000000.000000000          1600042867924.357         0.4999999999500000         0.4999999999500000         0.9999999999000000E-10
      322753906.2500000         0.1000000000000000E-03      5000000.000000000          1600042867924.357         0.4999999999500000         0.4999999999500000         0.9999999999000000E-10
      323730468.7500000         0.1000000000000000E-03      5000000.000000000          1600042867924.357         0.4999999999500000         0.4999999999500000         0.9999999999000000E-10
      324707031.2500000         0.1000000000000000E-03      5000000.000000000          1600042867924.357         0.4999999999500000         0.4999999999500000         0.9999999999000000E-10
      325683593.7500000         0.1000000000000000E-03      5000000.000000000          1600042867924.357         0.4999999999500000         0.4999999999500000         0.9999999999000000E-10
      326660156.2500000         0.1000000000000000E-03      5000000.000000000          1600042867924.357         0.4999999999500000         0.4999999999500000         0.9999999999000000E-10
      327636718.7500000         0.1000000000000000E-03      5000000.000000000          1600042867924.357         0.4999999999500000         0.4999999999500000         0.9999999999000000E-10
      328613281.2500000         0.1000000000000000E-03      5000000.000000000          1600042867924.357         0.4999999999500000         0.4999999999500000         0.9999999999000000E-10
      329589843.7500000         0.1000000000000000E-03      5000000.000000000          1600042867924.357         0.4999999999500000         0.4999999999500000         0.9999999999000000E-10
      330566406.2500000         0.1000000000000000E-03      5000000.000000000          1600042867924.357         0.4999999999500000         0.4999999999500000         0.9999999999000000E-10
      331542968.7500000         0.1000000000000000E-03      5000000.000000000          1600042867924.357         0.4999999999500000         0.4999999999500000         0.9999999999000000E-10
      332519531.2500000         0.1000000000000000E-03      5000000.000000000          1600042867924.357         0.4999999999500000         0.4999999999500000         0.9999999999000000E-10
      333496093.7500000         0.1000000000000000E-03      5000000.000000000          1600042867924.357         0.4999999999500000         0.4999999999500000         0.9999999999000000E-10
      334472656.2500000         0.1000000000000000E-03      5000000.000000000          1600042867924.357         0.4999999999500000         0.4999999999500000         0.9999999999000000E-10
      335449218.7500000         0.1000000000000000E-03      5000000.000000000          1600042867924.357         0.4999999999500000         0.4999999999500000         0.9999999999000000E-10
      336425781.2500000         0.1000000000000000E-03      5000000.000000000          1600042867924.357         0.4999999999500000         0.4999999999500000         0.9999999999000000E-10
      337402343.7500000         0.1000000000000000E-03      5000000.000000000          1600042867924.357         0.4999999999500000         0.4999999999500000         0.9999999999000000E-10
      338378906.2500000         0.1000000000000000E-03      5000000.000000000          1600042867924.357         0.4999999999500000         0.4999999999500000         0.9999999999000000E-10
      339355468.7500000         0.1000000000000000E-03      5000000.000000000          1600042867924.357         0.4999999999500000         0.4999999999500000         0.9999999999000000E-10
      340332031.2500000         0.1000000000000000E-03      5000000.000000000          1600042867924.357         0.4999999999500000         0.4999999999500000         0.9999999999000000E-10
      341308593.7500000         0.1000000000000000E-03      5000000.000000000          1600042867924.357         0.4999999999500000         0.4999999999500000         0.9999999999000000E-10
      342285156.2500000         0.1000000000000000E-03      5000000.000000000          1600042867924.357         0.4999999999500000         0.4999999999500000         0.9999999999000000E-10
      343261718.7500000         0.1000000000000000E-03      5000000.000000000          1600042867924.357         0.4999999999500000         0.4999999999500000         0.9999999999000000E-10
      344238281.2500000         0.1000000000000000E-03      5000000.000000000          1600042867924.357         0.4999999999500000         0.4999999999500000         0.9999999999000000E-10
      345214843.7500000         0.1000000000000000E-03      5000000.000000000          1600042867924.357         0.4999999999500000         0.4999999999500000         0.9999999999000000E-10
      346191406.2500000         0.1000000000000000E-03      5000000.000000000          1600042867924.357         0.4999999999500000         0.4999999999500000         0.9999999999000000E-10
      347167968.7500000         0.1000000000000000E-03      5000000.000000000          1600042867924.357         0.4999999999500000         0.4999999999500000         0.9999999999000000E-10
      348144531.2500000         0.1000000000000000E-03      5000000.000000000          1600042867924.357         0.4999999999500000         0.4999999999500000         0.9999999999000000E-10
      349121093.7500000         0.1000000000000000E-03      5000000.000000000          1600042867924.357         0.4999999999500000         0.4999999999500000         0.9999999999000000E-10
      350097656.2500000         0.1000000000000000E-03      5000000.000000000          1600042867924.357         0.4999999999500000         0.4999999999500000         0.9999999999000000E-10
      351074218.7500000         0.1000000000000000E-03      5000000.000000000          1600042867924.357         0.4999999999500000         0.4999999999500000         0.9999999999000000E-10
      352050781.2500000         0.1000000000000000E-03      5000000.000000000          1600042867924.357         0.4999999999500000         0.4999999999500000         0.9999999999000000E-10
      353027343.7500000         0.1000000000000000E-03      5000000.000000000          1600042867924.357         0.4999999999500000         0.4999999999500000         0.9999999999000000E-10
      354003906.2500000         0.1000000000000000E-03      5000000.000000000          1600042867924.357         0.4999999999500000         0.4999999999500000         0.9999999999000000E-10
      354980468.7500000         0.1000000000000000E-03      5000000.000000000          1600042867924.357         0.4999999999500000         0.4999999999500000         0.9999999999000000E-10
      355957031.2500000         0.1000000000000000E-03      5000000.000000000          1600042867924.357         0.4999999999500000         0.4999999999500000         0.9999999999000000E-10
      356933593.7500000         0.1000000000000000E-03      5000000.000000000          1600042867924.357         0.4999999999500000         0.4999999999500000         0.9999999999000000E-10
      357910156.2500000         0.1000000000000000E-03      5000000.000000000          1600042867924.357         0.4999999999500000         0.4999999999500000         0.9999999999000000E-10
      358886718.7500000         0.1000000000000000E-03      5000000.000000000          1600042867924.357         0.4999999999500000         0.4999999999500000         0.9999999999000000E-10
      359863281.2500000         0.1000000000000000E-03      5000000.000000000          1600042867924.357         0.4999999999500000         0.4999999999500000         0.9999999999000000E-10
      360839843.7500000         0.1000000000000000E-03      5000000.000000000          1600042867924.357         0.4999999999500000         0.4999999999500000         0.9999999999000000E-10
      361816406.2500000         0.1000000000000000E-03      5000000.000000000          1600042867924.357         0.4999999999500000         0.4999999999500000         0.9999999999000000E-10
      362792968.7500000         0.1000000000000000E-03      5000000.000000000          1600042867924.357         0.4999999999500000         0.4999999999500000         0.9999999999000000E-10
      363769531.2500000         0.1000000000000000E-03      5000000.000000000          1600042867924.357         0.4999999999500000         0.4999999999500000         0.9999999999000000E-10
      364746093.7500000         0.1000000000000000E-03      5000000.000000000          1600042867924.357         0.4999999999500000         0.4999999999500000         0.9999999999000000E-10
      365722656.2500000         0.1000000000000000E-03      5000000.000000000          1600042867924.357         0.4999999999500000         0.4999999999500000         0.9999999999000000E-10
      366699218.7500000         0.1000000000000000E-03      5000000.000000000          1600042867924.357         0.4999999999500000         0.4999999999500000         0.9999999999000000E-10
      367675781.2500000         0.1000000000000000E-03      5000000.000000000          1600042867924.357         0.4999999999500000         0.4999999999500000         0.9999999999000000E-10
      368652343.7500000         0.1000000000000000E-03      5000000.000000000          1600042867924.357         0.4999999999500000         0.4999999999500000         0.9999999999000000E-10
      369628906.2500000         0.1000000000000000E-03      5000000.000000000          1600042867924.357         0.4999999999500000         0.4999999999500000         0.9999999999000000E-10
      370605468.7500000         0.1000000000000000E-03      5000000.000000000          1600042867924.357         0.4999999999500000         0.4999999999500000         0.9999999999000000E-10
      371582031.2500000         0.1000000000000000E-03      5000000.000000000          1600042867924.357         0.4999999999500000         0.4999999999500000         0.9999999999000000E-10
      372558593.7500000         0.1000000000000000E-03      5000000.000000000          1600042867924.357         0.4999999999500000         0.4999999999500000         0.9999999999000000E-10
      373535156.2500000         0.1000000000000000E-03      5000000.000000000          1600042867924.357         0.4999999999500000         0.4999999999500000         0.9999999999000000E-10
      374511718.7500000         0.1000000000000000E-03      5000000.000000000          1600042867924.357         0.4999999999500000         0.4999999999500000         0.9999999999000000E-10
      375488281.2500000         0.1000000000000000E-03      5000000.000000000          1600042867924.357         0.4999999999500000         0.4999999999500000         0.9999999999000000E-10
      376464843.7500000         0.1000000000000000E-03      5000000.000000000          1600042867924.357         0.4999999999500000         0.4999999999500000         0.9999999999000000E-10
      377441406.2500000         0.1000000000000000E-03      5000000.000000000          1600042867924.357         0.4999999999500000         0.4999999999500000         0.9999999999000000E-10
      378417968.7500000         0.1000000000000000E-03      5000000.000000000          1600042867924.357         0.4999999999500000         0.4999999999500000         0.9999999999000000E-10
      379394531.2500000         0.1000000000000000E-03      5000000.000000000          1600042867924.357         0.4999999999500000         0.4999999999500000         0.9999999999000000E-10
      380371093.7500000         0.1000000000000000E-03      5000000.000000000          1600042867924.357         0.4999999999500000         0.4999999999500000         0.9999999999000000E-10
      381347656.2500000         0.1000000000000000E-03      5000000.000000000          1600042867924.357         0.4999999999500000         0.4999999999500000         0.9999999999000000E-10
      382324218.7500000         0.1000000000000000E-03      5000000.000000000          1600042867924.357         0.4999999999500000         0.4999999999500000         0.9999999999000000E-10
      383300781.2500000         0.1000000000000000E-03      5000000.000000000          1600042867924.357         0.4999999999500000         0.4999999999500000         0.9999999999000000E-10
      384277343.7500000         0.1000000000000000E-03      5000000.000000000          1600042867924.357         0.4999999999500000         0.4999999999500000         0.9999999999000000E-10
      385253906.2500000         0.1000000000000000E-03      5000000.000000000          1600042867924.357         0.4999999999500000         0.4999999999500000         0.9999999999000000E-10
      386230468.7500000         0.1000000000000000E-03      5000000.000000000          1600042867924.357         0.4999999999500000         0.4999999999500000         0.9999999999000000E-10
      387207031.2500000         0.1000000000000000E-03      5000000.000000000          1600042867924.357         0.4999999999500000         0.4999999999500000         0.9999999999000000E-10
      388183593.7500000         0.1000000000000000E-03      5000000.000000000          1600042867924.357         0.4999999999500000         0.4999999999500000         0.9999999999000000E-10
      389160156.2500000         0.1000000000000000E-03      5000000.000000000          1600042867924.357         0.4999999999500000         0.4999999999500000         0.9999999999000000E-10
      390136718.7500000         0.1000000000000000E-03      5000000.000000000          1600042867924.357         0.4999999999500000         0.4999999999500000         0.9999999999000000E-10
      391113281.2500000         0.1000000000000000E-03      5000000.000000000          1600042867924.357         0.4999999999500000         0.4999999999500000         0.9999999999000000E-10
      392089843.7500000         0.1000000000000000E-03      5000000.000000000          1600042867924.357         0.4999999999500000         0.4999999999500000         0.9999999999000000E-10
      393066406.2500000         0.1000000000000000E-03      5000000.000000000          1600042867924.357         0.4999999999500000         0.4999999999500000         0.9999999999000000E-10
      394042968.7500000         0.1000000000000000E-03      5000000.000000000          1600042867924.357         0.4999999999500000         0.4999999999500000         0.9999999999000000E-10
      395019531.2500000         0.1000000000000000E-03      5000000.000000000          1600042867924.357         0.4999999999500000         0.4999999999500000         0.9999999999000000E-10
      395996093.7500000         0.1000000000000000E-03      5000000.000000000          1600042867924.357         0.4999999999500000         0.4999999999500000         0.9999999999000000E-10
      396972656.2500000         0.1000000000000000E-03      5000000.000000000          1600042867924.357         0.4999999999500000         0.4999999999500000         0.9999999999000000E-10
      397949218.7500000         0.1000000000000000E-03      5000000.000000000          1600042867924.357         0.4999999999500000         0.4999999999500000         0.9999999999000000E-10
      398925781.2500000         0.1000000000000000E-03      5000000.000000000          1600042867924.357         0.4999999999500000         0.4999999999500000         0.9999999999000000E-10
      399902343.7500000         0.1000000000000000E-03      5000000.000000000          1600042867924.357         0.4999999999500000         0.4999999999500000         0.9999999999000000E-10
      400878906.2500000         0.1000000000000000E-03      5000000.000000000          1600042867924.357         0.4999999999500000         0.4999999999500000         0.9999999999000000E-10
      401855468.7500000         0.1000000000000000E-03      5000000.000000000          1600042867924.357         0.4999999999500000         0.4999999999500000         0.9999999999000000E-10
      402832031.2500000         0.1000000000000000E-03      5000000.000000000          1600042867924.357         0.4999999999500000         0.4999999999500000         0.9999999999000000E-10
      403808593.7500000         0.1000000000000000E-03      5000000.000000000          1600042867924.357         0.4999999999500000         0.4999999999500000         0.9999999999000000E-10
      404785156.2500000         0.1000000000000000E-03      5000000.000000000          1600042867924.357         0.4999999999500000         0.4999999999500000         0.9999999999000000E-10
      405761718.7500000         0.1000000000000000E-03      5000000.000000000          1600042867924.357         0.4999999999500000         0.4999999999500000         0.9999999999000000E-10
      406738281.2500000         0.1000000000000000E-03      5000000.000000000          1600042867924.357         0.4999999999500000         0.4999999999500000         0.9999999999000000E-10
      407714843.7500000         0.1000000000000000E-03      5000000.000000000          1600042867924.357         0.4999999999500000         0.4999999999500000         0.9999999999000000E-10
      408691406.2500000         0.1000000000000000E-03      5000000.000000000          1600042867924.357         0.4999999999500000         0.4999999999500000         0.9999999999000000E-10
      409667968.7500000         0.1000000000000000E-03      5000000.000000000          1600042867924.357         0.4999999999500000         0.4999999999500000         0.9999999999000000E-10
      410644531.2500000         0.1000000000000000E-03      5000000.000000000          1600042867924.357         0.4999999999500000         0.4999999999500000         0.9999999999000000E-10
      411621093.7500000         0.1000000000000000E-03      5000000.000000000          1600042867924.357         0.4999999999500000         0.4999999999500000         0.9999999999000000E-10
      412597656.2500000         0.1000000000000000E-03      5000000.000000000          1600042867924.357         0.4999999999500000         0.4999999999500000         0.9999999999000000E-10
      413574218.7500000         0.1000000000000000E-03      5000000.000000000          1600042867924.357         0.4999999999500000         0.4999999999500000         0.9999999999000000E-10
      414550781.2500000         0.1000000000000000E-03      5000000.000000000          1600042867924.357         0.4999999999500000         0.4999999999500000         0.9999999999000000E-10
      415527343.7500000         0.1000000000000000E-03      5000000.000000000          1600042867924.357         0.4999999999500000         0.4999999999500000         0.9999999999000000E-10
      416503906.2500000         0.1000000000000000E-03      5000000.000000000          1600042867924.357         0.4999999999500000         0.4999999999500000         0.9999999999000000E-10
      417480468.7500000         0.1000000000000000E-03      5000000.000000000          1600042867924.357         0.4999999999500000         0.4999999999500000         0.9999999999000000E-10
      418457031.2500000         0.1000000000000000E-03      5000000.000000000          1600042867924.357         0.4999999999500000         0.4999999999500000         0.9999999999000000E-10
      419433593.7500000         0.1000000000000000E-03      5000000.000000000          1600042867924.357         0.4999999999500000         0.4999999999500000         0.9999999999000000E-10
      420410156.2500000         0.1000000000000000E-03      5000000.000000000          1600042867924.357         0.4999999999500000         0.4999999999500000         0.9999999999000000E-10
      421386718.7500000         0.1000000000000000E-03      5000000.000000000          1600042867924.357         0.4999999999500000         0.4999999999500000         0.9999999999000000E-10
      422363281.2500000         0.1000000000000000E-03      5000000.000000000          1600042867924.357         0.4999999999500000         0.4999999999500000         0.9999999999000000E-10
      423339843.7500000         0.1000000000000000E-03      5000000.000000000          1600042867924.357         0.4999999999500000         0.4999999999500000         0.9999999999000000E-10
      424316406.2500000         0.1000000000000000E-03      5000000.000000000          1600042867924.357         0.4999999999500000         0.4999999999500000         0.9999999999000000E-10
      425292968.7500000         0.1000000000000000E-03      5000000.000000000          1600042867924.357         0.4999999999500000         0.4999999999500000         0.9999999999000000E-10
      426269531.2500000         0.1000000000000000E-03      5000000.000000000          1600042867924.357         0.4999999999500000         0.4999999999500000         0.9999999999000000E-10
      427246093.7500000         0.1000000000000000E-03      5000000.000000000          1600042867924.357         0.4999999999500000         0.4999999999500000         0.9999999999000000E-10
      428222656.2500000         0.1000000000000000E-03      5000000.000000000          1600042867924.357         0.4999999999500000         0.4999999999500000         0.9999999999000000E-10
      429199218.7500000         0.1000000000000000E-03      5000000.000000000          1600042867924.357         0.4999999999500000         0.4999999999500000         0.9999999999000000E-10
      430175781.2500000         0.1000000000000000E-03      5000000.000000000          1600042867924.357         0.4999999999500000         0.4999999999500000         0.9999999999000000E-10
      431152343.7500000         0.1000000000000000E-03      5000000.000000000          1600042867924.357         0.4999999999500000         0.4999999999500000         0.9999999999000000E-10
      432128906.2500000         0.1000000000000000E-03      5000000.000000000          1600042867924.357         0.4999999999500000         0.4999999999500000         0.9999999999000000E-10
      433105468.7500000         0.1000000000000000E-03      5000000.000000000          1600042867924.357         0.4999999999500000         0.4999999999500000         0.9999999999000000E-10
      434082031.2500000         0.1000000000000000E-03      5000000.000000000          1600042867924.357         0.4999999999500000         0.4999999999500000         0.9999999999000000E-10
      435058593.7500000         0.1000000000000000E-03      5000000.000000000          1600042867924.357         0.4999999999500000         0.4999999999500000         0.9999999999000000E-10
      436035156.2500000         0.1000000000000000E-03      5000000.000000000          1600042867924.357         0.4999999999500000         0.4999999999500000         0.9999999999000000E-10
      437011718.7500000         0.1000000000000000E-03      5000000.000000000          1600042867924.357         0.4999999999500000         0.4999999999500000         0.9999999999000000E-10
      437988281.2500000         0.1000000000000000E-03      5000000.000000000          1600042867924.357         0.4999999999500000         0.4999999999500000         0.9999999999000000E-10
      438964843.7500000         0.1000000000000000E-03      5000000.000000000          1600042867924.357         0.4999999999500000         0.4999999999500000         0.9999999999000000E-10
      439941406.2500000         0.1000000000000000E-03      5000000.000000000          1600042867924.357         0.4999999999500000         0.4999999999500000         0.9999999999000000E-10
      440917968.7500000         0.1000000000000000E-03      5000000.000000000          1600042867924.357         0.4999999999500000         0.4999999999500000         0.9999999999000000E-10
      441894531.2500000         0.1000000000000000E-03      5000000.000000000          1600042867924.357         0.4999999999500000         0.4999999999500000         0.9999999999000000E-10
      442871093.7500000         0.1000000000000000E-03      5000000.000000000          1600042867924.357         0.4999999999500000         0.4999999999500000         0.9999999999000000E-10
      443847656.2500000         0.1000000000000000E-03      5000000.000000000          1600042867924.357         0.4999999999500000         0.4999999999500000         0.9999999999000000E-10
      444824218.7500000         0.1000000000000000E-03      5000000.000000000          1600042867924.357         0.4999999999500000         0.4999999999500000         0.9999999999000000E-10
      445800781.2500000         0.1000000000000000E-03      5000000.000000000          1600042867924.357         0.4999999999500000         0.4999999999500000         0.9999999999000000E-10
      446777343.7500000         0.1000000000000000E-03      5000000.000000000          1600042867924.357         0.4999999999500000         0.4999999999500000         0.9999999999000000E-10
      447753906.2500000         0.1000000000000000E-03      5000000.000000000          1600042867924.357         0.4999999999500000         0.4999999999500000         0.9999999999000000E-10
      448730468.7500000         0.1000000000000000E-03      5000000.000000000          1600042867924.357         0.4999999999500000         0.4999999999500000         0.9999999999000000E-10
      449707031.2500000         0.1000000000000000E-03      5000000.000000000          1600042867924.357         0.4999999999500000         0.4999999999500000         0.9999999999000000E-10
      450683593.7500000         0.1000000000000000E-03      5000000.000000000          1600042867924.357         0.4999999999500000         0.4999999999500000         0.9999999999000000E-10
      451660156.2500000         0.1000000000000000E-03      5000000.000000000          1600042867924.357         0.4999999999500000         0.4999999999500000         0.9999999999000000E-10
      452636718.7500000         0.1000000000000000E-03      5000000.000000000          1600042867924.357         0.4999999999500000         0.4999999999500000         0.9999999999000000E-10
      453613281.2500000         0.1000000000000000E-03      5000000.000000000          1600042867924.357         0.4999999999500000         0.4999999999500000         0.9999999999000000E-10
      454589843.7500000         0.1000000000000000E-03      5000000.000000000          1600042867924.357         0.4999999999500000         0.4999999999500000         0.9999999999000000E-10
      455566406.2500000         0.1000000000000000E-03      5000000.000000000          1600042867924.357         0.4999999999500000         0.4999999999500000         0.9999999999000000E-10
      456542968.7500000         0.1000000000000000E-03      5000000.000000000          1600042867924.357         0.4999999999500000         0.4999999999500000         0.9999999999000000E-10
      457519531.2500000         0.1000000000000000E-03      5000000.000000000          1600042867924.357         0.4999999999500000         0.4999999999500000         0.9999999999000000E-10
      458496093.7500000         0.1000000000000000E-03      5000000.000000000          1600042867924.357         0.4999999999500000         0.4999999999500000         0.9999999999000000E-10
      459472656.2500000         0.1000000000000000E-03      5000000.000000000          1600042867924.357         0.4999999999500000         0.4999999999500000         0.9999999999000000E-10
      460449218.7500000         0.1000000000000000E-03      5000000.000000000          1600042867924.357         0.4999999999500000         0.4999999999500000         0.9999999999000000E-10
      461425781.2500000         0.1000000000000000E-03      5000000.000000000          1600042867924.357         0.4999999999500000         0.4999999999500000         0.9999999999000000E-10
      462402343.7500000         0.1000000000000000E-03      5000000.000000000          1600042867924.357         0.4999999999500000         0.4999999999500000         0.9999999999000000E-10
      463378906.2500000         0.1000000000000000E-03      5000000.000000000          1600042867924.357         0.4999999999500000         0.4999999999500000         0.9999999999000000E-10
      464355468.7500000         0.1000000000000000E-03      5000000.000000000          1600042867924.357         0.4999999999500000         0.4999999999500000         0.9999999999000000E-10
      465332031.2500000         0.1000000000000000E-03      5000000.000000000          1600042867924.357         0.4999999999500000         0.4999999999500000         0.9999999999000000E-10
      466308593.7500000         0.1000000000000000E-03      5000000.000000000          1600042867924.357         0.4999999999500000         0.4999999999500000         0.9999999999000000E-10
      467285156.2500000         0.1000000000000000E-03      5000000.000000000          1600042867924.357         0.4999999999500000         0.4999999999500000         0.9999999999000000E-10
      468261718.7500000         0.1000000000000000E-03      5000000.000000000          1600042867924.357         0.4999999999500000         0.4999999999500000         0.9999999999000000E-10
      469238281.2500000         0.1000000000000000E-03      5000000.000000000          1600042867924.357         0.4999999999500000         0.4999999999500000         0.9999999999000000E-10
      470214843.7500000         0.1000000000000000E-03      5000000.000000000          1600042867924.357         0.4999999999500000         0.4999999999500000         0.9999999999000000E-10
      471191406.2500000         0.1000000000000000E-03      5000000.000000000          1600042867924.357         0.4999999999500000         0.4999999999500000         0.9999999999000000E-10
      472167968.7500000         0.1000000000000000E-03      5000000.000000000          1600042867924.357         0.4999999999500000         0.4999999999500000         0.9999999999000000E-10
      473144531.2500000         0.1000000000000000E-03      5000000.000000000          1600042867924.357         0.4999999999500000         0.4999999999500000         0.9999999999000000E-10
      474121093.7500000         0.1000000000000000E-03      5000000.000000000          1600042867924.357         0.4999999999500000         0.4999999999500000         0.9999999999000000E-10
      475097656.2500000         0.1000000000000000E-03      5000000.000000000          1600042867924.357         0.4999999999500000         0.4999999999500000         0.9999999999000000E-10
      476074218.7500000         0.1000000000000000E-03      5000000.000000000          1600042867924.357         0.4999999999500000         0.4999999999500000         0.9999999999000000E-10
      477050781.2500000         0.1000000000000000E-03      5000000.000000000          1600042867924.357         0.4999999999500000         0.4999999999500000         0.9999999999000000E-10
      478027343.7500000         0.1000000000000000E-03      5000000.000000000          1600042867924.357         0.4999999999500000         0.4999999999500000         0.9999999999000000E-10
      479003906.2500000         0.1000000000000000E-03      5000000.000000000          1600042867924.357         0.4999999999500000         0.4999999999500000         0.9999999999000000E-10
      479980468.7500000         0.1000000000000000E-03      5000000.000000000          1600042867924.357         0.4999999999500000         0.4999999999500000         0.9999999999000000E-10
      480957031.2500000         0.1000000000000000E-03      5000000.000000000          1600042867924.357         0.4999999999500000         0.4999999999500000         0.9999999999000000E-10
      481933593.7500000         0.1000000000000000E-03      5000000.000000000          1600042867924.357         0.4999999999500000         0.4999999999500000         0.9999999999000000E-10
      482910156.2500000         0.1000000000000000E-03      5000000.000000000          1600042867924.357         0.4999999999500000         0.4999999999500000         0.9999999999000000E-10
      483886718.7500000         0.1000000000000000E-03      5000000.000000000          1600042867924.357         0.4999999999500000         0.4999999999500000         0.9999999999000000E-10
      484863281.2500000         0.1000000000000000E-03      5000000.000000000          1600042867924.357         0.4999999999500000         0.4999999999500000         0.9999999999000000E-10
      485839843.7500000         0.1000000000000000E-03      5000000.000000000          1600042867924.357         0.4999999999500000         0.4999999999500000         0.9999999999000000E-10
      486816406.2500000         0.1000000000000000E-03      5000000.000000000          1600042867924.357         0.4999999999500000         0.4999999999500000         0.9999999999000000E-10
      487792968.7500000         0.1000000000000000E-03      5000000.000000000          1600042867924.357         0.4999999999500000         0.4999999999500000         0.9999999999000000E-10
      488769531.2500000         0.1000000000000000E-03      5000000.000000000          1600042867924.357         0.4999999999500000         0.4999999999500000         0.9999999999000000E-10
      489746093.7500000         0.1000000000000000E-03      5000000.000000000          1600042867924.357         0.4999999999500000         0.4999999999500000         0.9999999999000000E-10
      490722656.2500000         0.1000000000000000E-03      5000000.000000000          1600042867924.357         0.4999999999500000         0.4999999999500000         0.9999999999000000E-10
      491699218.7500000         0.1000000000000000E-03      5000000.000000000          1600042867924.357         0.4999999999500000         0.4999999999500000         0.9999999999000000E-10
      492675781.2500000         0.1000000000000000E-03      5000000.000000000          1600042867924.357         0.4999999999500000         0.4999999999500000         0.9999999999000000E-10
      493652343.7500000         0.1000000000000000E-03      5000000.000000000          1600042867924.357         0.4999999999500000         0.4999999999500000         0.9999999999000000E-10
      494628906.2500000         0.1000000000000000E-03      5000000.000000000          1600042867924.357         0.4999999999500000         0.4999999999500000         0.9999999999000000E-10
      495605468.7500000         0.1000000000000000E-03      5000000.000000000          1600042867924.357         0.4999999999500000         0.4999999999500000         0.9999999999000000E-10
      496582031.2500000         0.1000000000000000E-03      5000000.000000000          1600042867924.357         0.4999999999500000         0.4999999999500000         0.9999999999000000E-10
      497558593.7500000         0.1000000000000000E-03      5000000.000000000          1600042867924.357         0.4999999999500000         0.4999999999500000         0.9999999999000000E-10
      498535156.2500000         0.1000000000000000E-03      5000000.000000000          1600042867924.357         0.4999999999500000         0.4999999999500000         0.9999999999000000E-10
      499511718.7500000         0.1000000000000000E-03      5000000.000000000          1600042867924.357         0.4999999999500000         0.4999999999500000         0.9999999999000000E-10
