# npts =   128
# num of variables =     6
# density
# temperature
# pressure
# carbon-12       
# oxygen-16       
# magnesium-24    
      1953125.000000000          2674000000.000000          599900000.0000000         0.1800990885791854E+28     0.4974201554646994         0.4983201919341772         0.4259652601123398E-02
      5859375.000000000          2640362108.416668          595466424.0506330         0.1770687844169061E+28     0.4974206578799217         0.4983206952584741         0.4258646861604163E-02
      9765625.000000000          2574654172.331933          586613837.4485596         0.1711869351649845E+28     0.4974216577389780         0.4983216969266842         0.4256645334337857E-02
      13671875.00000000          2479899082.678710          573965159.5744681         0.1627947158027166E+28     0.4974236545254783         0.4983236973261879         0.4252648148333854E-02
      17578125.00000000          2360286299.735513          557708750.0000000         0.1523552560365392E+28     0.4974259043866445         0.4983259512582729         0.4248144355082561E-02
      21484375.00000000          2220816151.374651          537842361.1111112         0.1404056523819891E+28     0.4974287117867490         0.4983287637381122         0.4242524475138728E-02
      25390625.00000000          2066845720.589510          514916250.0000000         0.1275061649885575E+28     0.4974313787486080         0.4983314355255958         0.4237185725796186E-02
      29296875.00000000          1903745714.877542          490210032.8947368         0.1141941201671067E+28     0.4974339926427760         0.4983340541493673         0.4231953207856623E-02
      33203125.00000000          1736598968.783390          464419770.4081632         0.1009473892227858E+28     0.4974365426274597         0.4983366087480161         0.4226848624524110E-02
      37109375.00000000          1569891547.809717          437801091.2698413         0.8816040619199626E+27     0.4974892579237150         0.4982892406500244         0.4221501426260492E-02
      41015625.00000000          1407412183.820936          410692905.4054054         0.7613304555864776E+27     0.4974916022619199         0.4982915887580194         0.4216808980060706E-02
      44921875.00000000          1252127494.114466          383493064.0243902         0.6507050472167896E+27     0.4974941090592567         0.4982940995863872         0.4211791354356078E-02
      48828125.00000000          1106215488.155760          356745224.7191011         0.5509160845195790E+27     0.4974964126630690         0.4982964068944871         0.4207180442443919E-02
      52734375.00000000          971108737.7819546          330703561.8279570         0.4624217016331979E+27     0.4974985724565996         0.4982985701610524         0.4202857382347949E-02
      56640625.00000000          847607277.2714753          305646093.7500000         0.3851061668294121E+27     0.4975006385789935         0.4983006396058542         0.4198721815152324E-02
      60546875.00000000          735958474.3392622          281896045.9183673         0.3184368314162310E+27     0.4975031423288399         0.4983031473818311         0.4193710289329059E-02
      64453125.00000000          636013450.3742595          259460416.6666667         0.2616061475119652E+27     0.4975051129580393         0.4983051211798814         0.4189765862079325E-02
      68359375.00000000          547299738.1412477          238451704.5454545         0.2136502316473281E+27     0.4975070809202889         0.4983070923066934         0.4185826773017676E-02
      72265625.00000000          469135738.7610012          218903221.6494845         0.1735424653579479E+27     0.4975090722702689         0.4983090868588442         0.4181840870887034E-02
      76171875.00000000          400714944.7099435          200900131.5789474         0.1402611603981029E+27     0.4975110999308734         0.4983111177800085         0.4177782289118196E-02
      80078125.00000000          341158236.1049850          184378223.6842105         0.1128356343751791E+27     0.4975126555730963         0.4983126759237667         0.4174668503137057E-02
      83984375.00000000          289570883.5352794          169324135.6382979         0.9037460140405380E+26     0.4975142197900025         0.4983142426559966         0.4171537554000923E-02
      87890625.00000000          245081104.5892977          155564583.3333333         0.7208044123769044E+26     0.4975152736282075         0.4983152981888157         0.4169428182976832E-02
      91796875.00000000          206856523.2442091          143028221.6494845         0.5725376123242518E+26     0.4975159105588196         0.4983159361436378         0.4168153297542455E-02
      95703125.00000000          174115194.4788133          132867487.3737374         0.4529166509752153E+26     0.4999999999500000         0.4999999999500000         0.9999999999000000E-10
      99609375.00000000          146143831.1852291          130065473.3009709         0.3568160887770572E+26     0.4999999999500000         0.4999999999500000         0.9999999999000000E-10
      103515625.0000000          122333792.3353100          127379062.5000000         0.2799168248512316E+26     0.4999999999500000         0.4999999999500000         0.9999999999000000E-10
      107421875.0000000          102113823.6048975          124803906.2500000         0.2186105467637527E+26     0.4999999999500000         0.4999999999500000         0.9999999999000000E-10
      111328125.0000000          84979968.97867320          122366927.0833333         0.1699131970095132E+26     0.4999999999500000         0.4999999999500000         0.9999999999000000E-10
      115234375.0000000          70491110.46557689          120032692.3076923         0.1313729868667656E+26     0.4999999999500000         0.4999999999500000         0.9999999999000000E-10
      119140625.0000000          58263529.91903614          117781026.7857143         0.1009864788963839E+26     0.4999999999500000         0.4999999999500000         0.9999999999000000E-10
      123046875.0000000          47964946.78823478          115566544.1176471         0.7712425831214018E+25     0.4999999999500000         0.4999999999500000         0.9999999999000000E-10
      126953125.0000000          39308512.26415060          113467057.2916667         0.5846653763157942E+25     0.4999999999500000         0.4999999999500000         0.9999999999000000E-10
      130859375.0000000          32047960.15625760          111466354.1666667         0.4394809987968409E+25     0.4999999999500000         0.4999999999500000         0.9999999999000000E-10
      134765625.0000000          25972801.13043511          109231985.2941176         0.3271170908500344E+25     0.4999999999500000         0.4999999999500000         0.9999999999000000E-10
      138671875.0000000          20902510.01311626          106856490.3846154         0.2406941105063392E+25     0.4999999999500000         0.4999999999500000         0.9999999999000000E-10
      142578125.0000000          16683379.73886282          104283789.0625000         0.1747053926526181E+25     0.4999999999500000         0.4999999999500000         0.9999999999000000E-10
      146484375.0000000          13184528.57114548          101515534.2741936         0.1247529333356141E+25     0.4999999999500000         0.4999999999500000         0.9999999999000000E-10
      150390625.0000000          10294938.77446339          98277127.01612903         0.8733147383720594E+24     0.4999999999500000         0.4999999999500000         0.9999999999000000E-10
      154296875.0000000          7920209.694692127          94471784.27419356         0.5965303871469821E+24     0.4999999999500000         0.4999999999500000         0.9999999999000000E-10
      158203125.0000000          5980240.009833484          90225312.50000000         0.3950513153711695E+24     0.4999999999500000         0.4999999999500000         0.9999999999000000E-10
      162109375.0000000          4406913.173046025          86750000.00000000         0.2513623223354728E+24     0.4999999999500000         0.4999999999500000         0.9999999999000000E-10
      166015625.0000000          3142605.757758547          86750000.00000000         0.1516333641465111E+24     0.4999999999500000         0.4999999999500000         0.9999999999000000E-10
      169921875.0000000          2141717.895994371          86750000.00000000         0.8493282175827248E+23     0.4999999999500000         0.4999999999500000         0.9999999999000000E-10
      173828125.0000000          1364323.452240145          86750000.00000000         0.4262012152847833E+23     0.4999999999500000         0.4999999999500000         0.9999999999000000E-10
      177734375.0000000          777833.8605437751          86750000.00000000         0.1788542711666152E+23     0.4999999999500000         0.4999999999500000         0.9999999999000000E-10
      181640625.0000000          357011.1290570623          86750000.00000000         0.5339799168990500E+22     0.4999999999500000         0.4999999999500000         0.9999999999000000E-10
      185546875.0000000          86496.98346626743          86750000.00000000         0.6422746739714045E+21     0.4999999999500000         0.4999999999500000         0.9999999999000000E-10
      189453125.0000000         0.1000000000000000E-03      10000000.00000000          25267344097618.05         0.4999999999500000         0.4999999999500000         0.9999999999000000E-10
      193359375.0000000         0.1000000000000000E-03      10000000.00000000          25267344097618.05         0.4999999999500000         0.4999999999500000         0.9999999999000000E-10
      197265625.0000000         0.1000000000000000E-03      10000000.00000000          25267344097618.05         0.4999999999500000         0.4999999999500000         0.9999999999000000E-10
      201171875.0000000         0.1000000000000000E-03      10000000.00000000          25267344097618.05         0.4999999999500000         0.4999999999500000         0.9999999999000000E-10
      205078125.0000000         0.1000000000000000E-03      10000000.00000000          25267344097618.05         0.4999999999500000         0.4999999999500000         0.9999999999000000E-10
      208984375.0000000         0.1000000000000000E-03      10000000.00000000          25267344097618.05         0.4999999999500000         0.4999999999500000         0.9999999999000000E-10
      212890625.0000000         0.1000000000000000E-03      10000000.00000000          25267344097618.05         0.4999999999500000         0.4999999999500000         0.9999999999000000E-10
      216796875.0000000         0.1000000000000000E-03      10000000.00000000          25267344097618.05         0.4999999999500000         0.4999999999500000         0.9999999999000000E-10
      220703125.0000000         0.1000000000000000E-03      10000000.00000000          25267344097618.05         0.4999999999500000         0.4999999999500000         0.9999999999000000E-10
      224609375.0000000         0.1000000000000000E-03      10000000.00000000          25267344097618.05         0.4999999999500000         0.4999999999500000         0.9999999999000000E-10
      228515625.0000000         0.1000000000000000E-03      10000000.00000000          25267344097618.05         0.4999999999500000         0.4999999999500000         0.9999999999000000E-10
      232421875.0000000         0.1000000000000000E-03      10000000.00000000          25267344097618.05         0.4999999999500000         0.4999999999500000         0.9999999999000000E-10
      236328125.0000000         0.1000000000000000E-03      10000000.00000000          25267344097618.05         0.4999999999500000         0.4999999999500000         0.9999999999000000E-10
      240234375.0000000         0.1000000000000000E-03      10000000.00000000          25267344097618.05         0.4999999999500000         0.4999999999500000         0.9999999999000000E-10
      244140625.0000000         0.1000000000000000E-03      10000000.00000000          25267344097618.05         0.4999999999500000         0.4999999999500000         0.9999999999000000E-10
      248046875.0000000         0.1000000000000000E-03      10000000.00000000          25267344097618.05         0.4999999999500000         0.4999999999500000         0.9999999999000000E-10
      251953125.0000000         0.1000000000000000E-03      10000000.00000000          25267344097618.05         0.4999999999500000         0.4999999999500000         0.9999999999000000E-10
      255859375.0000000         0.1000000000000000E-03      10000000.00000000          25267344097618.05         0.4999999999500000         0.4999999999500000         0.9999999999000000E-10
      259765625.0000000         0.1000000000000000E-03      10000000.00000000          25267344097618.05         0.4999999999500000         0.4999999999500000         0.9999999999000000E-10
      263671875.0000000         0.1000000000000000E-03      10000000.00000000          25267344097618.05         0.4999999999500000         0.4999999999500000         0.9999999999000000E-10
      267578125.0000000         0.1000000000000000E-03      10000000.00000000          25267344097618.05         0.4999999999500000         0.4999999999500000         0.9999999999000000E-10
      271484375.0000000         0.1000000000000000E-03      10000000.00000000          25267344097618.05         0.4999999999500000         0.4999999999500000         0.9999999999000000E-10
      275390625.0000000         0.1000000000000000E-03      10000000.00000000          25267344097618.05         0.4999999999500000         0.4999999999500000         0.9999999999000000E-10
      279296875.0000000         0.1000000000000000E-03      10000000.00000000          25267344097618.05         0.4999999999500000         0.4999999999500000         0.9999999999000000E-10
      283203125.0000000         0.1000000000000000E-03      10000000.00000000          25267344097618.05         0.4999999999500000         0.4999999999500000         0.9999999999000000E-10
      287109375.0000000         0.1000000000000000E-03      10000000.00000000          25267344097618.05         0.4999999999500000         0.4999999999500000         0.9999999999000000E-10
      291015625.0000000         0.1000000000000000E-03      10000000.00000000          25267344097618.05         0.4999999999500000         0.4999999999500000         0.9999999999000000E-10
      294921875.0000000         0.1000000000000000E-03      10000000.00000000          25267344097618.05         0.4999999999500000         0.4999999999500000         0.9999999999000000E-10
      298828125.0000000         0.1000000000000000E-03      10000000.00000000          25267344097618.05         0.4999999999500000         0.4999999999500000         0.9999999999000000E-10
      302734375.0000000         0.1000000000000000E-03      10000000.00000000          25267344097618.05         0.4999999999500000         0.4999999999500000         0.9999999999000000E-10
      306640625.0000000         0.1000000000000000E-03      10000000.00000000          25267344097618.05         0.4999999999500000         0.4999999999500000         0.9999999999000000E-10
      310546875.0000000         0.1000000000000000E-03      10000000.00000000          25267344097618.05         0.4999999999500000         0.4999999999500000         0.9999999999000000E-10
      314453125.0000000         0.1000000000000000E-03      10000000.00000000          25267344097618.05         0.4999999999500000         0.4999999999500000         0.9999999999000000E-10
      318359375.0000000         0.1000000000000000E-03      10000000.00000000          25267344097618.05         0.4999999999500000         0.4999999999500000         0.9999999999000000E-10
      322265625.0000000         0.1000000000000000E-03      10000000.00000000          25267344097618.05         0.4999999999500000         0.4999999999500000         0.9999999999000000E-10
      326171875.0000000         0.1000000000000000E-03      10000000.00000000          25267344097618.05         0.4999999999500000         0.4999999999500000         0.9999999999000000E-10
      330078125.0000000         0.1000000000000000E-03      10000000.00000000          25267344097618.05         0.4999999999500000         0.4999999999500000         0.9999999999000000E-10
      333984375.0000000         0.1000000000000000E-03      10000000.00000000          25267344097618.05         0.4999999999500000         0.4999999999500000         0.9999999999000000E-10
      337890625.0000000         0.1000000000000000E-03      10000000.00000000          25267344097618.05         0.4999999999500000         0.4999999999500000         0.9999999999000000E-10
      341796875.0000000         0.1000000000000000E-03      10000000.00000000          25267344097618.05         0.4999999999500000         0.4999999999500000         0.9999999999000000E-10
      345703125.0000000         0.1000000000000000E-03      10000000.00000000          25267344097618.05         0.4999999999500000         0.4999999999500000         0.9999999999000000E-10
      349609375.0000000         0.1000000000000000E-03      10000000.00000000          25267344097618.05         0.4999999999500000         0.4999999999500000         0.9999999999000000E-10
      353515625.0000000         0.1000000000000000E-03      10000000.00000000          25267344097618.05         0.4999999999500000         0.4999999999500000         0.9999999999000000E-10
      357421875.0000000         0.1000000000000000E-03      10000000.00000000          25267344097618.05         0.4999999999500000         0.4999999999500000         0.9999999999000000E-10
      361328125.0000000         0.1000000000000000E-03      10000000.00000000          25267344097618.05         0.4999999999500000         0.4999999999500000         0.9999999999000000E-10
      365234375.0000000         0.1000000000000000E-03      10000000.00000000          25267344097618.05         0.4999999999500000         0.4999999999500000         0.9999999999000000E-10
      369140625.0000000         0.1000000000000000E-03      10000000.00000000          25267344097618.05         0.4999999999500000         0.4999999999500000         0.9999999999000000E-10
      373046875.0000000         0.1000000000000000E-03      10000000.00000000          25267344097618.05         0.4999999999500000         0.4999999999500000         0.9999999999000000E-10
      376953125.0000000         0.1000000000000000E-03      10000000.00000000          25267344097618.05         0.4999999999500000         0.4999999999500000         0.9999999999000000E-10
      380859375.0000000         0.1000000000000000E-03      10000000.00000000          25267344097618.05         0.4999999999500000         0.4999999999500000         0.9999999999000000E-10
      384765625.0000000         0.1000000000000000E-03      10000000.00000000          25267344097618.05         0.4999999999500000         0.4999999999500000         0.9999999999000000E-10
      388671875.0000000         0.1000000000000000E-03      10000000.00000000          25267344097618.05         0.4999999999500000         0.4999999999500000         0.9999999999000000E-10
      392578125.0000000         0.1000000000000000E-03      10000000.00000000          25267344097618.05         0.4999999999500000         0.4999999999500000         0.9999999999000000E-10
      396484375.0000000         0.1000000000000000E-03      10000000.00000000          25267344097618.05         0.4999999999500000         0.4999999999500000         0.9999999999000000E-10
      400390625.0000000         0.1000000000000000E-03      10000000.00000000          25267344097618.05         0.4999999999500000         0.4999999999500000         0.9999999999000000E-10
      404296875.0000000         0.1000000000000000E-03      10000000.00000000          25267344097618.05         0.4999999999500000         0.4999999999500000         0.9999999999000000E-10
      408203125.0000000         0.1000000000000000E-03      10000000.00000000          25267344097618.05         0.4999999999500000         0.4999999999500000         0.9999999999000000E-10
      412109375.0000000         0.1000000000000000E-03      10000000.00000000          25267344097618.05         0.4999999999500000         0.4999999999500000         0.9999999999000000E-10
      416015625.0000000         0.1000000000000000E-03      10000000.00000000          25267344097618.05         0.4999999999500000         0.4999999999500000         0.9999999999000000E-10
      419921875.0000000         0.1000000000000000E-03      10000000.00000000          25267344097618.05         0.4999999999500000         0.4999999999500000         0.9999999999000000E-10
      423828125.0000000         0.1000000000000000E-03      10000000.00000000          25267344097618.05         0.4999999999500000         0.4999999999500000         0.9999999999000000E-10
      427734375.0000000         0.1000000000000000E-03      10000000.00000000          25267344097618.05         0.4999999999500000         0.4999999999500000         0.9999999999000000E-10
      431640625.0000000         0.1000000000000000E-03      10000000.00000000          25267344097618.05         0.4999999999500000         0.4999999999500000         0.9999999999000000E-10
      435546875.0000000         0.1000000000000000E-03      10000000.00000000          25267344097618.05         0.4999999999500000         0.4999999999500000         0.9999999999000000E-10
      439453125.0000000         0.1000000000000000E-03      10000000.00000000          25267344097618.05         0.4999999999500000         0.4999999999500000         0.9999999999000000E-10
      443359375.0000000         0.1000000000000000E-03      10000000.00000000          25267344097618.05         0.4999999999500000         0.4999999999500000         0.9999999999000000E-10
      447265625.0000000         0.1000000000000000E-03      10000000.00000000          25267344097618.05         0.4999999999500000         0.4999999999500000         0.9999999999000000E-10
      451171875.0000000         0.1000000000000000E-03      10000000.00000000          25267344097618.05         0.4999999999500000         0.4999999999500000         0.9999999999000000E-10
      455078125.0000000         0.1000000000000000E-03      10000000.00000000          25267344097618.05         0.4999999999500000         0.4999999999500000         0.9999999999000000E-10
      458984375.0000000         0.1000000000000000E-03      10000000.00000000          25267344097618.05         0.4999999999500000         0.4999999999500000         0.9999999999000000E-10
      462890625.0000000         0.1000000000000000E-03      10000000.00000000          25267344097618.05         0.4999999999500000         0.4999999999500000         0.9999999999000000E-10
      466796875.0000000         0.1000000000000000E-03      10000000.00000000          25267344097618.05         0.4999999999500000         0.4999999999500000         0.9999999999000000E-10
      470703125.0000000         0.1000000000000000E-03      10000000.00000000          25267344097618.05         0.4999999999500000         0.4999999999500000         0.9999999999000000E-10
      474609375.0000000         0.1000000000000000E-03      10000000.00000000          25267344097618.05         0.4999999999500000         0.4999999999500000         0.9999999999000000E-10
      478515625.0000000         0.1000000000000000E-03      10000000.00000000          25267344097618.05         0.4999999999500000         0.4999999999500000         0.9999999999000000E-10
      482421875.0000000         0.1000000000000000E-03      10000000.00000000          25267344097618.05         0.4999999999500000         0.4999999999500000         0.9999999999000000E-10
      486328125.0000000         0.1000000000000000E-03      10000000.00000000          25267344097618.05         0.4999999999500000         0.4999999999500000         0.9999999999000000E-10
      490234375.0000000         0.1000000000000000E-03      10000000.00000000          25267344097618.05         0.4999999999500000         0.4999999999500000         0.9999999999000000E-10
      494140625.0000000         0.1000000000000000E-03      10000000.00000000          25267344097618.05         0.4999999999500000         0.4999999999500000         0.9999999999000000E-10
      498046875.0000000         0.1000000000000000E-03      10000000.00000000          25267344097618.05         0.4999999999500000         0.4999999999500000         0.9999999999000000E-10
