# npts =   320
# num of variables =     6
# density
# temperature
# pressure
# carbon-12       
# oxygen-16       
# magnesium-24    
      781250.0000000000          2674000000.000000          599900000.0000000         0.1800990885791854E+28     0.4974201554646994         0.4983201919341772         0.4259652601123398E-02
      2343750.000000000          2668585845.643435          599714142.4619640         0.1796116649209918E+28     0.4974201554646994         0.4983201919341772         0.4259652601123398E-02
      3906250.000000000          2657825626.293536          598263513.5135136         0.1786414907562336E+28     0.4974201554646994         0.4983201919341772         0.4259652601123398E-02
      5468750.000000000          2641786446.334383          596136922.1411192         0.1771979173028513E+28     0.4974206578799217         0.4983206952584741         0.4258646861604163E-02
      7031250.000000000          2620590683.833508          593295014.0449438         0.1752947425188828E+28     0.4974206578799217         0.4983206952584741         0.4258646861604163E-02
      8593750.000000000          2594398330.611672          589693518.5185186         0.1729499572503738E+28     0.4974211553217358         0.4983211936003638         0.4257651077900344E-02
      10156250.00000000          2563400186.450554          585470444.9152542         0.1701854173683294E+28     0.4974221051221935         0.4983221451193989         0.4255749758407559E-02
      11718750.00000000          2527823947.261384          580593750.0000000         0.1670264524283645E+28     0.4974226576020537         0.4983226985989212         0.4254643799025046E-02
      13281250.00000000          2487916864.506742          575393313.9534883         0.1635014225242075E+28     0.4974234225700101         0.4983234649510174         0.4253112478972549E-02
      14843750.00000000          2443966904.095639          569514150.9433962         0.1596412329556506E+28     0.4974241549169628         0.4983241986230851         0.4251646459952096E-02
      16406250.00000000          2396277176.315582          562979956.8965517         0.1554788089487544E+28     0.4974251547900777         0.4983252003053795         0.4249644904542823E-02
      17968750.00000000          2345166376.776775          555871041.6666666         0.1510485730819150E+28     0.4974262282487109         0.4983262757063383         0.4247496044950833E-02
      19531250.00000000          2290966472.034098          548220208.3333334         0.1463859194397760E+28     0.4974271545483668         0.4983272036820490         0.4245641769584202E-02
      21093750.00000000          2234019214.863045          539974342.1052631         0.1415266969283852E+28     0.4974283671616594         0.4983284184894549         0.4243214348885651E-02
      22656250.00000000          2174667112.370599          531235750.0000000         0.1365067193125747E+28     0.4974293197276780         0.4983293727790550         0.4241307493266922E-02
      24218750.00000000          2113255852.568957          522028125.0000000         0.1313613085930137E+28     0.4974304806744914         0.4983305358264959         0.4238983499012632E-02
      25781250.00000000          2050127569.204468          512502243.5897436         0.1261248736512082E+28     0.4974316515759898         0.4983317088466339         0.4236639577376308E-02
      27343750.00000000          1985622246.660452          502776315.7894737         0.1208305327006615E+28     0.4974326540156616         0.4983327131001291         0.4234632884209365E-02
      28906250.00000000          1920070015.400759          492779934.2105263         0.1155097836999475E+28     0.4974336546102353         0.4983337155051875         0.4232629884577089E-02
      30468750.00000000          1853792557.267112          482553437.5000000         0.1101922285365499E+28     0.4974346545158140         0.4983347172200042         0.4230628264181759E-02
      32031250.00000000          1787093260.644833          472178804.3478261         0.1049053547791829E+28     0.4974356527406838         0.4983357172510711         0.4228630008245169E-02
      33593750.00000000          1720253964.886951          461808333.3333333         0.9967438630899146E+27     0.4974366539002604         0.4983367202221547         0.4226625877584956E-02
      35156250.00000000          1653546255.356622          451246710.5263158         0.9452217153759299E+27     0.4974376532922654         0.4983377214224685         0.4224625285266092E-02
      36718750.00000000          1587224145.415232          440467261.9047619         0.8946910627939900E+27     0.4974889494674851         0.4982889316977845         0.4222118834730369E-02
      38281250.00000000          1521516081.174771          429725746.2686567         0.8453312076565028E+27     0.4974899083893638         0.4982898921616482         0.4220199448988122E-02
      39843750.00000000          1456639438.396805          418847359.1549296         0.7972969678182804E+27     0.4974907931883876         0.4982907783834644         0.4218428428148021E-02
      41406250.00000000          1392781978.717093          407947972.9729730         0.7507192213534850E+27     0.4974918674953999         0.4982918544180056         0.4216278086594522E-02
      42968750.00000000          1330106986.771424          397115097.4025974         0.7057060000624792E+27     0.4974928855609939         0.4982928741206900         0.4214240318316165E-02
      44531250.00000000          1268766132.101712          386211250.0000000         0.6623435540063284E+27     0.4974938691653967         0.4982938593067682         0.4212271527835094E-02
      46093750.00000000          1208889139.526688          375404367.4698795         0.6206975503523493E+27     0.4974948179920792         0.4982948096592022         0.4210372348718527E-02
      47656250.00000000          1150588790.712383          364715261.6279070         0.5808145316346449E+27     0.4974957389562269         0.4982957321042972         0.4208528939475920E-02
      49218750.00000000          1093956689.587375          354111797.7528090         0.5427234836719952E+27     0.4974966331985221         0.4982966277845700         0.4206739016907842E-02
      50781250.00000000          1039062016.188138          343639305.5555556         0.5064375950197866E+27     0.4974975036473527         0.4982974996331173         0.4204996719530142E-02
      52343750.00000000          985965996.5386065          333262500.0000000         0.4719558585384402E+27     0.4974983613647722         0.4982983587297809         0.4203279905446811E-02
      53906250.00000000          934711745.3120953          323113297.8723404         0.4392646058623464E+27     0.4974991995820058         0.4982991982949015         0.4201602123092583E-02
      55468750.00000000          885332857.0543185          313095394.7368421         0.4083390778795456E+27     0.4975000250059223         0.4983000250461329         0.4199949947944853E-02
      57031250.00000000          837840982.3371329          303204687.5000000         0.3791450340710854E+27     0.4975008430372033         0.4983008443928410         0.4198312569955679E-02
      58593750.00000000          792239043.9382716          293608035.7142857         0.3516403282863123E+27     0.4975021458333626         0.4983021492839489         0.4195704882688524E-02
      60156250.00000000          748524969.1470627          284207908.1632653         0.3257761396664830E+27     0.4975029440244369         0.4983029487585465         0.4194107217016611E-02
      61718750.00000000          706687066.3826890          274999242.4242424         0.3014981522513983E+27     0.4975037371764633         0.4983037431859933         0.4192519637543442E-02
      63281250.00000000          666698414.9886322          266005000.0000000         0.2787478419320907E+27     0.4975045240884838         0.4983045313634000         0.4190944548116182E-02
      64843750.00000000          628527868.5096043          257290277.7777778         0.2574636089718736E+27     0.4975053092610784         0.4983053177985837         0.4189372940337963E-02
      66406250.00000000          592142536.3550148          248739267.6767677         0.2375816076301280E+27     0.4975060944245301         0.4983061042246097         0.4187801350860093E-02
      67968750.00000000          557502444.2359263          240469191.9191919         0.2190365465224021E+27     0.4975068843583004         0.4983068954286253         0.4186220213074291E-02
      69531250.00000000          524558647.4548507          232467424.2424242         0.2017625362720385E+27     0.4975076724540237         0.4983076847916382         0.4184642754338173E-02
      71093750.00000000          493263173.7402195          224637113.4020618         0.1856937384279253E+27     0.4975084668183511         0.4983084804333354         0.4183052748313583E-02
      72656250.00000000          463565297.5174576          217050773.1958763         0.1707648434935507E+27     0.4975092726239838         0.4983092875347360         0.4181439841280226E-02
      74218750.00000000          435412286.7195923          209693229.1666667         0.1569115355846105E+27     0.4975100807720996         0.4983100969823865         0.4179822245513884E-02
      75781250.00000000          408745002.9267768          202628776.0416667         0.1440709539485545E+27     0.4975108953655263         0.4983109128857122         0.4178191748761464E-02
      77343750.00000000          383508907.3649713          195780657.8947369         0.1321820003870538E+27     0.4975114109937308         0.4983114293430674         0.4177159663201782E-02
      78906250.00000000          359648267.3885058          189189078.9473684         0.1211855154636091E+27     0.4975120393985808         0.4983120587584177         0.4175901843001520E-02
      80468750.00000000          337105542.4497520          182774605.2631579         0.1110245099148853E+27     0.4975128621934801         0.4983128828764043         0.4174254930115679E-02
      82031250.00000000          315821857.6487055          176630921.0526316         0.1016443574309804E+27     0.4975134107685675         0.4983134323336225         0.4173156897809865E-02
      83593750.00000000          295742201.6367024          170778590.4255319         0.9299286948576233E+26     0.4975140130379109         0.4983140355714393         0.4171951390649800E-02
      85156250.00000000          276813528.4008079          164992763.1578947         0.8502029316821864E+26     0.4975144122920762         0.4983144354676212         0.4171152240302595E-02
      86718750.00000000          258977747.4376643          159536973.6842105         0.7767940930947225E+26     0.4975149105218683         0.4983149344985869         0.4170154979544737E-02
      88281250.00000000          242183162.5725380          154262500.0000000         0.7092554636011375E+26     0.4975154087324052         0.4983154335102664         0.4169157757328264E-02
      89843750.00000000          226379299.9462669          149130598.9583333         0.6471648791422337E+26     0.4975157933019987         0.4983158186982632         0.4168387999738039E-02
      91406250.00000000          211514739.8196209          144236340.2061856         0.5901246591661720E+26     0.4975159105588196         0.4983159361436378         0.4168153297542455E-02
      92968750.00000000          197540334.2910644          139533290.8163265         0.5377612564023466E+26     0.4975164023796652         0.4983164287553511         0.4167168864983606E-02
      94531250.00000000          184409019.0861470          134753535.3535354         0.4897243956893618E+26     0.4989495107710291         0.4992878993298793         0.1762589899091640E-02
      96093750.00000000          172068440.2601641          132577000.0000000         0.4456870740740130E+26     0.4999999999500000         0.4999999999500000         0.9999999999000000E-10
      97656250.00000000          160482502.8611329          131403589.1089109         0.4053437283028164E+26     0.4999999999500000         0.4999999999500000         0.9999999999000000E-10
      99218750.00000000          149612392.6793502          130330946.6019417         0.3684080798178414E+26     0.4999999999500000         0.4999999999500000         0.9999999999000000E-10
      100781250.0000000          139419347.8417223          129175000.0000000         0.3346129758093903E+26     0.4999999999500000         0.4999999999500000         0.9999999999000000E-10
      102343750.0000000          129863307.7035181          128144886.3636364         0.3037099868857894E+26     0.4999999999500000         0.4999999999500000         0.9999999999000000E-10
      103906250.0000000          120908478.0383839          127105625.0000000         0.2754684780428985E+26     0.4999999999500000         0.4999999999500000         0.9999999999000000E-10
      105468750.0000000          112520655.1576853          126077272.7272727         0.2496743469084279E+26     0.4999999999500000         0.4999999999500000         0.9999999999000000E-10
      107031250.0000000          104666331.4559336          125031770.8333333         0.2261291827648674E+26     0.4999999999500000         0.4999999999500000         0.9999999999000000E-10
      108593750.0000000          97313633.80823305          124067613.6363636         0.2046494249735754E+26     0.4999999999500000         0.4999999999500000         0.9999999999000000E-10
      110156250.0000000          90433520.13360454          123129166.6666667         0.1850653063929438E+26     0.4999999999500000         0.4999999999500000         0.9999999999000000E-10
      111718750.0000000          83997784.02493387          122139062.5000000         0.1672199105645419E+26     0.4999999999500000         0.4999999999500000         0.9999999999000000E-10
      113281250.0000000          77979190.95669913          121145833.3333333         0.1509684470524136E+26     0.4999999999500000         0.4999999999500000         0.9999999999000000E-10
      114843750.0000000          72352625.28767753          120273076.9230769         0.1361774159370839E+26     0.4999999999500000         0.4999999999500000         0.9999999999000000E-10
      116406250.0000000          67094697.94412936          119311538.4615385         0.1227237280932058E+26     0.4999999999500000         0.4999999999500000         0.9999999999000000E-10
      117968750.0000000          62182108.69469786          118415625.0000000         0.1104940559214167E+26     0.4999999999500000         0.4999999999500000         0.9999999999000000E-10
      119531250.0000000          57594065.83070482          117529910.7142857         0.9938413421454565E+25     0.4999999999500000         0.4999999999500000         0.9999999999000000E-10
      121093750.0000000          53310528.99587265          116653125.0000000         0.8929802842377494E+25     0.4999999999500000         0.4999999999500000         0.9999999999000000E-10
      122656250.0000000          49312251.28795693          115796323.5294118         0.8014759255319276E+25     0.4999999999500000         0.4999999999500000         0.9999999999000000E-10
      124218750.0000000          45581781.37428007          114923511.9047619         0.7185185713125633E+25     0.4999999999500000         0.4999999999500000         0.9999999999000000E-10
      125781250.0000000          42102225.62983994          114101822.9166667         0.6433646715356813E+25     0.4999999999500000         0.4999999999500000         0.9999999999000000E-10
      127343750.0000000          38857726.63645930          113255468.7500000         0.5753321272656101E+25     0.4999999999500000         0.4999999999500000         0.9999999999000000E-10
      128906250.0000000          35833602.11435373          112446875.0000000         0.5137953058392023E+25     0.4999999999500000         0.4999999999500000         0.9999999999000000E-10
      130468750.0000000          33015849.84657232          111665625.0000000         0.4581806090943853E+25     0.4999999999500000         0.4999999999500000         0.9999999999000000E-10
      132031250.0000000          30391427.15852505          110802291.6666667         0.4079624481198348E+25     0.4999999999500000         0.4999999999500000         0.9999999999000000E-10
      133593750.0000000          27948134.72494607          109916875.0000000         0.3626593029532904E+25     0.4999999999500000         0.4999999999500000         0.9999999999000000E-10
      135156250.0000000          25674261.65521932          109002205.8823529         0.3218303612746459E+25     0.4999999999500000         0.4999999999500000         0.9999999999000000E-10
      136718750.0000000          23558968.04646128          108083088.2352941         0.2850723173428576E+25     0.4999999999500000         0.4999999999500000         0.9999999999000000E-10
      138281250.0000000          21592254.99470183          107106891.0256410         0.2520160884616448E+25     0.4999999999500000         0.4999999999500000         0.9999999999000000E-10
      139843750.0000000          19764374.73556242          106105288.4615385         0.2223241722973667E+25     0.4999999999500000         0.4999999999500000         0.9999999999000000E-10
      141406250.0000000          18066476.29758641          105089453.1250000         0.1956881129792017E+25     0.4999999999500000         0.4999999999500000         0.9999999999000000E-10
      142968750.0000000          16490209.48137543          104015234.3750000         0.1718259387123343E+25     0.4999999999500000         0.4999999999500000         0.9999999999000000E-10
      144531250.0000000          15027593.56438399          102941015.6250000         0.1504801135554032E+25     0.4999999999500000         0.4999999999500000         0.9999999999000000E-10
      146093750.0000000          13671394.97606807          101839375.0000000         0.1314154420059253E+25     0.4999999999500000         0.4999999999500000         0.9999999999000000E-10
      147656250.0000000          12414745.94633215          100544012.0967742         0.1144171024326443E+25     0.4999999999500000         0.4999999999500000         0.9999999999000000E-10
      149218750.0000000          11251073.53947512          99248649.19354838         0.9928909168492287E+24     0.4999999999500000         0.4999999999500000         0.9999999999000000E-10
      150781250.0000000          10174310.92610691          97953286.29032259         0.8585267082701307E+24     0.4999999999500000         0.4999999999500000         0.9999999999000000E-10
      152343750.0000000          9178845.237742007          96595020.16129032         0.7394480615907053E+24     0.4999999999500000         0.4999999999500000         0.9999999999000000E-10
      153906250.0000000          8259577.834846210          94896431.45161290         0.6341670376995627E+24     0.4999999999500000         0.4999999999500000         0.9999999999000000E-10
      155468750.0000000          7411252.531700001          93197842.74193549         0.5413280044767735E+24     0.4999999999500000         0.4999999999500000         0.9999999999000000E-10
      157031250.0000000          6629288.560861862          91499254.03225806         0.4596971756250258E+24     0.4999999999500000         0.4999999999500000         0.9999999999000000E-10
      158593750.0000000          5909318.435441422          89800665.32258065         0.3881506486173865E+24     0.4999999999500000         0.4999999999500000         0.9999999999000000E-10
      160156250.0000000          5247340.854649507          88102076.61290322         0.3256649649891848E+24     0.4999999999500000         0.4999999999500000         0.9999999999000000E-10
      161718750.0000000          4639378.883222144          86750000.00000000         0.2713092962145784E+24     0.4999999999500000         0.4999999999500000         0.9999999999000000E-10
      163281250.0000000          4081520.922989070          86750000.00000000         0.2242397194333068E+24     0.4999999999500000         0.4999999999500000         0.9999999999000000E-10
      164843750.0000000          3571233.487714128          86750000.00000000         0.1836866136536268E+24     0.4999999999500000         0.4999999999500000         0.9999999999000000E-10
      166406250.0000000          3105442.508989024          86750000.00000000         0.1489461309088478E+24     0.4999999999500000         0.4999999999500000         0.9999999999000000E-10
      167968750.0000000          2681285.202785140          86750000.00000000         0.1193782292858169E+24     0.4999999999500000         0.4999999999500000         0.9999999999000000E-10
      169531250.0000000          2296089.142917718          86750000.00000000         0.9440106115283122E+23     0.4999999999500000         0.4999999999500000         0.9999999999000000E-10
      171093750.0000000          1947394.509990605          86750000.00000000         0.7348570911984239E+23     0.4999999999500000         0.4999999999500000         0.9999999999000000E-10
      172656250.0000000          1632917.596574347          86750000.00000000         0.5615132672861148E+23     0.4999999999500000         0.4999999999500000         0.9999999999000000E-10
      174218750.0000000          1350558.216797666          86750000.00000000         0.4196072908714568E+23     0.4999999999500000         0.4999999999500000         0.9999999999000000E-10
      175781250.0000000          1098399.640690909          86750000.00000000         0.3051623148530524E+23     0.4999999999500000         0.4999999999500000         0.9999999999000000E-10
      177343750.0000000          874711.0176115575          86750000.00000000         0.2145574687092295E+23     0.4999999999500000         0.4999999999500000         0.9999999999000000E-10
      178906250.0000000          677955.4812662443          86750000.00000000         0.1444909126536265E+23     0.4999999999500000         0.4999999999500000         0.9999999999000000E-10
      180468750.0000000          506813.1886571259          86750000.00000000         0.9194395970669558E+22     0.4999999999500000         0.4999999999500000         0.9999999999000000E-10
      182031250.0000000          360229.3452484475          86750000.00000000         0.5414452387345164E+22     0.4999999999500000         0.4999999999500000         0.9999999999000000E-10
      183593750.0000000          237507.8468739743          86750000.00000000         0.2852703854341083E+22     0.4999999999500000         0.4999999999500000         0.9999999999000000E-10
      185156250.0000000          138544.2720278453          86750000.00000000         0.1268150703468694E+22     0.4999999999500000         0.4999999999500000         0.9999999999000000E-10
      186718750.0000000          64428.18926498434          86750000.00000000         0.4271802818261120E+21     0.4999999999500000         0.4999999999500000         0.9999999999000000E-10
      188281250.0000000          18475.48438161975          86750000.00000000         0.8938328828848959E+20     0.4999999999500000         0.4999999999500000         0.9999999999000000E-10
      189843750.0000000          1860.003402073664          86750000.00000000         0.7888397411901105E+19     0.4999999999500000         0.4999999999500000         0.9999999999000000E-10
      191406250.0000000          51.23395840334895          86750000.00000000         0.3541183499456624E+18     0.4999999999500000         0.4999999999500000         0.9999999999000000E-10
      192968750.0000000          1.572094811144515          86750000.00000000         0.1493229351132251E+18     0.4999999999500000         0.4999999999500000         0.9999999999000000E-10
      194531250.0000000         0.6219675927303901E-01      86750000.00000000         0.1430865501843004E+18     0.4999999999500000         0.4999999999500000         0.9999999999000000E-10
      196093750.0000000         0.2971267484711418E-02      86750000.00000000         0.1428418347912868E+18     0.4999999999500000         0.4999999999500000         0.9999999999000000E-10
      197656250.0000000         0.1656826543517543E-03      86750000.00000000         0.1428302413259316E+18     0.4999999999500000         0.4999999999500000         0.9999999999000000E-10
      199218750.0000000         0.1000000000000000E-03      10000000.00000000          25267344097618.05         0.4999999999500000         0.4999999999500000         0.9999999999000000E-10
      200781250.0000000         0.1000000000000000E-03      10000000.00000000          25267344097618.05         0.4999999999500000         0.4999999999500000         0.9999999999000000E-10
      202343750.0000000         0.1000000000000000E-03      10000000.00000000          25267344097618.05         0.4999999999500000         0.4999999999500000         0.9999999999000000E-10
      203906250.0000000         0.1000000000000000E-03      10000000.00000000          25267344097618.05         0.4999999999500000         0.4999999999500000         0.9999999999000000E-10
      205468750.0000000         0.1000000000000000E-03      10000000.00000000          25267344097618.05         0.4999999999500000         0.4999999999500000         0.9999999999000000E-10
      207031250.0000000         0.1000000000000000E-03      10000000.00000000          25267344097618.05         0.4999999999500000         0.4999999999500000         0.9999999999000000E-10
      208593750.0000000         0.1000000000000000E-03      10000000.00000000          25267344097618.05         0.4999999999500000         0.4999999999500000         0.9999999999000000E-10
      210156250.0000000         0.1000000000000000E-03      10000000.00000000          25267344097618.05         0.4999999999500000         0.4999999999500000         0.9999999999000000E-10
      211718750.0000000         0.1000000000000000E-03      10000000.00000000          25267344097618.05         0.4999999999500000         0.4999999999500000         0.9999999999000000E-10
      213281250.0000000         0.1000000000000000E-03      10000000.00000000          25267344097618.05         0.4999999999500000         0.4999999999500000         0.9999999999000000E-10
      214843750.0000000         0.1000000000000000E-03      10000000.00000000          25267344097618.05         0.4999999999500000         0.4999999999500000         0.9999999999000000E-10
      216406250.0000000         0.1000000000000000E-03      10000000.00000000          25267344097618.05         0.4999999999500000         0.4999999999500000         0.9999999999000000E-10
      217968750.0000000         0.1000000000000000E-03      10000000.00000000          25267344097618.05         0.4999999999500000         0.4999999999500000         0.9999999999000000E-10
      219531250.0000000         0.1000000000000000E-03      10000000.00000000          25267344097618.05         0.4999999999500000         0.4999999999500000         0.9999999999000000E-10
      221093750.0000000         0.1000000000000000E-03      10000000.00000000          25267344097618.05         0.4999999999500000         0.4999999999500000         0.9999999999000000E-10
      222656250.0000000         0.1000000000000000E-03      10000000.00000000          25267344097618.05         0.4999999999500000         0.4999999999500000         0.9999999999000000E-10
      224218750.0000000         0.1000000000000000E-03      10000000.00000000          25267344097618.05         0.4999999999500000         0.4999999999500000         0.9999999999000000E-10
      225781250.0000000         0.1000000000000000E-03      10000000.00000000          25267344097618.05         0.4999999999500000         0.4999999999500000         0.9999999999000000E-10
      227343750.0000000         0.1000000000000000E-03      10000000.00000000          25267344097618.05         0.4999999999500000         0.4999999999500000         0.9999999999000000E-10
      228906250.0000000         0.1000000000000000E-03      10000000.00000000          25267344097618.05         0.4999999999500000         0.4999999999500000         0.9999999999000000E-10
      230468750.0000000         0.1000000000000000E-03      10000000.00000000          25267344097618.05         0.4999999999500000         0.4999999999500000         0.9999999999000000E-10
      232031250.0000000         0.1000000000000000E-03      10000000.00000000          25267344097618.05         0.4999999999500000         0.4999999999500000         0.9999999999000000E-10
      233593750.0000000         0.1000000000000000E-03      10000000.00000000          25267344097618.05         0.4999999999500000         0.4999999999500000         0.9999999999000000E-10
      235156250.0000000         0.1000000000000000E-03      10000000.00000000          25267344097618.05         0.4999999999500000         0.4999999999500000         0.9999999999000000E-10
      236718750.0000000         0.1000000000000000E-03      10000000.00000000          25267344097618.05         0.4999999999500000         0.4999999999500000         0.9999999999000000E-10
      238281250.0000000         0.1000000000000000E-03      10000000.00000000          25267344097618.05         0.4999999999500000         0.4999999999500000         0.9999999999000000E-10
      239843750.0000000         0.1000000000000000E-03      10000000.00000000          25267344097618.05         0.4999999999500000         0.4999999999500000         0.9999999999000000E-10
      241406250.0000000         0.1000000000000000E-03      10000000.00000000          25267344097618.05         0.4999999999500000         0.4999999999500000         0.9999999999000000E-10
      242968750.0000000         0.1000000000000000E-03      10000000.00000000          25267344097618.05         0.4999999999500000         0.4999999999500000         0.9999999999000000E-10
      244531250.0000000         0.1000000000000000E-03      10000000.00000000          25267344097618.05         0.4999999999500000         0.4999999999500000         0.9999999999000000E-10
      246093750.0000000         0.1000000000000000E-03      10000000.00000000          25267344097618.05         0.4999999999500000         0.4999999999500000         0.9999999999000000E-10
      247656250.0000000         0.1000000000000000E-03      10000000.00000000          25267344097618.05         0.4999999999500000         0.4999999999500000         0.9999999999000000E-10
      249218750.0000000         0.1000000000000000E-03      10000000.00000000          25267344097618.05         0.4999999999500000         0.4999999999500000         0.9999999999000000E-10
      250781250.0000000         0.1000000000000000E-03      10000000.00000000          25267344097618.05         0.4999999999500000         0.4999999999500000         0.9999999999000000E-10
      252343750.0000000         0.1000000000000000E-03      10000000.00000000          25267344097618.05         0.4999999999500000         0.4999999999500000         0.9999999999000000E-10
      253906250.0000000         0.1000000000000000E-03      10000000.00000000          25267344097618.05         0.4999999999500000         0.4999999999500000         0.9999999999000000E-10
      255468750.0000000         0.1000000000000000E-03      10000000.00000000          25267344097618.05         0.4999999999500000         0.4999999999500000         0.9999999999000000E-10
      257031250.0000000         0.1000000000000000E-03      10000000.00000000          25267344097618.05         0.4999999999500000         0.4999999999500000         0.9999999999000000E-10
      258593750.0000000         0.1000000000000000E-03      10000000.00000000          25267344097618.05         0.4999999999500000         0.4999999999500000         0.9999999999000000E-10
      260156250.0000000         0.1000000000000000E-03      10000000.00000000          25267344097618.05         0.4999999999500000         0.4999999999500000         0.9999999999000000E-10
      261718750.0000000         0.1000000000000000E-03      10000000.00000000          25267344097618.05         0.4999999999500000         0.4999999999500000         0.9999999999000000E-10
      263281250.0000000         0.1000000000000000E-03      10000000.00000000          25267344097618.05         0.4999999999500000         0.4999999999500000         0.9999999999000000E-10
      264843750.0000000         0.1000000000000000E-03      10000000.00000000          25267344097618.05         0.4999999999500000         0.4999999999500000         0.9999999999000000E-10
      266406250.0000000         0.1000000000000000E-03      10000000.00000000          25267344097618.05         0.4999999999500000         0.4999999999500000         0.9999999999000000E-10
      267968750.0000000         0.1000000000000000E-03      10000000.00000000          25267344097618.05         0.4999999999500000         0.4999999999500000         0.9999999999000000E-10
      269531250.0000000         0.1000000000000000E-03      10000000.00000000          25267344097618.05         0.4999999999500000         0.4999999999500000         0.9999999999000000E-10
      271093750.0000000         0.1000000000000000E-03      10000000.00000000          25267344097618.05         0.4999999999500000         0.4999999999500000         0.9999999999000000E-10
      272656250.0000000         0.1000000000000000E-03      10000000.00000000          25267344097618.05         0.4999999999500000         0.4999999999500000         0.9999999999000000E-10
      274218750.0000000         0.1000000000000000E-03      10000000.00000000          25267344097618.05         0.4999999999500000         0.4999999999500000         0.9999999999000000E-10
      275781250.0000000         0.1000000000000000E-03      10000000.00000000          25267344097618.05         0.4999999999500000         0.4999999999500000         0.9999999999000000E-10
      277343750.0000000         0.1000000000000000E-03      10000000.00000000          25267344097618.05         0.4999999999500000         0.4999999999500000         0.9999999999000000E-10
      278906250.0000000         0.1000000000000000E-03      10000000.00000000          25267344097618.05         0.4999999999500000         0.4999999999500000         0.9999999999000000E-10
      280468750.0000000         0.1000000000000000E-03      10000000.00000000          25267344097618.05         0.4999999999500000         0.4999999999500000         0.9999999999000000E-10
      282031250.0000000         0.1000000000000000E-03      10000000.00000000          25267344097618.05         0.4999999999500000         0.4999999999500000         0.9999999999000000E-10
      283593750.0000000         0.1000000000000000E-03      10000000.00000000          25267344097618.05         0.4999999999500000         0.4999999999500000         0.9999999999000000E-10
      285156250.0000000         0.1000000000000000E-03      10000000.00000000          25267344097618.05         0.4999999999500000         0.4999999999500000         0.9999999999000000E-10
      286718750.0000000         0.1000000000000000E-03      10000000.00000000          25267344097618.05         0.4999999999500000         0.4999999999500000         0.9999999999000000E-10
      288281250.0000000         0.1000000000000000E-03      10000000.00000000          25267344097618.05         0.4999999999500000         0.4999999999500000         0.9999999999000000E-10
      289843750.0000000         0.1000000000000000E-03      10000000.00000000          25267344097618.05         0.4999999999500000         0.4999999999500000         0.9999999999000000E-10
      291406250.0000000         0.1000000000000000E-03      10000000.00000000          25267344097618.05         0.4999999999500000         0.4999999999500000         0.9999999999000000E-10
      292968750.0000000         0.1000000000000000E-03      10000000.00000000          25267344097618.05         0.4999999999500000         0.4999999999500000         0.9999999999000000E-10
      294531250.0000000         0.1000000000000000E-03      10000000.00000000          25267344097618.05         0.4999999999500000         0.4999999999500000         0.9999999999000000E-10
      296093750.0000000         0.1000000000000000E-03      10000000.00000000          25267344097618.05         0.4999999999500000         0.4999999999500000         0.9999999999000000E-10
      297656250.0000000         0.1000000000000000E-03      10000000.00000000          25267344097618.05         0.4999999999500000         0.4999999999500000         0.9999999999000000E-10
      299218750.0000000         0.1000000000000000E-03      10000000.00000000          25267344097618.05         0.4999999999500000         0.4999999999500000         0.9999999999000000E-10
      300781250.0000000         0.1000000000000000E-03      10000000.00000000          25267344097618.05         0.4999999999500000         0.4999999999500000         0.9999999999000000E-10
      302343750.0000000         0.1000000000000000E-03      10000000.00000000          25267344097618.05         0.4999999999500000         0.4999999999500000         0.9999999999000000E-10
      303906250.0000000         0.1000000000000000E-03      10000000.00000000          25267344097618.05         0.4999999999500000         0.4999999999500000         0.9999999999000000E-10
      305468750.0000000         0.1000000000000000E-03      10000000.00000000          25267344097618.05         0.4999999999500000         0.4999999999500000         0.9999999999000000E-10
      307031250.0000000         0.1000000000000000E-03      10000000.00000000          25267344097618.05         0.4999999999500000         0.4999999999500000         0.9999999999000000E-10
      308593750.0000000         0.1000000000000000E-03      10000000.00000000          25267344097618.05         0.4999999999500000         0.4999999999500000         0.9999999999000000E-10
      310156250.0000000         0.1000000000000000E-03      10000000.00000000          25267344097618.05         0.4999999999500000         0.4999999999500000         0.9999999999000000E-10
      311718750.0000000         0.1000000000000000E-03      10000000.00000000          25267344097618.05         0.4999999999500000         0.4999999999500000         0.9999999999000000E-10
      313281250.0000000         0.1000000000000000E-03      10000000.00000000          25267344097618.05         0.4999999999500000         0.4999999999500000         0.9999999999000000E-10
      314843750.0000000         0.1000000000000000E-03      10000000.00000000          25267344097618.05         0.4999999999500000         0.4999999999500000         0.9999999999000000E-10
      316406250.0000000         0.1000000000000000E-03      10000000.00000000          25267344097618.05         0.4999999999500000         0.4999999999500000         0.9999999999000000E-10
      317968750.0000000         0.1000000000000000E-03      10000000.00000000          25267344097618.05         0.4999999999500000         0.4999999999500000         0.9999999999000000E-10
      319531250.0000000         0.1000000000000000E-03      10000000.00000000          25267344097618.05         0.4999999999500000         0.4999999999500000         0.9999999999000000E-10
      321093750.0000000         0.1000000000000000E-03      10000000.00000000          25267344097618.05         0.4999999999500000         0.4999999999500000         0.9999999999000000E-10
      322656250.0000000         0.1000000000000000E-03      10000000.00000000          25267344097618.05         0.4999999999500000         0.4999999999500000         0.9999999999000000E-10
      324218750.0000000         0.1000000000000000E-03      10000000.00000000          25267344097618.05         0.4999999999500000         0.4999999999500000         0.9999999999000000E-10
      325781250.0000000         0.1000000000000000E-03      10000000.00000000          25267344097618.05         0.4999999999500000         0.4999999999500000         0.9999999999000000E-10
      327343750.0000000         0.1000000000000000E-03      10000000.00000000          25267344097618.05         0.4999999999500000         0.4999999999500000         0.9999999999000000E-10
      328906250.0000000         0.1000000000000000E-03      10000000.00000000          25267344097618.05         0.4999999999500000         0.4999999999500000         0.9999999999000000E-10
      330468750.0000000         0.1000000000000000E-03      10000000.00000000          25267344097618.05         0.4999999999500000         0.4999999999500000         0.9999999999000000E-10
      332031250.0000000         0.1000000000000000E-03      10000000.00000000          25267344097618.05         0.4999999999500000         0.4999999999500000         0.9999999999000000E-10
      333593750.0000000         0.1000000000000000E-03      10000000.00000000          25267344097618.05         0.4999999999500000         0.4999999999500000         0.9999999999000000E-10
      335156250.0000000         0.1000000000000000E-03      10000000.00000000          25267344097618.05         0.4999999999500000         0.4999999999500000         0.9999999999000000E-10
      336718750.0000000         0.1000000000000000E-03      10000000.00000000          25267344097618.05         0.4999999999500000         0.4999999999500000         0.9999999999000000E-10
      338281250.0000000         0.1000000000000000E-03      10000000.00000000          25267344097618.05         0.4999999999500000         0.4999999999500000         0.9999999999000000E-10
      339843750.0000000         0.1000000000000000E-03      10000000.00000000          25267344097618.05         0.4999999999500000         0.4999999999500000         0.9999999999000000E-10
      341406250.0000000         0.1000000000000000E-03      10000000.00000000          25267344097618.05         0.4999999999500000         0.4999999999500000         0.9999999999000000E-10
      342968750.0000000         0.1000000000000000E-03      10000000.00000000          25267344097618.05         0.4999999999500000         0.4999999999500000         0.9999999999000000E-10
      344531250.0000000         0.1000000000000000E-03      10000000.00000000          25267344097618.05         0.4999999999500000         0.4999999999500000         0.9999999999000000E-10
      346093750.0000000         0.1000000000000000E-03      10000000.00000000          25267344097618.05         0.4999999999500000         0.4999999999500000         0.9999999999000000E-10
      347656250.0000000         0.1000000000000000E-03      10000000.00000000          25267344097618.05         0.4999999999500000         0.4999999999500000         0.9999999999000000E-10
      349218750.0000000         0.1000000000000000E-03      10000000.00000000          25267344097618.05         0.4999999999500000         0.4999999999500000         0.9999999999000000E-10
      350781250.0000000         0.1000000000000000E-03      10000000.00000000          25267344097618.05         0.4999999999500000         0.4999999999500000         0.9999999999000000E-10
      352343750.0000000         0.1000000000000000E-03      10000000.00000000          25267344097618.05         0.4999999999500000         0.4999999999500000         0.9999999999000000E-10
      353906250.0000000         0.1000000000000000E-03      10000000.00000000          25267344097618.05         0.4999999999500000         0.4999999999500000         0.9999999999000000E-10
      355468750.0000000         0.1000000000000000E-03      10000000.00000000          25267344097618.05         0.4999999999500000         0.4999999999500000         0.9999999999000000E-10
      357031250.0000000         0.1000000000000000E-03      10000000.00000000          25267344097618.05         0.4999999999500000         0.4999999999500000         0.9999999999000000E-10
      358593750.0000000         0.1000000000000000E-03      10000000.00000000          25267344097618.05         0.4999999999500000         0.4999999999500000         0.9999999999000000E-10
      360156250.0000000         0.1000000000000000E-03      10000000.00000000          25267344097618.05         0.4999999999500000         0.4999999999500000         0.9999999999000000E-10
      361718750.0000000         0.1000000000000000E-03      10000000.00000000          25267344097618.05         0.4999999999500000         0.4999999999500000         0.9999999999000000E-10
      363281250.0000000         0.1000000000000000E-03      10000000.00000000          25267344097618.05         0.4999999999500000         0.4999999999500000         0.9999999999000000E-10
      364843750.0000000         0.1000000000000000E-03      10000000.00000000          25267344097618.05         0.4999999999500000         0.4999999999500000         0.9999999999000000E-10
      366406250.0000000         0.1000000000000000E-03      10000000.00000000          25267344097618.05         0.4999999999500000         0.4999999999500000         0.9999999999000000E-10
      367968750.0000000         0.1000000000000000E-03      10000000.00000000          25267344097618.05         0.4999999999500000         0.4999999999500000         0.9999999999000000E-10
      369531250.0000000         0.1000000000000000E-03      10000000.00000000          25267344097618.05         0.4999999999500000         0.4999999999500000         0.9999999999000000E-10
      371093750.0000000         0.1000000000000000E-03      10000000.00000000          25267344097618.05         0.4999999999500000         0.4999999999500000         0.9999999999000000E-10
      372656250.0000000         0.1000000000000000E-03      10000000.00000000          25267344097618.05         0.4999999999500000         0.4999999999500000         0.9999999999000000E-10
      374218750.0000000         0.1000000000000000E-03      10000000.00000000          25267344097618.05         0.4999999999500000         0.4999999999500000         0.9999999999000000E-10
      375781250.0000000         0.1000000000000000E-03      10000000.00000000          25267344097618.05         0.4999999999500000         0.4999999999500000         0.9999999999000000E-10
      377343750.0000000         0.1000000000000000E-03      10000000.00000000          25267344097618.05         0.4999999999500000         0.4999999999500000         0.9999999999000000E-10
      378906250.0000000         0.1000000000000000E-03      10000000.00000000          25267344097618.05         0.4999999999500000         0.4999999999500000         0.9999999999000000E-10
      380468750.0000000         0.1000000000000000E-03      10000000.00000000          25267344097618.05         0.4999999999500000         0.4999999999500000         0.9999999999000000E-10
      382031250.0000000         0.1000000000000000E-03      10000000.00000000          25267344097618.05         0.4999999999500000         0.4999999999500000         0.9999999999000000E-10
      383593750.0000000         0.1000000000000000E-03      10000000.00000000          25267344097618.05         0.4999999999500000         0.4999999999500000         0.9999999999000000E-10
      385156250.0000000         0.1000000000000000E-03      10000000.00000000          25267344097618.05         0.4999999999500000         0.4999999999500000         0.9999999999000000E-10
      386718750.0000000         0.1000000000000000E-03      10000000.00000000          25267344097618.05         0.4999999999500000         0.4999999999500000         0.9999999999000000E-10
      388281250.0000000         0.1000000000000000E-03      10000000.00000000          25267344097618.05         0.4999999999500000         0.4999999999500000         0.9999999999000000E-10
      389843750.0000000         0.1000000000000000E-03      10000000.00000000          25267344097618.05         0.4999999999500000         0.4999999999500000         0.9999999999000000E-10
      391406250.0000000         0.1000000000000000E-03      10000000.00000000          25267344097618.05         0.4999999999500000         0.4999999999500000         0.9999999999000000E-10
      392968750.0000000         0.1000000000000000E-03      10000000.00000000          25267344097618.05         0.4999999999500000         0.4999999999500000         0.9999999999000000E-10
      394531250.0000000         0.1000000000000000E-03      10000000.00000000          25267344097618.05         0.4999999999500000         0.4999999999500000         0.9999999999000000E-10
      396093750.0000000         0.1000000000000000E-03      10000000.00000000          25267344097618.05         0.4999999999500000         0.4999999999500000         0.9999999999000000E-10
      397656250.0000000         0.1000000000000000E-03      10000000.00000000          25267344097618.05         0.4999999999500000         0.4999999999500000         0.9999999999000000E-10
      399218750.0000000         0.1000000000000000E-03      10000000.00000000          25267344097618.05         0.4999999999500000         0.4999999999500000         0.9999999999000000E-10
      400781250.0000000         0.1000000000000000E-03      10000000.00000000          25267344097618.05         0.4999999999500000         0.4999999999500000         0.9999999999000000E-10
      402343750.0000000         0.1000000000000000E-03      10000000.00000000          25267344097618.05         0.4999999999500000         0.4999999999500000         0.9999999999000000E-10
      403906250.0000000         0.1000000000000000E-03      10000000.00000000          25267344097618.05         0.4999999999500000         0.4999999999500000         0.9999999999000000E-10
      405468750.0000000         0.1000000000000000E-03      10000000.00000000          25267344097618.05         0.4999999999500000         0.4999999999500000         0.9999999999000000E-10
      407031250.0000000         0.1000000000000000E-03      10000000.00000000          25267344097618.05         0.4999999999500000         0.4999999999500000         0.9999999999000000E-10
      408593750.0000000         0.1000000000000000E-03      10000000.00000000          25267344097618.05         0.4999999999500000         0.4999999999500000         0.9999999999000000E-10
      410156250.0000000         0.1000000000000000E-03      10000000.00000000          25267344097618.05         0.4999999999500000         0.4999999999500000         0.9999999999000000E-10
      411718750.0000000         0.1000000000000000E-03      10000000.00000000          25267344097618.05         0.4999999999500000         0.4999999999500000         0.9999999999000000E-10
      413281250.0000000         0.1000000000000000E-03      10000000.00000000          25267344097618.05         0.4999999999500000         0.4999999999500000         0.9999999999000000E-10
      414843750.0000000         0.1000000000000000E-03      10000000.00000000          25267344097618.05         0.4999999999500000         0.4999999999500000         0.9999999999000000E-10
      416406250.0000000         0.1000000000000000E-03      10000000.00000000          25267344097618.05         0.4999999999500000         0.4999999999500000         0.9999999999000000E-10
      417968750.0000000         0.1000000000000000E-03      10000000.00000000          25267344097618.05         0.4999999999500000         0.4999999999500000         0.9999999999000000E-10
      419531250.0000000         0.1000000000000000E-03      10000000.00000000          25267344097618.05         0.4999999999500000         0.4999999999500000         0.9999999999000000E-10
      421093750.0000000         0.1000000000000000E-03      10000000.00000000          25267344097618.05         0.4999999999500000         0.4999999999500000         0.9999999999000000E-10
      422656250.0000000         0.1000000000000000E-03      10000000.00000000          25267344097618.05         0.4999999999500000         0.4999999999500000         0.9999999999000000E-10
      424218750.0000000         0.1000000000000000E-03      10000000.00000000          25267344097618.05         0.4999999999500000         0.4999999999500000         0.9999999999000000E-10
      425781250.0000000         0.1000000000000000E-03      10000000.00000000          25267344097618.05         0.4999999999500000         0.4999999999500000         0.9999999999000000E-10
      427343750.0000000         0.1000000000000000E-03      10000000.00000000          25267344097618.05         0.4999999999500000         0.4999999999500000         0.9999999999000000E-10
      428906250.0000000         0.1000000000000000E-03      10000000.00000000          25267344097618.05         0.4999999999500000         0.4999999999500000         0.9999999999000000E-10
      430468750.0000000         0.1000000000000000E-03      10000000.00000000          25267344097618.05         0.4999999999500000         0.4999999999500000         0.9999999999000000E-10
      432031250.0000000         0.1000000000000000E-03      10000000.00000000          25267344097618.05         0.4999999999500000         0.4999999999500000         0.9999999999000000E-10
      433593750.0000000         0.1000000000000000E-03      10000000.00000000          25267344097618.05         0.4999999999500000         0.4999999999500000         0.9999999999000000E-10
      435156250.0000000         0.1000000000000000E-03      10000000.00000000          25267344097618.05         0.4999999999500000         0.4999999999500000         0.9999999999000000E-10
      436718750.0000000         0.1000000000000000E-03      10000000.00000000          25267344097618.05         0.4999999999500000         0.4999999999500000         0.9999999999000000E-10
      438281250.0000000         0.1000000000000000E-03      10000000.00000000          25267344097618.05         0.4999999999500000         0.4999999999500000         0.9999999999000000E-10
      439843750.0000000         0.1000000000000000E-03      10000000.00000000          25267344097618.05         0.4999999999500000         0.4999999999500000         0.9999999999000000E-10
      441406250.0000000         0.1000000000000000E-03      10000000.00000000          25267344097618.05         0.4999999999500000         0.4999999999500000         0.9999999999000000E-10
      442968750.0000000         0.1000000000000000E-03      10000000.00000000          25267344097618.05         0.4999999999500000         0.4999999999500000         0.9999999999000000E-10
      444531250.0000000         0.1000000000000000E-03      10000000.00000000          25267344097618.05         0.4999999999500000         0.4999999999500000         0.9999999999000000E-10
      446093750.0000000         0.1000000000000000E-03      10000000.00000000          25267344097618.05         0.4999999999500000         0.4999999999500000         0.9999999999000000E-10
      447656250.0000000         0.1000000000000000E-03      10000000.00000000          25267344097618.05         0.4999999999500000         0.4999999999500000         0.9999999999000000E-10
      449218750.0000000         0.1000000000000000E-03      10000000.00000000          25267344097618.05         0.4999999999500000         0.4999999999500000         0.9999999999000000E-10
      450781250.0000000         0.1000000000000000E-03      10000000.00000000          25267344097618.05         0.4999999999500000         0.4999999999500000         0.9999999999000000E-10
      452343750.0000000         0.1000000000000000E-03      10000000.00000000          25267344097618.05         0.4999999999500000         0.4999999999500000         0.9999999999000000E-10
      453906250.0000000         0.1000000000000000E-03      10000000.00000000          25267344097618.05         0.4999999999500000         0.4999999999500000         0.9999999999000000E-10
      455468750.0000000         0.1000000000000000E-03      10000000.00000000          25267344097618.05         0.4999999999500000         0.4999999999500000         0.9999999999000000E-10
      457031250.0000000         0.1000000000000000E-03      10000000.00000000          25267344097618.05         0.4999999999500000         0.4999999999500000         0.9999999999000000E-10
      458593750.0000000         0.1000000000000000E-03      10000000.00000000          25267344097618.05         0.4999999999500000         0.4999999999500000         0.9999999999000000E-10
      460156250.0000000         0.1000000000000000E-03      10000000.00000000          25267344097618.05         0.4999999999500000         0.4999999999500000         0.9999999999000000E-10
      461718750.0000000         0.1000000000000000E-03      10000000.00000000          25267344097618.05         0.4999999999500000         0.4999999999500000         0.9999999999000000E-10
      463281250.0000000         0.1000000000000000E-03      10000000.00000000          25267344097618.05         0.4999999999500000         0.4999999999500000         0.9999999999000000E-10
      464843750.0000000         0.1000000000000000E-03      10000000.00000000          25267344097618.05         0.4999999999500000         0.4999999999500000         0.9999999999000000E-10
      466406250.0000000         0.1000000000000000E-03      10000000.00000000          25267344097618.05         0.4999999999500000         0.4999999999500000         0.9999999999000000E-10
      467968750.0000000         0.1000000000000000E-03      10000000.00000000          25267344097618.05         0.4999999999500000         0.4999999999500000         0.9999999999000000E-10
      469531250.0000000         0.1000000000000000E-03      10000000.00000000          25267344097618.05         0.4999999999500000         0.4999999999500000         0.9999999999000000E-10
      471093750.0000000         0.1000000000000000E-03      10000000.00000000          25267344097618.05         0.4999999999500000         0.4999999999500000         0.9999999999000000E-10
      472656250.0000000         0.1000000000000000E-03      10000000.00000000          25267344097618.05         0.4999999999500000         0.4999999999500000         0.9999999999000000E-10
      474218750.0000000         0.1000000000000000E-03      10000000.00000000          25267344097618.05         0.4999999999500000         0.4999999999500000         0.9999999999000000E-10
      475781250.0000000         0.1000000000000000E-03      10000000.00000000          25267344097618.05         0.4999999999500000         0.4999999999500000         0.9999999999000000E-10
      477343750.0000000         0.1000000000000000E-03      10000000.00000000          25267344097618.05         0.4999999999500000         0.4999999999500000         0.9999999999000000E-10
      478906250.0000000         0.1000000000000000E-03      10000000.00000000          25267344097618.05         0.4999999999500000         0.4999999999500000         0.9999999999000000E-10
      480468750.0000000         0.1000000000000000E-03      10000000.00000000          25267344097618.05         0.4999999999500000         0.4999999999500000         0.9999999999000000E-10
      482031250.0000000         0.1000000000000000E-03      10000000.00000000          25267344097618.05         0.4999999999500000         0.4999999999500000         0.9999999999000000E-10
      483593750.0000000         0.1000000000000000E-03      10000000.00000000          25267344097618.05         0.4999999999500000         0.4999999999500000         0.9999999999000000E-10
      485156250.0000000         0.1000000000000000E-03      10000000.00000000          25267344097618.05         0.4999999999500000         0.4999999999500000         0.9999999999000000E-10
      486718750.0000000         0.1000000000000000E-03      10000000.00000000          25267344097618.05         0.4999999999500000         0.4999999999500000         0.9999999999000000E-10
      488281250.0000000         0.1000000000000000E-03      10000000.00000000          25267344097618.05         0.4999999999500000         0.4999999999500000         0.9999999999000000E-10
      489843750.0000000         0.1000000000000000E-03      10000000.00000000          25267344097618.05         0.4999999999500000         0.4999999999500000         0.9999999999000000E-10
      491406250.0000000         0.1000000000000000E-03      10000000.00000000          25267344097618.05         0.4999999999500000         0.4999999999500000         0.9999999999000000E-10
      492968750.0000000         0.1000000000000000E-03      10000000.00000000          25267344097618.05         0.4999999999500000         0.4999999999500000         0.9999999999000000E-10
      494531250.0000000         0.1000000000000000E-03      10000000.00000000          25267344097618.05         0.4999999999500000         0.4999999999500000         0.9999999999000000E-10
      496093750.0000000         0.1000000000000000E-03      10000000.00000000          25267344097618.05         0.4999999999500000         0.4999999999500000         0.9999999999000000E-10
      497656250.0000000         0.1000000000000000E-03      10000000.00000000          25267344097618.05         0.4999999999500000         0.4999999999500000         0.9999999999000000E-10
      499218750.0000000         0.1000000000000000E-03      10000000.00000000          25267344097618.05         0.4999999999500000         0.4999999999500000         0.9999999999000000E-10
