# npts =   240
# num of variables =     6
# density
# temperature
# pressure
# carbon-12       
# oxygen-16       
# magnesium-24    
      1041666.666666667          2674000000.000000          599900000.0000000         0.1800990885791854E+28     0.4974201554646994         0.4983201919341772         0.4259652601123398E-02
      3125000.000000000          2664392213.083800          599079411.7647059         0.1792332378766329E+28     0.4974201554646994         0.4983201919341772         0.4259652601123398E-02
      5208333.333333333          2645327259.786749          596565591.3978494         0.1775162525867796E+28     0.4974204691426582         0.4983205061797076         0.4259024677634194E-02
      7291666.666666666          2617051683.642674          592779903.3816425         0.1749773933920618E+28     0.4974206703760324         0.4983207077771953         0.4258621846772222E-02
      9375000.000000000          2579943316.093519          587678228.7822878         0.1716592965648539E+28     0.4974216577389780         0.4983216969266842         0.4256645334337857E-02
      11458333.33333333          2534484694.627604          581438888.8888888         0.1676166060109021E+28     0.4974226540708062         0.4983226950612841         0.4254650867909697E-02
      13541666.66666667          2481249751.189894          574463829.7872341         0.1629142566260116E+28     0.4974236531473552         0.4983236959455712         0.4252650907073613E-02
      15625000.00000000          2420913021.353687          566300000.0000000         0.1576254801975460E+28     0.4974247402484975         0.4983247850137240         0.4250474737778542E-02
      17708333.33333333          2354205017.541609          557101111.1111112         0.1518296261776937E+28     0.4974260123406198         0.4983260594075811         0.4247928251799119E-02
      19791666.66666666          2281905604.395939          546883050.8474576         0.1456099450794823E+28     0.4974272411251052         0.4983272904154402         0.4245468459454590E-02
      21875000.00000000          2204821504.056191          535672222.2222222         0.1390513980021030E+28     0.4974290752360883         0.4983291278450800         0.4241796918831736E-02
      23958333.33333333          2123768653.672465          523626136.3636364         0.1322385950428841E+28     0.4974301862493797         0.4983302408686488         0.4239572881971510E-02
      26041666.66666666          2039565077.439503          510843589.7435898         0.1252539136697625E+28     0.4974317052552625         0.4983317626230344         0.4236532121703161E-02
      28125000.00000000          1953010289.878962          497778947.3684211         0.1181758490721135E+28     0.4974331539197087         0.4983332139087070         0.4233632171584237E-02
      30208333.33333333          1864882290.333642          484310833.3333333         0.1110776358582099E+28     0.4974346492250206         0.4983347119196377         0.4230638855341668E-02
      32291666.66666666          1775918841.343597          470480434.7826087         0.1040261564674587E+28     0.4974356555569843         0.4983357200724673         0.4228624370548437E-02
      34375000.00000000          1686791239.990570          456531818.1818182         0.9708120111734254E+27     0.4974371761934706         0.4983372434604069         0.4225580346122431E-02
      36458333.33333333          1598127376.522990          442257377.0491804         0.9029501067137757E+27     0.4974712995474125         0.4983060090667173         0.4222691385870146E-02
      38541666.66666666          1510492664.109604          427937810.9452736         0.8371204775560466E+27     0.4974899103229762         0.4982898940983699         0.4220195578653834E-02
      40625000.00000000          1424395317.810600          413429166.6666667         0.7736901853436261E+27     0.4974913357738114         0.4982913218413874         0.4217342384801251E-02
      42708333.33333333          1340261726.452036          398907575.7575758         0.7129512765248410E+27     0.4974927173096401         0.4982927055987812         0.4214577091578745E-02
      44791666.66666666          1258457378.717399          384398170.7317073         0.6551251510665250E+27     0.4974940292728270         0.4982940196716577         0.4211951055515299E-02
      46875000.00000000          1179292063.723718          370067058.8235294         0.6003676218602208E+27     0.4974952810231440         0.4982952734348395         0.4209445542016353E-02
      48958333.33333333          1103018604.308855          355867415.7303371         0.5487748092447007E+27     0.4974964861748650         0.4982964805244929         0.4207033300642044E-02
      51041666.66666666          1029817288.692937          341874259.2592593         0.5003900843982797E+27     0.4974976490380078         0.4982976452575664         0.4204705704425808E-02
      53125000.00000000          959828649.8737080          328141397.8494624         0.4552111044075697E+27     0.4974987835084853         0.4982987815523181         0.4202434939196587E-02
      55208333.33333333          893148601.5611844          314767543.8596492         0.4131963360637649E+27     0.4974998884116479         0.4982998882322093         0.4200223356142885E-02
      57291666.66666666          829823444.3686234          301585567.0103093         0.3742717913846794E+27     0.4975010461626380         0.4983010478449096         0.4197905992452318E-02
      59375000.00000000          769860035.6402467          288904591.8367347         0.3383375157446832E+27     0.4975025437863485         0.4983025478768592         0.4194908336792285E-02
      61458333.33333333          713246153.8224632          276524915.8249158         0.3052731199184113E+27     0.4975036049999019         0.4983036107968867         0.4192784203211365E-02
      63541666.66666666          659929935.2134099          264546666.6666667         0.2749429402355631E+27     0.4975046549437627         0.4983046624290994         0.4190682627137891E-02
      65625000.00000000          609838318.2031206          252982500.0000000         0.2472008892647633E+27     0.4975057018382229         0.4983057110070080         0.4188587154769093E-02
      67708333.33333333          562886806.9655679          241837037.0370371         0.2218942588988877E+27     0.4975067521800667         0.4983067630378438         0.4186484782089481E-02
      69791666.66666666          518967181.9743480          231152188.5521886         0.1988671518478455E+27     0.4975078046327463         0.4983078171829095         0.4184378184344199E-02
      71875000.00000000          477963892.5273600          220771134.0206186         0.1779634367073912E+27     0.4975088715320365         0.4983088857978167         0.4182242670146757E-02
      73958333.33333333          439754738.1615239          210886805.5555556         0.1590289472043819E+27     0.4975099458111549         0.4983099618044191         0.4180092384426040E-02
      76041666.66666666          404205461.8030512          201475789.4736843         0.1419134295694021E+27     0.4975110317397917         0.4983110494792727         0.4177918780935551E-02
      78125000.00000000          371184356.4771610          192452631.5789474         0.1264719886007587E+27     0.4975116302508259         0.4983116489527368         0.4176720796437313E-02
      80208333.33333333          340557924.8019453          183843684.2105263         0.1125660385002525E+27     0.4975127244465385         0.4983127449079601         0.4174530645501434E-02
      82291666.66666666          312187705.9321444          175616666.6666667         0.1000641637715289E+27     0.4975134121324021         0.4983134336996501         0.4173154167947778E-02
      84375000.00000000          285942214.4414685          167871052.6315790         0.8884260115653576E+26     0.4975144082005563         0.4983144313695220         0.4171160429921742E-02
      86458333.33333333          261691385.2732179          160441578.9473684         0.7878542095167936E+26     0.4975149105218683         0.4983149344985869         0.4170154979544737E-02
      88541666.66666666          239306377.8098100          153394444.4444445         0.6978467646817529E+26     0.4975154100820440         0.4983154348620755         0.4169155055880542E-02
      90625000.00000000          218667156.8929653          146665625.0000000         0.6174030109945628E+26     0.4975159105588196         0.4983159361436378         0.4168153297542455E-02
      92708333.33333333          199653374.9251274          140303911.5646259         0.5455993905305957E+26     0.4975162701696649         0.4983162963327519         0.4167433497583179E-02
      94791666.66666666          182152118.0918132          133911784.5117845         0.4815873096179193E+26     0.4996028035203444         0.4997307503231498         0.6664461565057936E-03
      96875000.00000000          166045404.5522129          131952000.0000000         0.4245911629521590E+26     0.4999999999500000         0.4999999999500000         0.9999999999000000E-10
      98958333.33333333          151246330.6191840          130508006.5359477         0.3739021031119172E+26     0.4999999999500000         0.4999999999500000         0.9999999999000000E-10
      101041666.6666667          137661956.9193767          128973484.8484849         0.3288718514411694E+26     0.4999999999500000         0.4999999999500000         0.9999999999000000E-10
      103125000.0000000          125199034.8788607          127647727.2727273         0.2889115024888542E+26     0.4999999999500000         0.4999999999500000         0.9999999999000000E-10
      105208333.3333333          113774173.6817015          126258333.3333333         0.2534876045379907E+26     0.4999999999500000         0.4999999999500000         0.9999999999000000E-10
      107291666.6666667          103307333.6792932          124879861.1111111         0.2221176661490191E+26     0.4999999999500000         0.4999999999500000         0.9999999999000000E-10
      109375000.0000000          93723399.37258531          123606250.0000000         0.1943664711146815E+26     0.4999999999500000         0.4999999999500000         0.9999999999000000E-10
      111458333.3333333          84954223.06953309          122290972.2222222         0.1698419532931522E+26     0.4999999999500000         0.4999999999500000         0.9999999999000000E-10
      113541666.6666667          76934223.68349873          120977564.1025641         0.1481915368642094E+26     0.4999999999500000         0.4999999999500000         0.9999999999000000E-10
      115625000.0000000          69604018.78252189          119792307.6923077         0.1290987255012375E+26     0.4999999999500000         0.4999999999500000         0.9999999999000000E-10
      117708333.3333333          62907967.97313923          118545833.3333333         0.1122796846198818E+26     0.4999999999500000         0.4999999999500000         0.9999999999000000E-10
      119791666.6666667          56794640.42880035          117362500.0000000         0.9748025322055316E+25     0.4999999999500000         0.4999999999500000         0.9999999999000000E-10
      121875000.0000000          51216438.83599603          116255882.3529412         0.8447310216043542E+25     0.4999999999500000         0.4999999999500000         0.9999999999000000E-10
      123958333.3333333          46129642.03717935          115059920.6349206         0.7305509702890761E+25     0.4999999999500000         0.4999999999500000         0.9999999999000000E-10
      126041666.6666667          41493579.07413524          113960763.8888889         0.6304491314104512E+25     0.4999999999500000         0.4999999999500000         0.9999999999000000E-10
      128125000.0000000          37270799.89794859          112837500.0000000         0.5428087584242225E+25     0.4999999999500000         0.4999999999500000         0.9999999999000000E-10
      130208333.3333333          33427042.03283127          111795833.3333333         0.4661892700685635E+25     0.4999999999500000         0.4999999999500000         0.9999999999000000E-10
      132291666.6666667          29930557.11480203          110654722.2222222         0.3993080705254584E+25     0.4999999999500000         0.4999999999500000         0.9999999999000000E-10
      134375000.0000000          26752399.03904732          109461764.7058824         0.3410240494484233E+25     0.4999999999500000         0.4999999999500000         0.9999999999000000E-10
      136458333.3333333          23865460.00094445          108236274.5098039         0.2903229471316070E+25     0.4999999999500000         0.4999999999500000         0.9999999999000000E-10
      138541666.6666667          21245397.03917364          106939957.2649573         0.2463038232768081E+25     0.4999999999500000         0.4999999999500000         0.9999999999000000E-10
      140625000.0000000          18869348.33587273          105604487.1794872         0.2081668761477339E+25     0.4999999999500000         0.4999999999500000         0.9999999999000000E-10
      142708333.3333333          16716779.37892953          104194270.8333333         0.1752026002639555E+25     0.4999999999500000         0.4999999999500000         0.9999999999000000E-10
      144791666.6666667          14768450.25736708          102761979.1666667         0.1467819415078995E+25     0.4999999999500000         0.4999999999500000         0.9999999999000000E-10
      146875000.0000000          13007132.68523659          101191693.5483871         0.1223475027181492E+25     0.4999999999500000         0.4999999999500000         0.9999999999000000E-10
      148958333.3333333          11416739.29736164          99464543.01075271         0.1014055721546026E+25     0.4999999999500000         0.4999999999500000         0.9999999999000000E-10
      151041666.6666667          9982528.794581391          97737392.47311829         0.8351934879364149E+24     0.4999999999500000         0.4999999999500000         0.9999999999000000E-10
      153125000.0000000          8691264.917755820          95745725.80645162         0.6830240226388874E+24     0.4999999999500000         0.4999999999500000         0.9999999999000000E-10
      155208333.3333333          7530604.673707329          93480940.86021507         0.5541302956028650E+24     0.4999999999500000         0.4999999999500000         0.9999999999000000E-10
      157291666.6666667          6489164.675832841          91216155.91397850         0.4454949497915669E+24     0.4999999999500000         0.4999999999500000         0.9999999999000000E-10
      159375000.0000000          5556666.567375479          88951370.96774194         0.3544548849942803E+24     0.4999999999500000         0.4999999999500000         0.9999999999000000E-10
      161458333.3333333          4723722.301050849          86750000.00000000         0.2786600929030111E+24     0.4999999999500000         0.4999999999500000         0.9999999999000000E-10
      163541666.6666667          3980863.836160677          86750000.00000000         0.2160444528639051E+24     0.4999999999500000         0.4999999999500000         0.9999999999000000E-10
      165625000.0000000          3321590.046231796          86750000.00000000         0.1647841358261991E+24     0.4999999999500000         0.4999999999500000         0.9999999999000000E-10
      167708333.3333333          2738775.858337649          86750000.00000000         0.1232634942672627E+24     0.4999999999500000         0.4999999999500000         0.9999999999000000E-10
      169791666.6666667          2225955.992660769          86750000.00000000         0.9005947147457099E+23     0.4999999999500000         0.4999999999500000         0.9999999999000000E-10
      171875000.0000000          1777283.936029138          86750000.00000000         0.6391890082910989E+23     0.4999999999500000         0.4999999999500000         0.9999999999000000E-10
      173958333.3333333          1387501.269994026          86750000.00000000         0.4373817054405872E+23     0.4999999999500000         0.4999999999500000         0.9999999999000000E-10
      176041666.6666667          1051924.553127781          86750000.00000000         0.2854487908922653E+23     0.4999999999500000         0.4999999999500000         0.9999999999000000E-10
      178125000.0000000          766454.4799406505          86750000.00000000         0.1748107603356642E+23     0.4999999999500000         0.4999999999500000         0.9999999999000000E-10
      180208333.3333333          527624.9781434694          86750000.00000000         0.9787599594452903E+22     0.4999999999500000         0.4999999999500000         0.9999999999000000E-10
      182291666.6666667          332723.5162337464          86750000.00000000         0.4788803362148889E+22     0.4999999999500000         0.4999999999500000         0.9999999999000000E-10
      184375000.0000000          180151.3887487185          86750000.00000000         0.1875931259003426E+22     0.4999999999500000         0.4999999999500000         0.9999999999000000E-10
      186458333.3333333          70562.36003383431          86750000.00000000         0.4837403266670553E+21     0.4999999999500000         0.4999999999500000         0.9999999999000000E-10
      188541666.6666667          10125.40205345760          86750000.00000000         0.4557957787741730E+20     0.4999999999500000         0.4999999999500000         0.9999999999000000E-10
      190625000.0000000         0.1000000000000000E-03      10000000.00000000          25267344097618.05         0.4999999999500000         0.4999999999500000         0.9999999999000000E-10
      192708333.3333333         0.1000000000000000E-03      10000000.00000000          25267344097618.05         0.4999999999500000         0.4999999999500000         0.9999999999000000E-10
      194791666.6666667         0.1000000000000000E-03      10000000.00000000          25267344097618.05         0.4999999999500000         0.4999999999500000         0.9999999999000000E-10
      196875000.0000000         0.1000000000000000E-03      10000000.00000000          25267344097618.05         0.4999999999500000         0.4999999999500000         0.9999999999000000E-10
      198958333.3333333         0.1000000000000000E-03      10000000.00000000          25267344097618.05         0.4999999999500000         0.4999999999500000         0.9999999999000000E-10
      201041666.6666667         0.1000000000000000E-03      10000000.00000000          25267344097618.05         0.4999999999500000         0.4999999999500000         0.9999999999000000E-10
      203125000.0000000         0.1000000000000000E-03      10000000.00000000          25267344097618.05         0.4999999999500000         0.4999999999500000         0.9999999999000000E-10
      205208333.3333333         0.1000000000000000E-03      10000000.00000000          25267344097618.05         0.4999999999500000         0.4999999999500000         0.9999999999000000E-10
      207291666.6666667         0.1000000000000000E-03      10000000.00000000          25267344097618.05         0.4999999999500000         0.4999999999500000         0.9999999999000000E-10
      209375000.0000000         0.1000000000000000E-03      10000000.00000000          25267344097618.05         0.4999999999500000         0.4999999999500000         0.9999999999000000E-10
      211458333.3333333         0.1000000000000000E-03      10000000.00000000          25267344097618.05         0.4999999999500000         0.4999999999500000         0.9999999999000000E-10
      213541666.6666667         0.1000000000000000E-03      10000000.00000000          25267344097618.05         0.4999999999500000         0.4999999999500000         0.9999999999000000E-10
      215625000.0000000         0.1000000000000000E-03      10000000.00000000          25267344097618.05         0.4999999999500000         0.4999999999500000         0.9999999999000000E-10
      217708333.3333333         0.1000000000000000E-03      10000000.00000000          25267344097618.05         0.4999999999500000         0.4999999999500000         0.9999999999000000E-10
      219791666.6666667         0.1000000000000000E-03      10000000.00000000          25267344097618.05         0.4999999999500000         0.4999999999500000         0.9999999999000000E-10
      221875000.0000000         0.1000000000000000E-03      10000000.00000000          25267344097618.05         0.4999999999500000         0.4999999999500000         0.9999999999000000E-10
      223958333.3333333         0.1000000000000000E-03      10000000.00000000          25267344097618.05         0.4999999999500000         0.4999999999500000         0.9999999999000000E-10
      226041666.6666667         0.1000000000000000E-03      10000000.00000000          25267344097618.05         0.4999999999500000         0.4999999999500000         0.9999999999000000E-10
      228125000.0000000         0.1000000000000000E-03      10000000.00000000          25267344097618.05         0.4999999999500000         0.4999999999500000         0.9999999999000000E-10
      230208333.3333333         0.1000000000000000E-03      10000000.00000000          25267344097618.05         0.4999999999500000         0.4999999999500000         0.9999999999000000E-10
      232291666.6666667         0.1000000000000000E-03      10000000.00000000          25267344097618.05         0.4999999999500000         0.4999999999500000         0.9999999999000000E-10
      234375000.0000000         0.1000000000000000E-03      10000000.00000000          25267344097618.05         0.4999999999500000         0.4999999999500000         0.9999999999000000E-10
      236458333.3333333         0.1000000000000000E-03      10000000.00000000          25267344097618.05         0.4999999999500000         0.4999999999500000         0.9999999999000000E-10
      238541666.6666667         0.1000000000000000E-03      10000000.00000000          25267344097618.05         0.4999999999500000         0.4999999999500000         0.9999999999000000E-10
      240625000.0000000         0.1000000000000000E-03      10000000.00000000          25267344097618.05         0.4999999999500000         0.4999999999500000         0.9999999999000000E-10
      242708333.3333333         0.1000000000000000E-03      10000000.00000000          25267344097618.05         0.4999999999500000         0.4999999999500000         0.9999999999000000E-10
      244791666.6666667         0.1000000000000000E-03      10000000.00000000          25267344097618.05         0.4999999999500000         0.4999999999500000         0.9999999999000000E-10
      246875000.0000000         0.1000000000000000E-03      10000000.00000000          25267344097618.05         0.4999999999500000         0.4999999999500000         0.9999999999000000E-10
      248958333.3333333         0.1000000000000000E-03      10000000.00000000          25267344097618.05         0.4999999999500000         0.4999999999500000         0.9999999999000000E-10
      251041666.6666667         0.1000000000000000E-03      10000000.00000000          25267344097618.05         0.4999999999500000         0.4999999999500000         0.9999999999000000E-10
      253125000.0000000         0.1000000000000000E-03      10000000.00000000          25267344097618.05         0.4999999999500000         0.4999999999500000         0.9999999999000000E-10
      255208333.3333333         0.1000000000000000E-03      10000000.00000000          25267344097618.05         0.4999999999500000         0.4999999999500000         0.9999999999000000E-10
      257291666.6666667         0.1000000000000000E-03      10000000.00000000          25267344097618.05         0.4999999999500000         0.4999999999500000         0.9999999999000000E-10
      259375000.0000000         0.1000000000000000E-03      10000000.00000000          25267344097618.05         0.4999999999500000         0.4999999999500000         0.9999999999000000E-10
      261458333.3333333         0.1000000000000000E-03      10000000.00000000          25267344097618.05         0.4999999999500000         0.4999999999500000         0.9999999999000000E-10
      263541666.6666667         0.1000000000000000E-03      10000000.00000000          25267344097618.05         0.4999999999500000         0.4999999999500000         0.9999999999000000E-10
      265625000.0000000         0.1000000000000000E-03      10000000.00000000          25267344097618.05         0.4999999999500000         0.4999999999500000         0.9999999999000000E-10
      267708333.3333333         0.1000000000000000E-03      10000000.00000000          25267344097618.05         0.4999999999500000         0.4999999999500000         0.9999999999000000E-10
      269791666.6666666         0.1000000000000000E-03      10000000.00000000          25267344097618.05         0.4999999999500000         0.4999999999500000         0.9999999999000000E-10
      271875000.0000000         0.1000000000000000E-03      10000000.00000000          25267344097618.05         0.4999999999500000         0.4999999999500000         0.9999999999000000E-10
      273958333.3333333         0.1000000000000000E-03      10000000.00000000          25267344097618.05         0.4999999999500000         0.4999999999500000         0.9999999999000000E-10
      276041666.6666666         0.1000000000000000E-03      10000000.00000000          25267344097618.05         0.4999999999500000         0.4999999999500000         0.9999999999000000E-10
      278125000.0000000         0.1000000000000000E-03      10000000.00000000          25267344097618.05         0.4999999999500000         0.4999999999500000         0.9999999999000000E-10
      280208333.3333333         0.1000000000000000E-03      10000000.00000000          25267344097618.05         0.4999999999500000         0.4999999999500000         0.9999999999000000E-10
      282291666.6666666         0.1000000000000000E-03      10000000.00000000          25267344097618.05         0.4999999999500000         0.4999999999500000         0.9999999999000000E-10
      284375000.0000000         0.1000000000000000E-03      10000000.00000000          25267344097618.05         0.4999999999500000         0.4999999999500000         0.9999999999000000E-10
      286458333.3333333         0.1000000000000000E-03      10000000.00000000          25267344097618.05         0.4999999999500000         0.4999999999500000         0.9999999999000000E-10
      288541666.6666666         0.1000000000000000E-03      10000000.00000000          25267344097618.05         0.4999999999500000         0.4999999999500000         0.9999999999000000E-10
      290625000.0000000         0.1000000000000000E-03      10000000.00000000          25267344097618.05         0.4999999999500000         0.4999999999500000         0.9999999999000000E-10
      292708333.3333333         0.1000000000000000E-03      10000000.00000000          25267344097618.05         0.4999999999500000         0.4999999999500000         0.9999999999000000E-10
      294791666.6666666         0.1000000000000000E-03      10000000.00000000          25267344097618.05         0.4999999999500000         0.4999999999500000         0.9999999999000000E-10
      296875000.0000000         0.1000000000000000E-03      10000000.00000000          25267344097618.05         0.4999999999500000         0.4999999999500000         0.9999999999000000E-10
      298958333.3333333         0.1000000000000000E-03      10000000.00000000          25267344097618.05         0.4999999999500000         0.4999999999500000         0.9999999999000000E-10
      301041666.6666666         0.1000000000000000E-03      10000000.00000000          25267344097618.05         0.4999999999500000         0.4999999999500000         0.9999999999000000E-10
      303125000.0000000         0.1000000000000000E-03      10000000.00000000          25267344097618.05         0.4999999999500000         0.4999999999500000         0.9999999999000000E-10
      305208333.3333333         0.1000000000000000E-03      10000000.00000000          25267344097618.05         0.4999999999500000         0.4999999999500000         0.9999999999000000E-10
      307291666.6666666         0.1000000000000000E-03      10000000.00000000          25267344097618.05         0.4999999999500000         0.4999999999500000         0.9999999999000000E-10
      309375000.0000000         0.1000000000000000E-03      10000000.00000000          25267344097618.05         0.4999999999500000         0.4999999999500000         0.9999999999000000E-10
      311458333.3333333         0.1000000000000000E-03      10000000.00000000          25267344097618.05         0.4999999999500000         0.4999999999500000         0.9999999999000000E-10
      313541666.6666666         0.1000000000000000E-03      10000000.00000000          25267344097618.05         0.4999999999500000         0.4999999999500000         0.9999999999000000E-10
      315625000.0000000         0.1000000000000000E-03      10000000.00000000          25267344097618.05         0.4999999999500000         0.4999999999500000         0.9999999999000000E-10
      317708333.3333333         0.1000000000000000E-03      10000000.00000000          25267344097618.05         0.4999999999500000         0.4999999999500000         0.9999999999000000E-10
      319791666.6666666         0.1000000000000000E-03      10000000.00000000          25267344097618.05         0.4999999999500000         0.4999999999500000         0.9999999999000000E-10
      321875000.0000000         0.1000000000000000E-03      10000000.00000000          25267344097618.05         0.4999999999500000         0.4999999999500000         0.9999999999000000E-10
      323958333.3333333         0.1000000000000000E-03      10000000.00000000          25267344097618.05         0.4999999999500000         0.4999999999500000         0.9999999999000000E-10
      326041666.6666666         0.1000000000000000E-03      10000000.00000000          25267344097618.05         0.4999999999500000         0.4999999999500000         0.9999999999000000E-10
      328125000.0000000         0.1000000000000000E-03      10000000.00000000          25267344097618.05         0.4999999999500000         0.4999999999500000         0.9999999999000000E-10
      330208333.3333333         0.1000000000000000E-03      10000000.00000000          25267344097618.05         0.4999999999500000         0.4999999999500000         0.9999999999000000E-10
      332291666.6666666         0.1000000000000000E-03      10000000.00000000          25267344097618.05         0.4999999999500000         0.4999999999500000         0.9999999999000000E-10
      334375000.0000000         0.1000000000000000E-03      10000000.00000000          25267344097618.05         0.4999999999500000         0.4999999999500000         0.9999999999000000E-10
      336458333.3333333         0.1000000000000000E-03      10000000.00000000          25267344097618.05         0.4999999999500000         0.4999999999500000         0.9999999999000000E-10
      338541666.6666666         0.1000000000000000E-03      10000000.00000000          25267344097618.05         0.4999999999500000         0.4999999999500000         0.9999999999000000E-10
      340625000.0000000         0.1000000000000000E-03      10000000.00000000          25267344097618.05         0.4999999999500000         0.4999999999500000         0.9999999999000000E-10
      342708333.3333333         0.1000000000000000E-03      10000000.00000000          25267344097618.05         0.4999999999500000         0.4999999999500000         0.9999999999000000E-10
      344791666.6666666         0.1000000000000000E-03      10000000.00000000          25267344097618.05         0.4999999999500000         0.4999999999500000         0.9999999999000000E-10
      346875000.0000000         0.1000000000000000E-03      10000000.00000000          25267344097618.05         0.4999999999500000         0.4999999999500000         0.9999999999000000E-10
      348958333.3333333         0.1000000000000000E-03      10000000.00000000          25267344097618.05         0.4999999999500000         0.4999999999500000         0.9999999999000000E-10
      351041666.6666666         0.1000000000000000E-03      10000000.00000000          25267344097618.05         0.4999999999500000         0.4999999999500000         0.9999999999000000E-10
      353125000.0000000         0.1000000000000000E-03      10000000.00000000          25267344097618.05         0.4999999999500000         0.4999999999500000         0.9999999999000000E-10
      355208333.3333333         0.1000000000000000E-03      10000000.00000000          25267344097618.05         0.4999999999500000         0.4999999999500000         0.9999999999000000E-10
      357291666.6666666         0.1000000000000000E-03      10000000.00000000          25267344097618.05         0.4999999999500000         0.4999999999500000         0.9999999999000000E-10
      359375000.0000000         0.1000000000000000E-03      10000000.00000000          25267344097618.05         0.4999999999500000         0.4999999999500000         0.9999999999000000E-10
      361458333.3333333         0.1000000000000000E-03      10000000.00000000          25267344097618.05         0.4999999999500000         0.4999999999500000         0.9999999999000000E-10
      363541666.6666666         0.1000000000000000E-03      10000000.00000000          25267344097618.05         0.4999999999500000         0.4999999999500000         0.9999999999000000E-10
      365625000.0000000         0.1000000000000000E-03      10000000.00000000          25267344097618.05         0.4999999999500000         0.4999999999500000         0.9999999999000000E-10
      367708333.3333333         0.1000000000000000E-03      10000000.00000000          25267344097618.05         0.4999999999500000         0.4999999999500000         0.9999999999000000E-10
      369791666.6666666         0.1000000000000000E-03      10000000.00000000          25267344097618.05         0.4999999999500000         0.4999999999500000         0.9999999999000000E-10
      371875000.0000000         0.1000000000000000E-03      10000000.00000000          25267344097618.05         0.4999999999500000         0.4999999999500000         0.9999999999000000E-10
      373958333.3333333         0.1000000000000000E-03      10000000.00000000          25267344097618.05         0.4999999999500000         0.4999999999500000         0.9999999999000000E-10
      376041666.6666666         0.1000000000000000E-03      10000000.00000000          25267344097618.05         0.4999999999500000         0.4999999999500000         0.9999999999000000E-10
      378125000.0000000         0.1000000000000000E-03      10000000.00000000          25267344097618.05         0.4999999999500000         0.4999999999500000         0.9999999999000000E-10
      380208333.3333333         0.1000000000000000E-03      10000000.00000000          25267344097618.05         0.4999999999500000         0.4999999999500000         0.9999999999000000E-10
      382291666.6666666         0.1000000000000000E-03      10000000.00000000          25267344097618.05         0.4999999999500000         0.4999999999500000         0.9999999999000000E-10
      384375000.0000000         0.1000000000000000E-03      10000000.00000000          25267344097618.05         0.4999999999500000         0.4999999999500000         0.9999999999000000E-10
      386458333.3333333         0.1000000000000000E-03      10000000.00000000          25267344097618.05         0.4999999999500000         0.4999999999500000         0.9999999999000000E-10
      388541666.6666666         0.1000000000000000E-03      10000000.00000000          25267344097618.05         0.4999999999500000         0.4999999999500000         0.9999999999000000E-10
      390625000.0000000         0.1000000000000000E-03      10000000.00000000          25267344097618.05         0.4999999999500000         0.4999999999500000         0.9999999999000000E-10
      392708333.3333333         0.1000000000000000E-03      10000000.00000000          25267344097618.05         0.4999999999500000         0.4999999999500000         0.9999999999000000E-10
      394791666.6666666         0.1000000000000000E-03      10000000.00000000          25267344097618.05         0.4999999999500000         0.4999999999500000         0.9999999999000000E-10
      396875000.0000000         0.1000000000000000E-03      10000000.00000000          25267344097618.05         0.4999999999500000         0.4999999999500000         0.9999999999000000E-10
      398958333.3333333         0.1000000000000000E-03      10000000.00000000          25267344097618.05         0.4999999999500000         0.4999999999500000         0.9999999999000000E-10
      401041666.6666666         0.1000000000000000E-03      10000000.00000000          25267344097618.05         0.4999999999500000         0.4999999999500000         0.9999999999000000E-10
      403125000.0000000         0.1000000000000000E-03      10000000.00000000          25267344097618.05         0.4999999999500000         0.4999999999500000         0.9999999999000000E-10
      405208333.3333333         0.1000000000000000E-03      10000000.00000000          25267344097618.05         0.4999999999500000         0.4999999999500000         0.9999999999000000E-10
      407291666.6666666         0.1000000000000000E-03      10000000.00000000          25267344097618.05         0.4999999999500000         0.4999999999500000         0.9999999999000000E-10
      409375000.0000000         0.1000000000000000E-03      10000000.00000000          25267344097618.05         0.4999999999500000         0.4999999999500000         0.9999999999000000E-10
      411458333.3333333         0.1000000000000000E-03      10000000.00000000          25267344097618.05         0.4999999999500000         0.4999999999500000         0.9999999999000000E-10
      413541666.6666666         0.1000000000000000E-03      10000000.00000000          25267344097618.05         0.4999999999500000         0.4999999999500000         0.9999999999000000E-10
      415625000.0000000         0.1000000000000000E-03      10000000.00000000          25267344097618.05         0.4999999999500000         0.4999999999500000         0.9999999999000000E-10
      417708333.3333333         0.1000000000000000E-03      10000000.00000000          25267344097618.05         0.4999999999500000         0.4999999999500000         0.9999999999000000E-10
      419791666.6666666         0.1000000000000000E-03      10000000.00000000          25267344097618.05         0.4999999999500000         0.4999999999500000         0.9999999999000000E-10
      421875000.0000000         0.1000000000000000E-03      10000000.00000000          25267344097618.05         0.4999999999500000         0.4999999999500000         0.9999999999000000E-10
      423958333.3333333         0.1000000000000000E-03      10000000.00000000          25267344097618.05         0.4999999999500000         0.4999999999500000         0.9999999999000000E-10
      426041666.6666666         0.1000000000000000E-03      10000000.00000000          25267344097618.05         0.4999999999500000         0.4999999999500000         0.9999999999000000E-10
      428125000.0000000         0.1000000000000000E-03      10000000.00000000          25267344097618.05         0.4999999999500000         0.4999999999500000         0.9999999999000000E-10
      430208333.3333333         0.1000000000000000E-03      10000000.00000000          25267344097618.05         0.4999999999500000         0.4999999999500000         0.9999999999000000E-10
      432291666.6666666         0.1000000000000000E-03      10000000.00000000          25267344097618.05         0.4999999999500000         0.4999999999500000         0.9999999999000000E-10
      434375000.0000000         0.1000000000000000E-03      10000000.00000000          25267344097618.05         0.4999999999500000         0.4999999999500000         0.9999999999000000E-10
      436458333.3333333         0.1000000000000000E-03      10000000.00000000          25267344097618.05         0.4999999999500000         0.4999999999500000         0.9999999999000000E-10
      438541666.6666666         0.1000000000000000E-03      10000000.00000000          25267344097618.05         0.4999999999500000         0.4999999999500000         0.9999999999000000E-10
      440625000.0000000         0.1000000000000000E-03      10000000.00000000          25267344097618.05         0.4999999999500000         0.4999999999500000         0.9999999999000000E-10
      442708333.3333333         0.1000000000000000E-03      10000000.00000000          25267344097618.05         0.4999999999500000         0.4999999999500000         0.9999999999000000E-10
      444791666.6666666         0.1000000000000000E-03      10000000.00000000          25267344097618.05         0.4999999999500000         0.4999999999500000         0.9999999999000000E-10
      446875000.0000000         0.1000000000000000E-03      10000000.00000000          25267344097618.05         0.4999999999500000         0.4999999999500000         0.9999999999000000E-10
      448958333.3333333         0.1000000000000000E-03      10000000.00000000          25267344097618.05         0.4999999999500000         0.4999999999500000         0.9999999999000000E-10
      451041666.6666666         0.1000000000000000E-03      10000000.00000000          25267344097618.05         0.4999999999500000         0.4999999999500000         0.9999999999000000E-10
      453125000.0000000         0.1000000000000000E-03      10000000.00000000          25267344097618.05         0.4999999999500000         0.4999999999500000         0.9999999999000000E-10
      455208333.3333333         0.1000000000000000E-03      10000000.00000000          25267344097618.05         0.4999999999500000         0.4999999999500000         0.9999999999000000E-10
      457291666.6666666         0.1000000000000000E-03      10000000.00000000          25267344097618.05         0.4999999999500000         0.4999999999500000         0.9999999999000000E-10
      459375000.0000000         0.1000000000000000E-03      10000000.00000000          25267344097618.05         0.4999999999500000         0.4999999999500000         0.9999999999000000E-10
      461458333.3333333         0.1000000000000000E-03      10000000.00000000          25267344097618.05         0.4999999999500000         0.4999999999500000         0.9999999999000000E-10
      463541666.6666666         0.1000000000000000E-03      10000000.00000000          25267344097618.05         0.4999999999500000         0.4999999999500000         0.9999999999000000E-10
      465625000.0000000         0.1000000000000000E-03      10000000.00000000          25267344097618.05         0.4999999999500000         0.4999999999500000         0.9999999999000000E-10
      467708333.3333333         0.1000000000000000E-03      10000000.00000000          25267344097618.05         0.4999999999500000         0.4999999999500000         0.9999999999000000E-10
      469791666.6666666         0.1000000000000000E-03      10000000.00000000          25267344097618.05         0.4999999999500000         0.4999999999500000         0.9999999999000000E-10
      471875000.0000000         0.1000000000000000E-03      10000000.00000000          25267344097618.05         0.4999999999500000         0.4999999999500000         0.9999999999000000E-10
      473958333.3333333         0.1000000000000000E-03      10000000.00000000          25267344097618.05         0.4999999999500000         0.4999999999500000         0.9999999999000000E-10
      476041666.6666666         0.1000000000000000E-03      10000000.00000000          25267344097618.05         0.4999999999500000         0.4999999999500000         0.9999999999000000E-10
      478125000.0000000         0.1000000000000000E-03      10000000.00000000          25267344097618.05         0.4999999999500000         0.4999999999500000         0.9999999999000000E-10
      480208333.3333333         0.1000000000000000E-03      10000000.00000000          25267344097618.05         0.4999999999500000         0.4999999999500000         0.9999999999000000E-10
      482291666.6666666         0.1000000000000000E-03      10000000.00000000          25267344097618.05         0.4999999999500000         0.4999999999500000         0.9999999999000000E-10
      484375000.0000000         0.1000000000000000E-03      10000000.00000000          25267344097618.05         0.4999999999500000         0.4999999999500000         0.9999999999000000E-10
      486458333.3333333         0.1000000000000000E-03      10000000.00000000          25267344097618.05         0.4999999999500000         0.4999999999500000         0.9999999999000000E-10
      488541666.6666666         0.1000000000000000E-03      10000000.00000000          25267344097618.05         0.4999999999500000         0.4999999999500000         0.9999999999000000E-10
      490625000.0000000         0.1000000000000000E-03      10000000.00000000          25267344097618.05         0.4999999999500000         0.4999999999500000         0.9999999999000000E-10
      492708333.3333333         0.1000000000000000E-03      10000000.00000000          25267344097618.05         0.4999999999500000         0.4999999999500000         0.9999999999000000E-10
      494791666.6666666         0.1000000000000000E-03      10000000.00000000          25267344097618.05         0.4999999999500000         0.4999999999500000         0.9999999999000000E-10
      496875000.0000000         0.1000000000000000E-03      10000000.00000000          25267344097618.05         0.4999999999500000         0.4999999999500000         0.9999999999000000E-10
      498958333.3333333         0.1000000000000000E-03      10000000.00000000          25267344097618.05         0.4999999999500000         0.4999999999500000         0.9999999999000000E-10
