# npts =   512
# num of variables =     6
# density
# temperature
# pressure
# carbon-12       
# oxygen-16       
# magnesium-24    
      488281.2500000000          2674000000.000000          599900000.0000000         0.1800990885791854E+28     0.4974201554646994         0.4983201919341772         0.4259652601123398E-02
      1464843.750000000          2671882395.088660          599900000.0000000         0.1799085712444836E+28     0.4974201554646994         0.4983201919341772         0.4259652601123398E-02
      2441406.250000000          2667659853.563972          599646607.0193638         0.1795282521957596E+28     0.4974201554646994         0.4983201919341772         0.4259652601123398E-02
      3417968.750000000          2661353786.009012          598791385.1351352         0.1789595713109380E+28     0.4974201554646994         0.4983201919341772         0.4259652601123398E-02
      4394531.250000000          2652973853.086234          597694669.1176471         0.1782046703634723E+28     0.4974201554646994         0.4983201919341772         0.4259652601123398E-02
      5371093.750000000          2642546246.905392          596303074.5967742         0.1772663815117323E+28     0.4974206556950196         0.4983206930696186         0.4258651235361717E-02
      6347656.250000000          2630102467.579110          594589317.4342105         0.1761482052404395E+28     0.4974206578799217         0.4983206952584741         0.4258646861604163E-02
      7324218.750000000          2615675277.260321          592704420.2898551         0.1748542858102560E+28     0.4974207173115500         0.4983207547976384         0.4258527890811701E-02
      8300781.250000000          2599311695.357607          590451375.4045308         0.1733893813709664E+28     0.4974211553217358         0.4983211936003638         0.4257651077900344E-02
      9277343.750000000          2581056631.786641          587930477.3985239         0.1717588284221257E+28     0.4974216577389780         0.4983216969266842         0.4256645334337857E-02
      10253906.25000000          2560961745.407318          585175067.9347826         0.1699685063919037E+28     0.4974221551827918         0.4983221952705774         0.4255649546630807E-02
      11230468.75000000          2539084925.733225          582160096.1538461         0.1680247960379656E+28     0.4974223665369250         0.4983224070071365         0.4255226455938453E-02
      12207031.25000000          2515484084.816840          579043229.1666666         0.1659345367136172E+28     0.4974226576020537         0.4983226985989212         0.4254643799025046E-02
      13183593.75000000          2490226343.934376          575733975.2906977         0.1637049809634612E+28     0.4974233095960972         0.4983233517726885         0.4253338631214347E-02
      14160156.25000000          2463383819.241228          572101406.2500000         0.1613437433506957E+28     0.4974238665525622         0.4983239097369154         0.4252223710522450E-02
      15136718.75000000          2435024750.854134          568344630.6818181         0.1588587530197667E+28     0.4974242980789536         0.4983243420441145         0.4251359876931958E-02
      16113281.25000000          2405230269.234817          564242753.2327586         0.1562582030470736E+28     0.4974251547900777         0.4983252003053795         0.4249644904542823E-02
      17089843.75000000          2374074874.043746          559955703.1250000         0.1535504981811313E+28     0.4974254979830976         0.4983255441193759         0.4248957897526589E-02
      18066406.25000000          2341640769.775648          555399036.4583334         0.1507442070062529E+28     0.4974263092142934         0.4983263568184206         0.4247333967285995E-02
      19042968.75000000          2308006288.686174          550723591.1885246         0.1478480118628210E+28     0.4974271158108993         0.4983271648744895         0.4245719314611152E-02
      20019531.25000000          2273259105.597750          545724417.3728814         0.1448706592105862E+28     0.4974274351688779         0.4983274848103174         0.4245080020804591E-02
      20996093.75000000          2237480515.164656          540505455.0438596         0.1418209107424145E+28     0.4974282819340260         0.4983283331076099         0.4243384958364119E-02
      21972656.25000000          2200753399.896718          535128360.8490566         0.1387075024535203E+28     0.4974291543227348         0.4983292070748266         0.4241638602438489E-02
      22949218.75000000          2163163512.564614          529536531.2500000         0.1355390990681189E+28     0.4974296112075214         0.4983296647863046         0.4240724006173957E-02
      23925781.25000000          2124793242.802464          523824762.2282609         0.1323242530495420E+28     0.4974301542159486         0.4983302087772561         0.4239637006795352E-02
      24902343.75000000          2085728803.694462          517904538.6904762         0.1290713655624607E+28     0.4974307897149041         0.4983308454260891         0.4238364859006742E-02
      25878906.25000000          2046051944.859699          511876241.9871795         0.1257886497321014E+28     0.4974316515759898         0.4983317088466339         0.4236639577376308E-02
      26855468.75000000          2005845232.134437          505782689.1447368         0.1224840993918159E+28     0.4974322659030205         0.4983323242852335         0.4235409811745973E-02
      27832031.25000000          1965188984.774679          499640878.3783784         0.1191654584366698E+28     0.4974330625355005         0.4983331223591474         0.4233815105352122E-02
      28808593.75000000          1924162285.848596          493422409.5394737         0.1158401946783021E+28     0.4974336533317935         0.4983337142244324         0.4232632443774103E-02
      29785156.25000000          1882845794.289979          487059254.8076923         0.1125154731172646E+28     0.4974341538290019         0.4983342156272449         0.4231630543753134E-02
      30761718.75000000          1841313730.250802          480624665.1785714         0.1091981358302287E+28     0.4974348359759547         0.4983348990084805         0.4230265015564874E-02
      31738281.25000000          1799638182.389475          474134446.0227273         0.1058946888448075E+28     0.4974354796774439         0.4983355438746890         0.4228976447866972E-02
      32714843.75000000          1757886567.105909          467693583.7765958         0.1026112904812679E+28     0.4974360423568589         0.4983361075722211         0.4227850070920050E-02
      33691406.25000000          1716128428.543085          461157291.6666667         0.9935373885977662E+27     0.4974366548528364         0.4983367211764543         0.4226623970709276E-02
      34667968.75000000          1674427451.769728          454560937.5000000         0.9612746230559330E+27     0.4974374411835026         0.4983375089299143         0.4225049886582994E-02
      35644531.25000000          1632846273.723377          447887155.7203390         0.9293751572415289E+27     0.4974378031916026         0.4983378715930349         0.4224325215362465E-02
      36621093.75000000          1591445040.192031          441136731.5573770         0.8978857597774511E+27     0.4974848419044898         0.4982928477247643         0.4222310370745798E-02
      37597656.25000000          1550277538.742911          434439302.8846154         0.8668494466705289E+27     0.4974896362624125         0.4982896195971059         0.4220744140481669E-02
      38574218.75000000          1509397820.438679          427714319.0298507         0.8363055094069994E+27     0.4974899105646777         0.4982898943404602         0.4220195094862046E-02
      39550781.25000000          1468858946.751516          420869256.1619718         0.8062895048921635E+27     0.4974905858588625         0.4982905707205451         0.4218843420592365E-02
      40527343.75000000          1428703527.786428          414107335.0694444         0.7768333685456811E+27     0.4974912682984147         0.4982912542574875         0.4217477444097647E-02
      41503906.25000000          1388976266.979849          407263548.5197368         0.7479655241847284E+27     0.4974919329760196         0.4982919200039208         0.4216147020059632E-02
      42480468.75000000          1349713809.444562          400475994.3181818         0.7197109790341881E+27     0.4974925700897989         0.4982925581422046         0.4214871767996642E-02
      43457031.25000000          1310953391.623897          393718136.8670886         0.6920914533508335E+27     0.4974931964351667         0.4982931854947610         0.4213618070072378E-02
      44433593.75000000          1272731639.340906          386894843.7500000         0.6651254403580323E+27     0.4974938084369204         0.4982937984806381         0.4212393082441483E-02
      45410156.25000000          1235079014.320588          380098926.9578313         0.6388283436304330E+27     0.4974944082565060         0.4982943992647577         0.4211192478736296E-02
      46386718.75000000          1198021903.779619          373398860.2941176         0.6132126639773559E+27     0.4974949923827625         0.4982949843303127         0.4210023286924773E-02
      47363281.25000000          1161588750.919364          366725163.5174419         0.5882881090056630E+27     0.4974955677854125         0.4982955606582333         0.4208871556354183E-02
      48339843.75000000          1125801703.329655          360056232.0402299         0.5640617270768518E+27     0.4974961335079415         0.4982961272904669         0.4207739201591613E-02
      49316406.25000000          1090678092.491914          353453441.0112360         0.5405381227156643E+27     0.4974966883324159         0.4982966830071214         0.4206628660462674E-02
      50292968.75000000          1056234138.614535          346913541.6666667         0.5177196229487647E+27     0.4974972327925621         0.4982972283427813         0.4205538864656690E-02
      51269531.25000000          1022486355.421433          340329843.7500000         0.4956063900691308E+27     0.4974977762549007         0.4982977726790292         0.4204451066069985E-02
      52246093.75000000          989446164.8829931          333899388.5869565         0.4741965756414964E+27     0.4974983085564470         0.4982983058365378         0.4203385607015096E-02
      53222656.25000000          957124347.8835403          327500856.8548387         0.4534864874172716E+27     0.4974988362714847         0.4982988344001625         0.4202329328352743E-02
      54199218.75000000          925529577.3893733          321243284.5744681         0.4334707228653235E+27     0.4974993546368245         0.4982993535990546         0.4201291764120848E-02
      55175781.25000000          894669424.8782190          314976562.5000000         0.4141423066700608E+27     0.4974998711941740         0.4982998709870490         0.4200257818777000E-02
      56152343.75000000          864546233.9430517          308706003.2894737         0.3954928591461358E+27     0.4975003829934692         0.4983003836093381         0.4199233397192737E-02
      57128906.25000000          835159311.0272477          302594335.9375000         0.3775127850387014E+27     0.4975008941517820         0.4983008955896140         0.4198210258603959E-02
      58105468.75000000          806510864.7911152          296551739.6907216         0.3601913735905474E+27     0.4975018851178268         0.4983018881491721         0.4196226733001107E-02
      59082031.25000000          778600124.7571162          290668383.2908163         0.3435168917817928E+27     0.4975023937130957         0.4983023975622826         0.4195208724621713E-02
      60058593.75000000          751425959.8097622          284789078.4438776         0.3274767097421575E+27     0.4975028942889242         0.4983028989430571         0.4194206768018727E-02
      61035156.25000000          724985067.5223444          279006218.1122449         0.3120574132285365E+27     0.4975033902095660         0.4983033956611593         0.4193214129274638E-02
      62011718.75000000          699271802.4792812          273282859.8484849         0.2972449333352526E+27     0.4975038858751787         0.4983038921238223         0.4192222000998992E-02
      62988281.25000000          674278171.0921975          267655350.3787879         0.2830246740060813E+27     0.4975043768732758         0.4983043839114640         0.4191239215260210E-02
      63964843.75000000          649996102.9687084          262176875.0000000         0.2693816117710046E+27     0.4975048675837376         0.4983048754110080         0.4190257005254302E-02
      64941406.25000000          626419651.1726933          256747743.0555556         0.2563003443820792E+27     0.4975053583368623         0.4983053669532834         0.4189274709854173E-02
      65917968.75000000          603539217.6603260          251371171.8750000         0.2437651709304681E+27     0.4975058490511134         0.4983058584566228         0.4188292492263715E-02
      66894531.25000000          581345584.4846053          246125236.7424242         0.2317601868814598E+27     0.4975063398043214         0.4983063499989816         0.4187310196697072E-02
      67871093.75000000          559828106.5233374          240982133.8383838         0.2202693513099203E+27     0.4975068347914546         0.4983068457820740         0.4186319426471462E-02
      68847656.25000000          538974337.7351871          235936316.2878788         0.2092765721905208E+27     0.4975073263010533         0.4983073380820399         0.4185335616906852E-02
      69824218.75000000          518772019.5830259          230987784.0909091         0.1987657713163037E+27     0.4975078211550915         0.4983078337318234         0.4184345113085066E-02
      70800781.25000000          499210260.1864685          226096093.7500000         0.1887209133173806E+27     0.4975083169080877         0.4983083302820103         0.4183352809902017E-02
      71777343.75000000          480276281.5519827          221254381.4432990         0.1791260512275187E+27     0.4975088209427898         0.4983088351272205         0.4182343929989686E-02
      72753906.25000000          461957186.4860534          216587661.0824742         0.1699653835759295E+27     0.4975093227124378         0.4983093377037342         0.4181339583828055E-02
      73730468.75000000          444240611.5849796          211956539.9484536         0.1612232840189534E+27     0.4975098277544819         0.4983098435579062         0.4180328687611899E-02
      74707031.25000000          427111212.4411495          207455273.4375000         0.1528843550890277E+27     0.4975103338240685         0.4983103504412730         0.4179315734658558E-02
      75683593.75000000          410555091.4864758          203066194.6614583         0.1449334702970841E+27     0.4975108442488925         0.4983108616868807         0.4178294064226736E-02
      76660156.25000000          394559681.5063212          198741414.4736842         0.1373557715078041E+27     0.4975113556475961         0.4983113739079340         0.4177270444469874E-02
      77636718.75000000          379110663.8066568          194516266.4473684         0.1301366940826440E+27     0.4975114125280322         0.4983114308798361         0.4177156592131621E-02
      78613281.25000000          364195041.6141009          190396710.5263158         0.1232619899495300E+27     0.4975118859680938         0.4983119050812084         0.4176208950697793E-02
      79589843.75000000          349798439.5270552          186382746.7105263         0.1167177442481845E+27     0.4975123974034183         0.4983124173389414         0.4175185257640243E-02
      80566406.25000000          335906675.4699329          182374783.9095745         0.1104904003594267E+27     0.4975129138507443         0.4983129346167355         0.4174151532520203E-02
      81542968.75000000          322504810.7107350          178532648.0263158         0.1045667766318162E+27     0.4975134082113779         0.4983134297723208         0.4173162016301239E-02
      82519531.25000000          309580511.9743810          174743832.2368421         0.9893405955828075E+26     0.4975134493759973         0.4983134710031346         0.4173079620868097E-02
      83496093.75000000          297119299.6159018          171142204.1223404         0.9357980748191518E+26     0.4975139613499149         0.4983139838003268         0.4172054849758276E-02
      84472656.25000000          285109573.0492141          167511266.4473684         0.8849195098659010E+26     0.4975144087119962         0.4983144318817844         0.4171159406219355E-02
      85449218.75000000          273536702.7620739          163946924.3421053         0.8365879899269591E+26     0.4975144963777350         0.4983145196884932         0.4170983933771770E-02
      86425781.25000000          262386375.7809987          160554654.6052631         0.7906906602754779E+26     0.4975149105218683         0.4983149344985869         0.4170154979544737E-02
      87402343.75000000          251646777.7227743          157192187.5000000         0.7471184999152398E+26     0.4975150205712136         0.4983150447248959         0.4169934703890547E-02
      88378906.25000000          241304894.9995086          153936979.1666667         0.7057662211087493E+26     0.4975154092385198         0.4983154340171948         0.4169156744285370E-02
      89355468.75000000          231349044.7537195          150707340.4947917         0.6665322632229957E+26     0.4975155402444761         0.4983155652338140         0.4168894521709915E-02
      90332031.25000000          221766456.4277976          147581152.3437500         0.6293187653550641E+26     0.4975159105588196         0.4983159361436378         0.4168153297542455E-02
      91308593.75000000          212544522.7346509          144538369.8453608         0.5940316278742682E+26     0.4975159105588196         0.4983159361436378         0.4168153297542455E-02
      92285156.25000000          203671416.9603103          141556170.2806122         0.5605804109027381E+26     0.4975160553285644         0.4983160811461781         0.4167863525257510E-02
      93261718.75000000          195135909.9073614          138666342.4744898         0.5288781934271111E+26     0.4975164080911388         0.4983164344760090         0.4167157432852135E-02
      94238281.25000000          186926352.5709700          135700505.0505050         0.4988415251261668E+26     0.4982145428788202         0.4987896827777626         0.2995774343417182E-02
      95214843.75000000          179029343.9262057          133212736.7424242         0.4703905562632292E+26     0.4999999999500000         0.4999999999500000         0.9999999999000000E-10
      96191406.25000000          171433044.1258152          132498875.0000000         0.4434490027032696E+26     0.4999999999500000         0.4999999999500000         0.9999999999000000E-10
      97167968.75000000          164131650.6112098          131742001.8564356         0.4179435104682825E+26     0.4999999999500000         0.4999999999500000         0.9999999999000000E-10
      98144531.25000000          157114731.9208739          131066498.1617647         0.3938035061356837E+26     0.4999999999500000         0.4999999999500000         0.9999999999000000E-10
      99121093.75000000          150372602.5400889          130397314.9271845         0.3709614495596306E+26     0.4999999999500000         0.4999999999500000         0.9999999999000000E-10
      100097656.2500000          143895972.7447518          129721875.0000000         0.3493526965453450E+26     0.4999999999500000         0.4999999999500000         0.9999999999000000E-10
      101074218.7500000          137675404.5435486          128952769.8863636         0.3289154279642816E+26     0.4999999999500000         0.4999999999500000         0.9999999999000000E-10
      102050781.2500000          131700490.1423614          128331321.0227273         0.3095906755515278E+26     0.4999999999500000         0.4999999999500000         0.9999999999000000E-10
      103027343.7500000          125963033.2572012          127709872.1590909         0.2913221744617266E+26     0.4999999999500000         0.4999999999500000         0.9999999999000000E-10
      104003906.2500000          120454653.5477830          127037265.6250000         0.2740561616695355E+26     0.4999999999500000         0.4999999999500000         0.9999999999000000E-10
      104980468.7500000          115166926.7413537          126403338.0681818         0.2577413377304681E+26     0.4999999999500000         0.4999999999500000         0.9999999999000000E-10
      105957031.2500000          110091891.1267229          125722159.0909091         0.2423287820963018E+26     0.4999999999500000         0.4999999999500000         0.9999999999000000E-10
      106933593.7500000          105221047.2446957          125088736.9791667         0.2277719020314411E+26     0.4999999999500000         0.4999999999500000         0.9999999999000000E-10
      107910156.2500000          100546862.3478267          124502627.8409091         0.2140263471598136E+26     0.4999999999500000         0.4999999999500000         0.9999999999000000E-10
      108886718.7500000          96062337.70265555          123891080.7291667         0.2010498534861104E+26     0.4999999999500000         0.4999999999500000         0.9999999999000000E-10
      109863281.2500000          91760309.12671235          123321419.2708333         0.1888021663764128E+26     0.4999999999500000         0.4999999999500000         0.9999999999000000E-10
      110839843.7500000          87634173.83915311          122673437.5000000         0.1772449630534635E+26     0.4999999999500000         0.4999999999500000         0.9999999999000000E-10
      111816406.2500000          83676621.79671755          122082096.3541667         0.1663418105140248E+26     0.4999999999500000         0.4999999999500000         0.9999999999000000E-10
      112792968.7500000          79881461.08000325          121471354.1666667         0.1560580882985618E+26     0.4999999999500000         0.4999999999500000         0.9999999999000000E-10
      113769531.2500000          76242567.63075843          120854867.7884615         0.1463608639488146E+26     0.4999999999500000         0.4999999999500000         0.9999999999000000E-10
      114746093.7500000          72753842.73185642          120329026.4423077         0.1372188401565091E+26     0.4999999999500000         0.4999999999500000         0.9999999999000000E-10
      115722656.2500000          69409844.61366548          119732211.5384615         0.1286022667406375E+26     0.4999999999500000         0.4999999999500000         0.9999999999000000E-10
      116699218.7500000          66204595.27184291          119131250.0000000         0.1204828886822179E+26     0.4999999999500000         0.4999999999500000         0.9999999999000000E-10
      117675781.2500000          63132687.19871242          118562109.3750000         0.1128339003548626E+26     0.4999999999500000         0.4999999999500000         0.9999999999000000E-10
      118652343.7500000          60188905.51944268          118073828.1250000         0.1056298573615781E+26     0.4999999999500000         0.4999999999500000         0.9999999999000000E-10
      119628906.2500000          57368794.79479698          117467131.6964286         0.9884658057174905E+25     0.4999999999500000         0.4999999999500000         0.9999999999000000E-10
      120605468.7500000          54667104.76037875          116897265.6250000         0.9246111993402644E+25     0.4999999999500000         0.4999999999500000         0.9999999999000000E-10
      121582031.2500000          52078949.00215611          116408984.3750000         0.8645174128550365E+25     0.4999999999500000         0.4999999999500000         0.9999999999000000E-10
      122558593.7500000          49600229.89244315          115853768.3823529         0.8079782392386926E+25     0.4999999999500000         0.4999999999500000         0.9999999999000000E-10
      123535156.2500000          47226557.69243272          115281584.8214286         0.7547979839917317E+25     0.4999999999500000         0.4999999999500000         0.9999999999000000E-10
      124511718.7500000          44953755.10983662          114770052.0833333         0.7047911792481116E+25     0.4999999999500000         0.4999999999500000         0.9999999999000000E-10
      125488281.2500000          42777805.29152393          114258519.3452381         0.6577820571917346E+25     0.4999999999500000         0.4999999999500000         0.9999999999000000E-10
      126464843.7500000          40694799.71580768          113731542.9687500         0.6136040959300144E+25     0.4999999999500000         0.4999999999500000         0.9999999999000000E-10
      127441406.2500000          38701106.94514298          113202571.6145833         0.5720995183726997E+25     0.4999999999500000         0.4999999999500000         0.9999999999000000E-10
      128417968.7500000          36793168.42541735          112691015.6250000         0.5331188265198345E+25     0.4999999999500000         0.4999999999500000         0.9999999999000000E-10
      129394531.2500000          34967580.60346233          112202734.3750000         0.4965204144578435E+25     0.4999999999500000         0.4999999999500000         0.9999999999000000E-10
      130371093.7500000          33220954.15208125          111714453.1250000         0.4621702230065651E+25     0.4999999999500000         0.4999999999500000         0.9999999999000000E-10
      131347656.2500000          31550185.20235786          111189661.4583333         0.4299413400092315E+25     0.4999999999500000         0.4999999999500000         0.9999999999000000E-10
      132324218.7500000          29952246.59906905          110636276.0416667         0.3997135836134427E+25     0.4999999999500000         0.4999999999500000         0.9999999999000000E-10
      133300781.2500000          28424234.22053225          110082890.6250000         0.3713731803587560E+25     0.4999999999500000         0.4999999999500000         0.9999999999000000E-10
      134277343.7500000          26963265.87947680          109519209.5588235         0.3448124801883701E+25     0.4999999999500000         0.4999999999500000         0.9999999999000000E-10
      135253906.2500000          25566573.45422131          108944761.0294118         0.3199296848142547E+25     0.4999999999500000         0.4999999999500000         0.9999999999000000E-10
      136230468.7500000          24231601.25068357          108370312.5000000         0.2966284954384653E+25     0.4999999999500000         0.4999999999500000         0.9999999999000000E-10
      137207031.2500000          22955882.44656964          107795492.7884615         0.2748177857492274E+25     0.4999999999500000         0.4999999999500000         0.9999999999000000E-10
      138183593.7500000          21737060.17696300          107169491.1858974         0.2544113345710115E+25     0.4999999999500000         0.4999999999500000         0.9999999999000000E-10
      139160156.2500000          20572684.83854033          106543489.5833333         0.2353276500855117E+25     0.4999999999500000         0.4999999999500000         0.9999999999000000E-10
      140136718.7500000          19460579.04048713          105917487.9807692         0.2174897265601062E+25     0.4999999999500000         0.4999999999500000         0.9999999999000000E-10
      141113281.2500000          18398640.33851685          105290869.1406250         0.2008247357794769E+25     0.4999999999500000         0.4999999999500000         0.9999999999000000E-10
      142089843.7500000          17384880.21297745          104619482.4218750         0.1852638004661496E+25     0.4999999999500000         0.4999999999500000         0.9999999999000000E-10
      143066406.2500000          16417214.73337257          103948095.7031250         0.1707418494377164E+25     0.4999999999500000         0.4999999999500000         0.9999999999000000E-10
      144042968.7500000          15493782.46856938          103276708.9843750         0.1571974308800980E+25     0.4999999999500000         0.4999999999500000         0.9999999999000000E-10
      145019531.2500000          14612797.83276678          102605322.2656250         0.1445724602758375E+25     0.4999999999500000         0.4999999999500000         0.9999999999000000E-10
      145996093.7500000          13772545.95391837          101920335.1814516         0.1328120420704533E+25     0.4999999999500000         0.4999999999500000         0.9999999999000000E-10
      146972656.2500000          12971391.80769939          101110733.3669355         0.1218642964494209E+25     0.4999999999500000         0.4999999999500000         0.9999999999000000E-10
      147949218.7500000          12207639.19638965          100301131.5524193         0.1116802461139167E+25     0.4999999999500000         0.4999999999500000         0.9999999999000000E-10
      148925781.2500000          11479775.51853395          99491529.73790322         0.1022136650206202E+25     0.4999999999500000         0.4999999999500000         0.9999999999000000E-10
      149902343.7500000          10786320.78336172          98681927.92338710         0.9342089566546198E+24     0.4999999999500000         0.4999999999500000         0.9999999999000000E-10
      150878906.2500000          10125821.34660059          97872326.10887097         0.8526073551465515E+24     0.4999999999500000         0.4999999999500000         0.9999999999000000E-10
      151855468.7500000          9496945.684315817          97062724.29435484         0.7769429282090468E+24     0.4999999999500000         0.4999999999500000         0.9999999999000000E-10
      152832031.2500000          8898541.355142947          96064211.18951613         0.7068479000423745E+24     0.4999999999500000         0.4999999999500000         0.9999999999000000E-10
      153808593.7500000          8329224.301952315          95002593.24596775         0.6419750922502390E+24     0.4999999999500000         0.4999999999500000         0.9999999999000000E-10
      154785156.2500000          7787744.506541061          93940975.30241935         0.5819975585954533E+24     0.4999999999500000         0.4999999999500000         0.9999999999000000E-10
      155761718.7500000          7272974.537000364          92879357.35887097         0.5266069158547202E+24     0.4999999999500000         0.4999999999500000         0.9999999999000000E-10
      156738281.2500000          6783815.316668658          91817739.41532259         0.4755121345547966E+24     0.4999999999500000         0.4999999999500000         0.9999999999000000E-10
      157714843.7500000          6319184.317584738          90756121.47177419         0.4284387619444782E+24     0.4999999999500000         0.4999999999500000         0.9999999999000000E-10
      158691406.2500000          5878087.157990354          89694503.52822581         0.3851279601130840E+24     0.4999999999500000         0.4999999999500000         0.9999999999000000E-10
      159667968.7500000          5459565.296107569          88632885.58467741         0.3453355150250207E+24     0.4999999999500000         0.4999999999500000         0.9999999999000000E-10
      160644531.2500000          5062662.523671685          87571267.64112903         0.3088311848409288E+24     0.4999999999500000         0.4999999999500000         0.9999999999000000E-10
      161621093.7500000          4686381.159757784          86750000.00000000         0.2753983365249281E+24     0.4999999999500000         0.4999999999500000         0.9999999999000000E-10
      162597656.2500000          4329619.345757313          86750000.00000000         0.2448339509267837E+24     0.4999999999500000         0.4999999999500000         0.9999999999000000E-10
      163574218.7500000          3991994.485035338          86750000.00000000         0.2169460653192977E+24     0.4999999999500000         0.4999999999500000         0.9999999999000000E-10
      164550781.2500000          3672732.135152045          86750000.00000000         0.1915522993548584E+24     0.4999999999500000         0.4999999999500000         0.9999999999000000E-10
      165527343.7500000          3371085.727002926          86750000.00000000         0.1684807205627259E+24     0.4999999999500000         0.4999999999500000         0.9999999999000000E-10
      166503906.2500000          3086320.587994400          86750000.00000000         0.1475693444028186E+24     0.4999999999500000         0.4999999999500000         0.9999999999000000E-10
      167480468.7500000          2817763.476764614          86750000.00000000         0.1286655454523427E+24     0.4999999999500000         0.4999999999500000         0.9999999999000000E-10
      168457031.2500000          2564750.459281812          86750000.00000000         0.1116255007091511E+24     0.4999999999500000         0.4999999999500000         0.9999999999000000E-10
      169433593.7500000          2326655.153551955          86750000.00000000         0.9631373042324317E+23     0.4999999999500000         0.4999999999500000         0.9999999999000000E-10
      170410156.2500000          2102886.592976758          86750000.00000000         0.8260257585901788E+23     0.4999999999500000         0.4999999999500000         0.9999999999000000E-10
      171386718.7500000          1892866.150231480          86750000.00000000         0.7037177590611291E+23     0.4999999999500000         0.4999999999500000         0.9999999999000000E-10
      172363281.2500000          1696064.134225701          86750000.00000000         0.5950801943156428E+23     0.4999999999500000         0.4999999999500000         0.9999999999000000E-10
      173339843.7500000          1511957.732173269          86750000.00000000         0.4990453228886221E+23     0.4999999999500000         0.4999999999500000         0.9999999999000000E-10
      174316406.2500000          1340071.027935106          86750000.00000000         0.4146068719815895E+23     0.4999999999500000         0.4999999999500000         0.9999999999000000E-10
      175292968.7500000          1179938.796556771          86750000.00000000         0.3408161831681575E+23     0.4999999999500000         0.4999999999500000         0.9999999999000000E-10
      176269531.2500000          1031138.647917646          86750000.00000000         0.2767786352815345E+23     0.4999999999500000         0.4999999999500000         0.9999999999000000E-10
      177246093.7500000          893266.1050835619          86750000.00000000         0.2216500074749660E+23     0.4999999999500000         0.4999999999500000         0.9999999999000000E-10
      178222656.2500000          765952.6610650085          86750000.00000000         0.1746331900816063E+23     0.4999999999500000         0.4999999999500000         0.9999999999000000E-10
      179199218.7500000          648862.7677230082          86750000.00000000         0.1349746107065529E+23     0.4999999999500000         0.4999999999500000         0.9999999999000000E-10
      180175781.2500000          541693.7924344825          86750000.00000000         0.1019608997079488E+23     0.4999999999500000         0.4999999999500000         0.9999999999000000E-10
      181152343.7500000          444186.1772895660          86750000.00000000         0.7491542246320265E+22     0.4999999999500000         0.4999999999500000         0.9999999999000000E-10
      182128906.2500000          356130.9781766341          86750000.00000000         0.5319448483575496E+22     0.4999999999500000         0.4999999999500000         0.9999999999000000E-10
      183105468.7500000          277382.4361989559          86750000.00000000         0.3618317165683502E+22     0.4999999999500000         0.4999999999500000         0.9999999999000000E-10
      184082031.2500000          207882.5663604192          86750000.00000000         0.2329039251050276E+22     0.4999999999500000         0.4999999999500000         0.9999999999000000E-10
      185058593.7500000          147707.0268681615          86750000.00000000         0.1394231373528482E+22     0.4999999999500000         0.4999999999500000         0.9999999999000000E-10
      186035156.2500000          97149.21042986681          86750000.00000000         0.7572735049731274E+21     0.4999999999500000         0.4999999999500000         0.9999999999000000E-10
      187011718.7500000          56848.87754661461          86750000.00000000         0.3608477603110051E+21     0.4999999999500000         0.4999999999500000         0.9999999999000000E-10
      187988281.2500000          27825.02079402285          86750000.00000000         0.1451407752289274E+21     0.4999999999500000         0.4999999999500000         0.9999999999000000E-10
      188964843.7500000          10646.81600195109          86750000.00000000         0.4814622769055099E+20     0.4999999999500000         0.4999999999500000         0.9999999999000000E-10
      189941406.2500000          3196.059093980227          86750000.00000000         0.1360461618551102E+20     0.4999999999500000         0.4999999999500000         0.9999999999000000E-10
      190917968.7500000          843.3493168889705          86750000.00000000         0.3628338681733863E+19     0.4999999999500000         0.4999999999500000         0.9999999999000000E-10
      191894531.2500000          216.8507675389867          86750000.00000000         0.1036573030845482E+19     0.4999999999500000         0.4999999999500000         0.9999999999000000E-10
      192871093.7500000          56.39075921776240          86750000.00000000         0.3753708086349723E+18     0.4999999999500000         0.4999999999500000         0.9999999999000000E-10
      193847656.2500000          14.94190963236926          86750000.00000000         0.2044959571427819E+18     0.4999999999500000         0.4999999999500000         0.9999999999000000E-10
      194824218.7500000          4.035267396357752          86750000.00000000         0.1594925375701841E+18     0.4999999999500000         0.4999999999500000         0.9999999999000000E-10
      195800781.2500000          1.109675274957021          86750000.00000000         0.1474132698325703E+18     0.4999999999500000         0.4999999999500000         0.9999999999000000E-10
      196777343.7500000         0.3104552892574035          86750000.00000000         0.1441121885457227E+18     0.4999999999500000         0.4999999999500000         0.9999999999000000E-10
      197753906.2500000         0.8830633479380552E-01      86750000.00000000         0.1431944252682071E+18     0.4999999999500000         0.4999999999500000         0.9999999999000000E-10
      198730468.7500000         0.2552271138157467E-01      86750000.00000000         0.1429350186332895E+18     0.4999999999500000         0.4999999999500000         0.9999999999000000E-10
      199707031.2500000         0.7492222034836286E-02      86750000.00000000         0.1428605162527185E+18     0.4999999999500000         0.4999999999500000         0.9999999999000000E-10
      200683593.7500000         0.2232939826855041E-02      86750000.00000000         0.1428387837783921E+18     0.4999999999500000         0.4999999999500000         0.9999999999000000E-10
      201660156.2500000         0.6753903499548311E-03      86750000.00000000         0.1428323475814022E+18     0.4999999999500000         0.4999999999500000         0.9999999999000000E-10
      202636718.7500000         0.2072517162551925E-03      86750000.00000000         0.1428304131025339E+18     0.4999999999500000         0.4999999999500000         0.9999999999000000E-10
      203613281.2500000         0.1000000000000000E-03      10000000.00000000          25267344097618.05         0.4999999999500000         0.4999999999500000         0.9999999999000000E-10
      204589843.7500000         0.1000000000000000E-03      10000000.00000000          25267344097618.05         0.4999999999500000         0.4999999999500000         0.9999999999000000E-10
      205566406.2500000         0.1000000000000000E-03      10000000.00000000          25267344097618.05         0.4999999999500000         0.4999999999500000         0.9999999999000000E-10
      206542968.7500000         0.1000000000000000E-03      10000000.00000000          25267344097618.05         0.4999999999500000         0.4999999999500000         0.9999999999000000E-10
      207519531.2500000         0.1000000000000000E-03      10000000.00000000          25267344097618.05         0.4999999999500000         0.4999999999500000         0.9999999999000000E-10
      208496093.7500000         0.1000000000000000E-03      10000000.00000000          25267344097618.05         0.4999999999500000         0.4999999999500000         0.9999999999000000E-10
      209472656.2500000         0.1000000000000000E-03      10000000.00000000          25267344097618.05         0.4999999999500000         0.4999999999500000         0.9999999999000000E-10
      210449218.7500000         0.1000000000000000E-03      10000000.00000000          25267344097618.05         0.4999999999500000         0.4999999999500000         0.9999999999000000E-10
      211425781.2500000         0.1000000000000000E-03      10000000.00000000          25267344097618.05         0.4999999999500000         0.4999999999500000         0.9999999999000000E-10
      212402343.7500000         0.1000000000000000E-03      10000000.00000000          25267344097618.05         0.4999999999500000         0.4999999999500000         0.9999999999000000E-10
      213378906.2500000         0.1000000000000000E-03      10000000.00000000          25267344097618.05         0.4999999999500000         0.4999999999500000         0.9999999999000000E-10
      214355468.7500000         0.1000000000000000E-03      10000000.00000000          25267344097618.05         0.4999999999500000         0.4999999999500000         0.9999999999000000E-10
      215332031.2500000         0.1000000000000000E-03      10000000.00000000          25267344097618.05         0.4999999999500000         0.4999999999500000         0.9999999999000000E-10
      216308593.7500000         0.1000000000000000E-03      10000000.00000000          25267344097618.05         0.4999999999500000         0.4999999999500000         0.9999999999000000E-10
      217285156.2500000         0.1000000000000000E-03      10000000.00000000          25267344097618.05         0.4999999999500000         0.4999999999500000         0.9999999999000000E-10
      218261718.7500000         0.1000000000000000E-03      10000000.00000000          25267344097618.05         0.4999999999500000         0.4999999999500000         0.9999999999000000E-10
      219238281.2500000         0.1000000000000000E-03      10000000.00000000          25267344097618.05         0.4999999999500000         0.4999999999500000         0.9999999999000000E-10
      220214843.7500000         0.1000000000000000E-03      10000000.00000000          25267344097618.05         0.4999999999500000         0.4999999999500000         0.9999999999000000E-10
      221191406.2500000         0.1000000000000000E-03      10000000.00000000          25267344097618.05         0.4999999999500000         0.4999999999500000         0.9999999999000000E-10
      222167968.7500000         0.1000000000000000E-03      10000000.00000000          25267344097618.05         0.4999999999500000         0.4999999999500000         0.9999999999000000E-10
      223144531.2500000         0.1000000000000000E-03      10000000.00000000          25267344097618.05         0.4999999999500000         0.4999999999500000         0.9999999999000000E-10
      224121093.7500000         0.1000000000000000E-03      10000000.00000000          25267344097618.05         0.4999999999500000         0.4999999999500000         0.9999999999000000E-10
      225097656.2500000         0.1000000000000000E-03      10000000.00000000          25267344097618.05         0.4999999999500000         0.4999999999500000         0.9999999999000000E-10
      226074218.7500000         0.1000000000000000E-03      10000000.00000000          25267344097618.05         0.4999999999500000         0.4999999999500000         0.9999999999000000E-10
      227050781.2500000         0.1000000000000000E-03      10000000.00000000          25267344097618.05         0.4999999999500000         0.4999999999500000         0.9999999999000000E-10
      228027343.7500000         0.1000000000000000E-03      10000000.00000000          25267344097618.05         0.4999999999500000         0.4999999999500000         0.9999999999000000E-10
      229003906.2500000         0.1000000000000000E-03      10000000.00000000          25267344097618.05         0.4999999999500000         0.4999999999500000         0.9999999999000000E-10
      229980468.7500000         0.1000000000000000E-03      10000000.00000000          25267344097618.05         0.4999999999500000         0.4999999999500000         0.9999999999000000E-10
      230957031.2500000         0.1000000000000000E-03      10000000.00000000          25267344097618.05         0.4999999999500000         0.4999999999500000         0.9999999999000000E-10
      231933593.7500000         0.1000000000000000E-03      10000000.00000000          25267344097618.05         0.4999999999500000         0.4999999999500000         0.9999999999000000E-10
      232910156.2500000         0.1000000000000000E-03      10000000.00000000          25267344097618.05         0.4999999999500000         0.4999999999500000         0.9999999999000000E-10
      233886718.7500000         0.1000000000000000E-03      10000000.00000000          25267344097618.05         0.4999999999500000         0.4999999999500000         0.9999999999000000E-10
      234863281.2500000         0.1000000000000000E-03      10000000.00000000          25267344097618.05         0.4999999999500000         0.4999999999500000         0.9999999999000000E-10
      235839843.7500000         0.1000000000000000E-03      10000000.00000000          25267344097618.05         0.4999999999500000         0.4999999999500000         0.9999999999000000E-10
      236816406.2500000         0.1000000000000000E-03      10000000.00000000          25267344097618.05         0.4999999999500000         0.4999999999500000         0.9999999999000000E-10
      237792968.7500000         0.1000000000000000E-03      10000000.00000000          25267344097618.05         0.4999999999500000         0.4999999999500000         0.9999999999000000E-10
      238769531.2500000         0.1000000000000000E-03      10000000.00000000          25267344097618.05         0.4999999999500000         0.4999999999500000         0.9999999999000000E-10
      239746093.7500000         0.1000000000000000E-03      10000000.00000000          25267344097618.05         0.4999999999500000         0.4999999999500000         0.9999999999000000E-10
      240722656.2500000         0.1000000000000000E-03      10000000.00000000          25267344097618.05         0.4999999999500000         0.4999999999500000         0.9999999999000000E-10
      241699218.7500000         0.1000000000000000E-03      10000000.00000000          25267344097618.05         0.4999999999500000         0.4999999999500000         0.9999999999000000E-10
      242675781.2500000         0.1000000000000000E-03      10000000.00000000          25267344097618.05         0.4999999999500000         0.4999999999500000         0.9999999999000000E-10
      243652343.7500000         0.1000000000000000E-03      10000000.00000000          25267344097618.05         0.4999999999500000         0.4999999999500000         0.9999999999000000E-10
      244628906.2500000         0.1000000000000000E-03      10000000.00000000          25267344097618.05         0.4999999999500000         0.4999999999500000         0.9999999999000000E-10
      245605468.7500000         0.1000000000000000E-03      10000000.00000000          25267344097618.05         0.4999999999500000         0.4999999999500000         0.9999999999000000E-10
      246582031.2500000         0.1000000000000000E-03      10000000.00000000          25267344097618.05         0.4999999999500000         0.4999999999500000         0.9999999999000000E-10
      247558593.7500000         0.1000000000000000E-03      10000000.00000000          25267344097618.05         0.4999999999500000         0.4999999999500000         0.9999999999000000E-10
      248535156.2500000         0.1000000000000000E-03      10000000.00000000          25267344097618.05         0.4999999999500000         0.4999999999500000         0.9999999999000000E-10
      249511718.7500000         0.1000000000000000E-03      10000000.00000000          25267344097618.05         0.4999999999500000         0.4999999999500000         0.9999999999000000E-10
      250488281.2500000         0.1000000000000000E-03      10000000.00000000          25267344097618.05         0.4999999999500000         0.4999999999500000         0.9999999999000000E-10
      251464843.7500000         0.1000000000000000E-03      10000000.00000000          25267344097618.05         0.4999999999500000         0.4999999999500000         0.9999999999000000E-10
      252441406.2500000         0.1000000000000000E-03      10000000.00000000          25267344097618.05         0.4999999999500000         0.4999999999500000         0.9999999999000000E-10
      253417968.7500000         0.1000000000000000E-03      10000000.00000000          25267344097618.05         0.4999999999500000         0.4999999999500000         0.9999999999000000E-10
      254394531.2500000         0.1000000000000000E-03      10000000.00000000          25267344097618.05         0.4999999999500000         0.4999999999500000         0.9999999999000000E-10
      255371093.7500000         0.1000000000000000E-03      10000000.00000000          25267344097618.05         0.4999999999500000         0.4999999999500000         0.9999999999000000E-10
      256347656.2500000         0.1000000000000000E-03      10000000.00000000          25267344097618.05         0.4999999999500000         0.4999999999500000         0.9999999999000000E-10
      257324218.7500000         0.1000000000000000E-03      10000000.00000000          25267344097618.05         0.4999999999500000         0.4999999999500000         0.9999999999000000E-10
      258300781.2500000         0.1000000000000000E-03      10000000.00000000          25267344097618.05         0.4999999999500000         0.4999999999500000         0.9999999999000000E-10
      259277343.7500000         0.1000000000000000E-03      10000000.00000000          25267344097618.05         0.4999999999500000         0.4999999999500000         0.9999999999000000E-10
      260253906.2500000         0.1000000000000000E-03      10000000.00000000          25267344097618.05         0.4999999999500000         0.4999999999500000         0.9999999999000000E-10
      261230468.7500000         0.1000000000000000E-03      10000000.00000000          25267344097618.05         0.4999999999500000         0.4999999999500000         0.9999999999000000E-10
      262207031.2500000         0.1000000000000000E-03      10000000.00000000          25267344097618.05         0.4999999999500000         0.4999999999500000         0.9999999999000000E-10
      263183593.7500000         0.1000000000000000E-03      10000000.00000000          25267344097618.05         0.4999999999500000         0.4999999999500000         0.9999999999000000E-10
      264160156.2500000         0.1000000000000000E-03      10000000.00000000          25267344097618.05         0.4999999999500000         0.4999999999500000         0.9999999999000000E-10
      265136718.7500000         0.1000000000000000E-03      10000000.00000000          25267344097618.05         0.4999999999500000         0.4999999999500000         0.9999999999000000E-10
      266113281.2500000         0.1000000000000000E-03      10000000.00000000          25267344097618.05         0.4999999999500000         0.4999999999500000         0.9999999999000000E-10
      267089843.7500000         0.1000000000000000E-03      10000000.00000000          25267344097618.05         0.4999999999500000         0.4999999999500000         0.9999999999000000E-10
      268066406.2500000         0.1000000000000000E-03      10000000.00000000          25267344097618.05         0.4999999999500000         0.4999999999500000         0.9999999999000000E-10
      269042968.7500000         0.1000000000000000E-03      10000000.00000000          25267344097618.05         0.4999999999500000         0.4999999999500000         0.9999999999000000E-10
      270019531.2500000         0.1000000000000000E-03      10000000.00000000          25267344097618.05         0.4999999999500000         0.4999999999500000         0.9999999999000000E-10
      270996093.7500000         0.1000000000000000E-03      10000000.00000000          25267344097618.05         0.4999999999500000         0.4999999999500000         0.9999999999000000E-10
      271972656.2500000         0.1000000000000000E-03      10000000.00000000          25267344097618.05         0.4999999999500000         0.4999999999500000         0.9999999999000000E-10
      272949218.7500000         0.1000000000000000E-03      10000000.00000000          25267344097618.05         0.4999999999500000         0.4999999999500000         0.9999999999000000E-10
      273925781.2500000         0.1000000000000000E-03      10000000.00000000          25267344097618.05         0.4999999999500000         0.4999999999500000         0.9999999999000000E-10
      274902343.7500000         0.1000000000000000E-03      10000000.00000000          25267344097618.05         0.4999999999500000         0.4999999999500000         0.9999999999000000E-10
      275878906.2500000         0.1000000000000000E-03      10000000.00000000          25267344097618.05         0.4999999999500000         0.4999999999500000         0.9999999999000000E-10
      276855468.7500000         0.1000000000000000E-03      10000000.00000000          25267344097618.05         0.4999999999500000         0.4999999999500000         0.9999999999000000E-10
      277832031.2500000         0.1000000000000000E-03      10000000.00000000          25267344097618.05         0.4999999999500000         0.4999999999500000         0.9999999999000000E-10
      278808593.7500000         0.1000000000000000E-03      10000000.00000000          25267344097618.05         0.4999999999500000         0.4999999999500000         0.9999999999000000E-10
      279785156.2500000         0.1000000000000000E-03      10000000.00000000          25267344097618.05         0.4999999999500000         0.4999999999500000         0.9999999999000000E-10
      280761718.7500000         0.1000000000000000E-03      10000000.00000000          25267344097618.05         0.4999999999500000         0.4999999999500000         0.9999999999000000E-10
      281738281.2500000         0.1000000000000000E-03      10000000.00000000          25267344097618.05         0.4999999999500000         0.4999999999500000         0.9999999999000000E-10
      282714843.7500000         0.1000000000000000E-03      10000000.00000000          25267344097618.05         0.4999999999500000         0.4999999999500000         0.9999999999000000E-10
      283691406.2500000         0.1000000000000000E-03      10000000.00000000          25267344097618.05         0.4999999999500000         0.4999999999500000         0.9999999999000000E-10
      284667968.7500000         0.1000000000000000E-03      10000000.00000000          25267344097618.05         0.4999999999500000         0.4999999999500000         0.9999999999000000E-10
      285644531.2500000         0.1000000000000000E-03      10000000.00000000          25267344097618.05         0.4999999999500000         0.4999999999500000         0.9999999999000000E-10
      286621093.7500000         0.1000000000000000E-03      10000000.00000000          25267344097618.05         0.4999999999500000         0.4999999999500000         0.9999999999000000E-10
      287597656.2500000         0.1000000000000000E-03      10000000.00000000          25267344097618.05         0.4999999999500000         0.4999999999500000         0.9999999999000000E-10
      288574218.7500000         0.1000000000000000E-03      10000000.00000000          25267344097618.05         0.4999999999500000         0.4999999999500000         0.9999999999000000E-10
      289550781.2500000         0.1000000000000000E-03      10000000.00000000          25267344097618.05         0.4999999999500000         0.4999999999500000         0.9999999999000000E-10
      290527343.7500000         0.1000000000000000E-03      10000000.00000000          25267344097618.05         0.4999999999500000         0.4999999999500000         0.9999999999000000E-10
      291503906.2500000         0.1000000000000000E-03      10000000.00000000          25267344097618.05         0.4999999999500000         0.4999999999500000         0.9999999999000000E-10
      292480468.7500000         0.1000000000000000E-03      10000000.00000000          25267344097618.05         0.4999999999500000         0.4999999999500000         0.9999999999000000E-10
      293457031.2500000         0.1000000000000000E-03      10000000.00000000          25267344097618.05         0.4999999999500000         0.4999999999500000         0.9999999999000000E-10
      294433593.7500000         0.1000000000000000E-03      10000000.00000000          25267344097618.05         0.4999999999500000         0.4999999999500000         0.9999999999000000E-10
      295410156.2500000         0.1000000000000000E-03      10000000.00000000          25267344097618.05         0.4999999999500000         0.4999999999500000         0.9999999999000000E-10
      296386718.7500000         0.1000000000000000E-03      10000000.00000000          25267344097618.05         0.4999999999500000         0.4999999999500000         0.9999999999000000E-10
      297363281.2500000         0.1000000000000000E-03      10000000.00000000          25267344097618.05         0.4999999999500000         0.4999999999500000         0.9999999999000000E-10
      298339843.7500000         0.1000000000000000E-03      10000000.00000000          25267344097618.05         0.4999999999500000         0.4999999999500000         0.9999999999000000E-10
      299316406.2500000         0.1000000000000000E-03      10000000.00000000          25267344097618.05         0.4999999999500000         0.4999999999500000         0.9999999999000000E-10
      300292968.7500000         0.1000000000000000E-03      10000000.00000000          25267344097618.05         0.4999999999500000         0.4999999999500000         0.9999999999000000E-10
      301269531.2500000         0.1000000000000000E-03      10000000.00000000          25267344097618.05         0.4999999999500000         0.4999999999500000         0.9999999999000000E-10
      302246093.7500000         0.1000000000000000E-03      10000000.00000000          25267344097618.05         0.4999999999500000         0.4999999999500000         0.9999999999000000E-10
      303222656.2500000         0.1000000000000000E-03      10000000.00000000          25267344097618.05         0.4999999999500000         0.4999999999500000         0.9999999999000000E-10
      304199218.7500000         0.1000000000000000E-03      10000000.00000000          25267344097618.05         0.4999999999500000         0.4999999999500000         0.9999999999000000E-10
      305175781.2500000         0.1000000000000000E-03      10000000.00000000          25267344097618.05         0.4999999999500000         0.4999999999500000         0.9999999999000000E-10
      306152343.7500000         0.1000000000000000E-03      10000000.00000000          25267344097618.05         0.4999999999500000         0.4999999999500000         0.9999999999000000E-10
      307128906.2500000         0.1000000000000000E-03      10000000.00000000          25267344097618.05         0.4999999999500000         0.4999999999500000         0.9999999999000000E-10
      308105468.7500000         0.1000000000000000E-03      10000000.00000000          25267344097618.05         0.4999999999500000         0.4999999999500000         0.9999999999000000E-10
      309082031.2500000         0.1000000000000000E-03      10000000.00000000          25267344097618.05         0.4999999999500000         0.4999999999500000         0.9999999999000000E-10
      310058593.7500000         0.1000000000000000E-03      10000000.00000000          25267344097618.05         0.4999999999500000         0.4999999999500000         0.9999999999000000E-10
      311035156.2500000         0.1000000000000000E-03      10000000.00000000          25267344097618.05         0.4999999999500000         0.4999999999500000         0.9999999999000000E-10
      312011718.7500000         0.1000000000000000E-03      10000000.00000000          25267344097618.05         0.4999999999500000         0.4999999999500000         0.9999999999000000E-10
      312988281.2500000         0.1000000000000000E-03      10000000.00000000          25267344097618.05         0.4999999999500000         0.4999999999500000         0.9999999999000000E-10
      313964843.7500000         0.1000000000000000E-03      10000000.00000000          25267344097618.05         0.4999999999500000         0.4999999999500000         0.9999999999000000E-10
      314941406.2500000         0.1000000000000000E-03      10000000.00000000          25267344097618.05         0.4999999999500000         0.4999999999500000         0.9999999999000000E-10
      315917968.7500000         0.1000000000000000E-03      10000000.00000000          25267344097618.05         0.4999999999500000         0.4999999999500000         0.9999999999000000E-10
      316894531.2500000         0.1000000000000000E-03      10000000.00000000          25267344097618.05         0.4999999999500000         0.4999999999500000         0.9999999999000000E-10
      317871093.7500000         0.1000000000000000E-03      10000000.00000000          25267344097618.05         0.4999999999500000         0.4999999999500000         0.9999999999000000E-10
      318847656.2500000         0.1000000000000000E-03      10000000.00000000          25267344097618.05         0.4999999999500000         0.4999999999500000         0.9999999999000000E-10
      319824218.7500000         0.1000000000000000E-03      10000000.00000000          25267344097618.05         0.4999999999500000         0.4999999999500000         0.9999999999000000E-10
      320800781.2500000         0.1000000000000000E-03      10000000.00000000          25267344097618.05         0.4999999999500000         0.4999999999500000         0.9999999999000000E-10
      321777343.7500000         0.1000000000000000E-03      10000000.00000000          25267344097618.05         0.4999999999500000         0.4999999999500000         0.9999999999000000E-10
      322753906.2500000         0.1000000000000000E-03      10000000.00000000          25267344097618.05         0.4999999999500000         0.4999999999500000         0.9999999999000000E-10
      323730468.7500000         0.1000000000000000E-03      10000000.00000000          25267344097618.05         0.4999999999500000         0.4999999999500000         0.9999999999000000E-10
      324707031.2500000         0.1000000000000000E-03      10000000.00000000          25267344097618.05         0.4999999999500000         0.4999999999500000         0.9999999999000000E-10
      325683593.7500000         0.1000000000000000E-03      10000000.00000000          25267344097618.05         0.4999999999500000         0.4999999999500000         0.9999999999000000E-10
      326660156.2500000         0.1000000000000000E-03      10000000.00000000          25267344097618.05         0.4999999999500000         0.4999999999500000         0.9999999999000000E-10
      327636718.7500000         0.1000000000000000E-03      10000000.00000000          25267344097618.05         0.4999999999500000         0.4999999999500000         0.9999999999000000E-10
      328613281.2500000         0.1000000000000000E-03      10000000.00000000          25267344097618.05         0.4999999999500000         0.4999999999500000         0.9999999999000000E-10
      329589843.7500000         0.1000000000000000E-03      10000000.00000000          25267344097618.05         0.4999999999500000         0.4999999999500000         0.9999999999000000E-10
      330566406.2500000         0.1000000000000000E-03      10000000.00000000          25267344097618.05         0.4999999999500000         0.4999999999500000         0.9999999999000000E-10
      331542968.7500000         0.1000000000000000E-03      10000000.00000000          25267344097618.05         0.4999999999500000         0.4999999999500000         0.9999999999000000E-10
      332519531.2500000         0.1000000000000000E-03      10000000.00000000          25267344097618.05         0.4999999999500000         0.4999999999500000         0.9999999999000000E-10
      333496093.7500000         0.1000000000000000E-03      10000000.00000000          25267344097618.05         0.4999999999500000         0.4999999999500000         0.9999999999000000E-10
      334472656.2500000         0.1000000000000000E-03      10000000.00000000          25267344097618.05         0.4999999999500000         0.4999999999500000         0.9999999999000000E-10
      335449218.7500000         0.1000000000000000E-03      10000000.00000000          25267344097618.05         0.4999999999500000         0.4999999999500000         0.9999999999000000E-10
      336425781.2500000         0.1000000000000000E-03      10000000.00000000          25267344097618.05         0.4999999999500000         0.4999999999500000         0.9999999999000000E-10
      337402343.7500000         0.1000000000000000E-03      10000000.00000000          25267344097618.05         0.4999999999500000         0.4999999999500000         0.9999999999000000E-10
      338378906.2500000         0.1000000000000000E-03      10000000.00000000          25267344097618.05         0.4999999999500000         0.4999999999500000         0.9999999999000000E-10
      339355468.7500000         0.1000000000000000E-03      10000000.00000000          25267344097618.05         0.4999999999500000         0.4999999999500000         0.9999999999000000E-10
      340332031.2500000         0.1000000000000000E-03      10000000.00000000          25267344097618.05         0.4999999999500000         0.4999999999500000         0.9999999999000000E-10
      341308593.7500000         0.1000000000000000E-03      10000000.00000000          25267344097618.05         0.4999999999500000         0.4999999999500000         0.9999999999000000E-10
      342285156.2500000         0.1000000000000000E-03      10000000.00000000          25267344097618.05         0.4999999999500000         0.4999999999500000         0.9999999999000000E-10
      343261718.7500000         0.1000000000000000E-03      10000000.00000000          25267344097618.05         0.4999999999500000         0.4999999999500000         0.9999999999000000E-10
      344238281.2500000         0.1000000000000000E-03      10000000.00000000          25267344097618.05         0.4999999999500000         0.4999999999500000         0.9999999999000000E-10
      345214843.7500000         0.1000000000000000E-03      10000000.00000000          25267344097618.05         0.4999999999500000         0.4999999999500000         0.9999999999000000E-10
      346191406.2500000         0.1000000000000000E-03      10000000.00000000          25267344097618.05         0.4999999999500000         0.4999999999500000         0.9999999999000000E-10
      347167968.7500000         0.1000000000000000E-03      10000000.00000000          25267344097618.05         0.4999999999500000         0.4999999999500000         0.9999999999000000E-10
      348144531.2500000         0.1000000000000000E-03      10000000.00000000          25267344097618.05         0.4999999999500000         0.4999999999500000         0.9999999999000000E-10
      349121093.7500000         0.1000000000000000E-03      10000000.00000000          25267344097618.05         0.4999999999500000         0.4999999999500000         0.9999999999000000E-10
      350097656.2500000         0.1000000000000000E-03      10000000.00000000          25267344097618.05         0.4999999999500000         0.4999999999500000         0.9999999999000000E-10
      351074218.7500000         0.1000000000000000E-03      10000000.00000000          25267344097618.05         0.4999999999500000         0.4999999999500000         0.9999999999000000E-10
      352050781.2500000         0.1000000000000000E-03      10000000.00000000          25267344097618.05         0.4999999999500000         0.4999999999500000         0.9999999999000000E-10
      353027343.7500000         0.1000000000000000E-03      10000000.00000000          25267344097618.05         0.4999999999500000         0.4999999999500000         0.9999999999000000E-10
      354003906.2500000         0.1000000000000000E-03      10000000.00000000          25267344097618.05         0.4999999999500000         0.4999999999500000         0.9999999999000000E-10
      354980468.7500000         0.1000000000000000E-03      10000000.00000000          25267344097618.05         0.4999999999500000         0.4999999999500000         0.9999999999000000E-10
      355957031.2500000         0.1000000000000000E-03      10000000.00000000          25267344097618.05         0.4999999999500000         0.4999999999500000         0.9999999999000000E-10
      356933593.7500000         0.1000000000000000E-03      10000000.00000000          25267344097618.05         0.4999999999500000         0.4999999999500000         0.9999999999000000E-10
      357910156.2500000         0.1000000000000000E-03      10000000.00000000          25267344097618.05         0.4999999999500000         0.4999999999500000         0.9999999999000000E-10
      358886718.7500000         0.1000000000000000E-03      10000000.00000000          25267344097618.05         0.4999999999500000         0.4999999999500000         0.9999999999000000E-10
      359863281.2500000         0.1000000000000000E-03      10000000.00000000          25267344097618.05         0.4999999999500000         0.4999999999500000         0.9999999999000000E-10
      360839843.7500000         0.1000000000000000E-03      10000000.00000000          25267344097618.05         0.4999999999500000         0.4999999999500000         0.9999999999000000E-10
      361816406.2500000         0.1000000000000000E-03      10000000.00000000          25267344097618.05         0.4999999999500000         0.4999999999500000         0.9999999999000000E-10
      362792968.7500000         0.1000000000000000E-03      10000000.00000000          25267344097618.05         0.4999999999500000         0.4999999999500000         0.9999999999000000E-10
      363769531.2500000         0.1000000000000000E-03      10000000.00000000          25267344097618.05         0.4999999999500000         0.4999999999500000         0.9999999999000000E-10
      364746093.7500000         0.1000000000000000E-03      10000000.00000000          25267344097618.05         0.4999999999500000         0.4999999999500000         0.9999999999000000E-10
      365722656.2500000         0.1000000000000000E-03      10000000.00000000          25267344097618.05         0.4999999999500000         0.4999999999500000         0.9999999999000000E-10
      366699218.7500000         0.1000000000000000E-03      10000000.00000000          25267344097618.05         0.4999999999500000         0.4999999999500000         0.9999999999000000E-10
      367675781.2500000         0.1000000000000000E-03      10000000.00000000          25267344097618.05         0.4999999999500000         0.4999999999500000         0.9999999999000000E-10
      368652343.7500000         0.1000000000000000E-03      10000000.00000000          25267344097618.05         0.4999999999500000         0.4999999999500000         0.9999999999000000E-10
      369628906.2500000         0.1000000000000000E-03      10000000.00000000          25267344097618.05         0.4999999999500000         0.4999999999500000         0.9999999999000000E-10
      370605468.7500000         0.1000000000000000E-03      10000000.00000000          25267344097618.05         0.4999999999500000         0.4999999999500000         0.9999999999000000E-10
      371582031.2500000         0.1000000000000000E-03      10000000.00000000          25267344097618.05         0.4999999999500000         0.4999999999500000         0.9999999999000000E-10
      372558593.7500000         0.1000000000000000E-03      10000000.00000000          25267344097618.05         0.4999999999500000         0.4999999999500000         0.9999999999000000E-10
      373535156.2500000         0.1000000000000000E-03      10000000.00000000          25267344097618.05         0.4999999999500000         0.4999999999500000         0.9999999999000000E-10
      374511718.7500000         0.1000000000000000E-03      10000000.00000000          25267344097618.05         0.4999999999500000         0.4999999999500000         0.9999999999000000E-10
      375488281.2500000         0.1000000000000000E-03      10000000.00000000          25267344097618.05         0.4999999999500000         0.4999999999500000         0.9999999999000000E-10
      376464843.7500000         0.1000000000000000E-03      10000000.00000000          25267344097618.05         0.4999999999500000         0.4999999999500000         0.9999999999000000E-10
      377441406.2500000         0.1000000000000000E-03      10000000.00000000          25267344097618.05         0.4999999999500000         0.4999999999500000         0.9999999999000000E-10
      378417968.7500000         0.1000000000000000E-03      10000000.00000000          25267344097618.05         0.4999999999500000         0.4999999999500000         0.9999999999000000E-10
      379394531.2500000         0.1000000000000000E-03      10000000.00000000          25267344097618.05         0.4999999999500000         0.4999999999500000         0.9999999999000000E-10
      380371093.7500000         0.1000000000000000E-03      10000000.00000000          25267344097618.05         0.4999999999500000         0.4999999999500000         0.9999999999000000E-10
      381347656.2500000         0.1000000000000000E-03      10000000.00000000          25267344097618.05         0.4999999999500000         0.4999999999500000         0.9999999999000000E-10
      382324218.7500000         0.1000000000000000E-03      10000000.00000000          25267344097618.05         0.4999999999500000         0.4999999999500000         0.9999999999000000E-10
      383300781.2500000         0.1000000000000000E-03      10000000.00000000          25267344097618.05         0.4999999999500000         0.4999999999500000         0.9999999999000000E-10
      384277343.7500000         0.1000000000000000E-03      10000000.00000000          25267344097618.05         0.4999999999500000         0.4999999999500000         0.9999999999000000E-10
      385253906.2500000         0.1000000000000000E-03      10000000.00000000          25267344097618.05         0.4999999999500000         0.4999999999500000         0.9999999999000000E-10
      386230468.7500000         0.1000000000000000E-03      10000000.00000000          25267344097618.05         0.4999999999500000         0.4999999999500000         0.9999999999000000E-10
      387207031.2500000         0.1000000000000000E-03      10000000.00000000          25267344097618.05         0.4999999999500000         0.4999999999500000         0.9999999999000000E-10
      388183593.7500000         0.1000000000000000E-03      10000000.00000000          25267344097618.05         0.4999999999500000         0.4999999999500000         0.9999999999000000E-10
      389160156.2500000         0.1000000000000000E-03      10000000.00000000          25267344097618.05         0.4999999999500000         0.4999999999500000         0.9999999999000000E-10
      390136718.7500000         0.1000000000000000E-03      10000000.00000000          25267344097618.05         0.4999999999500000         0.4999999999500000         0.9999999999000000E-10
      391113281.2500000         0.1000000000000000E-03      10000000.00000000          25267344097618.05         0.4999999999500000         0.4999999999500000         0.9999999999000000E-10
      392089843.7500000         0.1000000000000000E-03      10000000.00000000          25267344097618.05         0.4999999999500000         0.4999999999500000         0.9999999999000000E-10
      393066406.2500000         0.1000000000000000E-03      10000000.00000000          25267344097618.05         0.4999999999500000         0.4999999999500000         0.9999999999000000E-10
      394042968.7500000         0.1000000000000000E-03      10000000.00000000          25267344097618.05         0.4999999999500000         0.4999999999500000         0.9999999999000000E-10
      395019531.2500000         0.1000000000000000E-03      10000000.00000000          25267344097618.05         0.4999999999500000         0.4999999999500000         0.9999999999000000E-10
      395996093.7500000         0.1000000000000000E-03      10000000.00000000          25267344097618.05         0.4999999999500000         0.4999999999500000         0.9999999999000000E-10
      396972656.2500000         0.1000000000000000E-03      10000000.00000000          25267344097618.05         0.4999999999500000         0.4999999999500000         0.9999999999000000E-10
      397949218.7500000         0.1000000000000000E-03      10000000.00000000          25267344097618.05         0.4999999999500000         0.4999999999500000         0.9999999999000000E-10
      398925781.2500000         0.1000000000000000E-03      10000000.00000000          25267344097618.05         0.4999999999500000         0.4999999999500000         0.9999999999000000E-10
      399902343.7500000         0.1000000000000000E-03      10000000.00000000          25267344097618.05         0.4999999999500000         0.4999999999500000         0.9999999999000000E-10
      400878906.2500000         0.1000000000000000E-03      10000000.00000000          25267344097618.05         0.4999999999500000         0.4999999999500000         0.9999999999000000E-10
      401855468.7500000         0.1000000000000000E-03      10000000.00000000          25267344097618.05         0.4999999999500000         0.4999999999500000         0.9999999999000000E-10
      402832031.2500000         0.1000000000000000E-03      10000000.00000000          25267344097618.05         0.4999999999500000         0.4999999999500000         0.9999999999000000E-10
      403808593.7500000         0.1000000000000000E-03      10000000.00000000          25267344097618.05         0.4999999999500000         0.4999999999500000         0.9999999999000000E-10
      404785156.2500000         0.1000000000000000E-03      10000000.00000000          25267344097618.05         0.4999999999500000         0.4999999999500000         0.9999999999000000E-10
      405761718.7500000         0.1000000000000000E-03      10000000.00000000          25267344097618.05         0.4999999999500000         0.4999999999500000         0.9999999999000000E-10
      406738281.2500000         0.1000000000000000E-03      10000000.00000000          25267344097618.05         0.4999999999500000         0.4999999999500000         0.9999999999000000E-10
      407714843.7500000         0.1000000000000000E-03      10000000.00000000          25267344097618.05         0.4999999999500000         0.4999999999500000         0.9999999999000000E-10
      408691406.2500000         0.1000000000000000E-03      10000000.00000000          25267344097618.05         0.4999999999500000         0.4999999999500000         0.9999999999000000E-10
      409667968.7500000         0.1000000000000000E-03      10000000.00000000          25267344097618.05         0.4999999999500000         0.4999999999500000         0.9999999999000000E-10
      410644531.2500000         0.1000000000000000E-03      10000000.00000000          25267344097618.05         0.4999999999500000         0.4999999999500000         0.9999999999000000E-10
      411621093.7500000         0.1000000000000000E-03      10000000.00000000          25267344097618.05         0.4999999999500000         0.4999999999500000         0.9999999999000000E-10
      412597656.2500000         0.1000000000000000E-03      10000000.00000000          25267344097618.05         0.4999999999500000         0.4999999999500000         0.9999999999000000E-10
      413574218.7500000         0.1000000000000000E-03      10000000.00000000          25267344097618.05         0.4999999999500000         0.4999999999500000         0.9999999999000000E-10
      414550781.2500000         0.1000000000000000E-03      10000000.00000000          25267344097618.05         0.4999999999500000         0.4999999999500000         0.9999999999000000E-10
      415527343.7500000         0.1000000000000000E-03      10000000.00000000          25267344097618.05         0.4999999999500000         0.4999999999500000         0.9999999999000000E-10
      416503906.2500000         0.1000000000000000E-03      10000000.00000000          25267344097618.05         0.4999999999500000         0.4999999999500000         0.9999999999000000E-10
      417480468.7500000         0.1000000000000000E-03      10000000.00000000          25267344097618.05         0.4999999999500000         0.4999999999500000         0.9999999999000000E-10
      418457031.2500000         0.1000000000000000E-03      10000000.00000000          25267344097618.05         0.4999999999500000         0.4999999999500000         0.9999999999000000E-10
      419433593.7500000         0.1000000000000000E-03      10000000.00000000          25267344097618.05         0.4999999999500000         0.4999999999500000         0.9999999999000000E-10
      420410156.2500000         0.1000000000000000E-03      10000000.00000000          25267344097618.05         0.4999999999500000         0.4999999999500000         0.9999999999000000E-10
      421386718.7500000         0.1000000000000000E-03      10000000.00000000          25267344097618.05         0.4999999999500000         0.4999999999500000         0.9999999999000000E-10
      422363281.2500000         0.1000000000000000E-03      10000000.00000000          25267344097618.05         0.4999999999500000         0.4999999999500000         0.9999999999000000E-10
      423339843.7500000         0.1000000000000000E-03      10000000.00000000          25267344097618.05         0.4999999999500000         0.4999999999500000         0.9999999999000000E-10
      424316406.2500000         0.1000000000000000E-03      10000000.00000000          25267344097618.05         0.4999999999500000         0.4999999999500000         0.9999999999000000E-10
      425292968.7500000         0.1000000000000000E-03      10000000.00000000          25267344097618.05         0.4999999999500000         0.4999999999500000         0.9999999999000000E-10
      426269531.2500000         0.1000000000000000E-03      10000000.00000000          25267344097618.05         0.4999999999500000         0.4999999999500000         0.9999999999000000E-10
      427246093.7500000         0.1000000000000000E-03      10000000.00000000          25267344097618.05         0.4999999999500000         0.4999999999500000         0.9999999999000000E-10
      428222656.2500000         0.1000000000000000E-03      10000000.00000000          25267344097618.05         0.4999999999500000         0.4999999999500000         0.9999999999000000E-10
      429199218.7500000         0.1000000000000000E-03      10000000.00000000          25267344097618.05         0.4999999999500000         0.4999999999500000         0.9999999999000000E-10
      430175781.2500000         0.1000000000000000E-03      10000000.00000000          25267344097618.05         0.4999999999500000         0.4999999999500000         0.9999999999000000E-10
      431152343.7500000         0.1000000000000000E-03      10000000.00000000          25267344097618.05         0.4999999999500000         0.4999999999500000         0.9999999999000000E-10
      432128906.2500000         0.1000000000000000E-03      10000000.00000000          25267344097618.05         0.4999999999500000         0.4999999999500000         0.9999999999000000E-10
      433105468.7500000         0.1000000000000000E-03      10000000.00000000          25267344097618.05         0.4999999999500000         0.4999999999500000         0.9999999999000000E-10
      434082031.2500000         0.1000000000000000E-03      10000000.00000000          25267344097618.05         0.4999999999500000         0.4999999999500000         0.9999999999000000E-10
      435058593.7500000         0.1000000000000000E-03      10000000.00000000          25267344097618.05         0.4999999999500000         0.4999999999500000         0.9999999999000000E-10
      436035156.2500000         0.1000000000000000E-03      10000000.00000000          25267344097618.05         0.4999999999500000         0.4999999999500000         0.9999999999000000E-10
      437011718.7500000         0.1000000000000000E-03      10000000.00000000          25267344097618.05         0.4999999999500000         0.4999999999500000         0.9999999999000000E-10
      437988281.2500000         0.1000000000000000E-03      10000000.00000000          25267344097618.05         0.4999999999500000         0.4999999999500000         0.9999999999000000E-10
      438964843.7500000         0.1000000000000000E-03      10000000.00000000          25267344097618.05         0.4999999999500000         0.4999999999500000         0.9999999999000000E-10
      439941406.2500000         0.1000000000000000E-03      10000000.00000000          25267344097618.05         0.4999999999500000         0.4999999999500000         0.9999999999000000E-10
      440917968.7500000         0.1000000000000000E-03      10000000.00000000          25267344097618.05         0.4999999999500000         0.4999999999500000         0.9999999999000000E-10
      441894531.2500000         0.1000000000000000E-03      10000000.00000000          25267344097618.05         0.4999999999500000         0.4999999999500000         0.9999999999000000E-10
      442871093.7500000         0.1000000000000000E-03      10000000.00000000          25267344097618.05         0.4999999999500000         0.4999999999500000         0.9999999999000000E-10
      443847656.2500000         0.1000000000000000E-03      10000000.00000000          25267344097618.05         0.4999999999500000         0.4999999999500000         0.9999999999000000E-10
      444824218.7500000         0.1000000000000000E-03      10000000.00000000          25267344097618.05         0.4999999999500000         0.4999999999500000         0.9999999999000000E-10
      445800781.2500000         0.1000000000000000E-03      10000000.00000000          25267344097618.05         0.4999999999500000         0.4999999999500000         0.9999999999000000E-10
      446777343.7500000         0.1000000000000000E-03      10000000.00000000          25267344097618.05         0.4999999999500000         0.4999999999500000         0.9999999999000000E-10
      447753906.2500000         0.1000000000000000E-03      10000000.00000000          25267344097618.05         0.4999999999500000         0.4999999999500000         0.9999999999000000E-10
      448730468.7500000         0.1000000000000000E-03      10000000.00000000          25267344097618.05         0.4999999999500000         0.4999999999500000         0.9999999999000000E-10
      449707031.2500000         0.1000000000000000E-03      10000000.00000000          25267344097618.05         0.4999999999500000         0.4999999999500000         0.9999999999000000E-10
      450683593.7500000         0.1000000000000000E-03      10000000.00000000          25267344097618.05         0.4999999999500000         0.4999999999500000         0.9999999999000000E-10
      451660156.2500000         0.1000000000000000E-03      10000000.00000000          25267344097618.05         0.4999999999500000         0.4999999999500000         0.9999999999000000E-10
      452636718.7500000         0.1000000000000000E-03      10000000.00000000          25267344097618.05         0.4999999999500000         0.4999999999500000         0.9999999999000000E-10
      453613281.2500000         0.1000000000000000E-03      10000000.00000000          25267344097618.05         0.4999999999500000         0.4999999999500000         0.9999999999000000E-10
      454589843.7500000         0.1000000000000000E-03      10000000.00000000          25267344097618.05         0.4999999999500000         0.4999999999500000         0.9999999999000000E-10
      455566406.2500000         0.1000000000000000E-03      10000000.00000000          25267344097618.05         0.4999999999500000         0.4999999999500000         0.9999999999000000E-10
      456542968.7500000         0.1000000000000000E-03      10000000.00000000          25267344097618.05         0.4999999999500000         0.4999999999500000         0.9999999999000000E-10
      457519531.2500000         0.1000000000000000E-03      10000000.00000000          25267344097618.05         0.4999999999500000         0.4999999999500000         0.9999999999000000E-10
      458496093.7500000         0.1000000000000000E-03      10000000.00000000          25267344097618.05         0.4999999999500000         0.4999999999500000         0.9999999999000000E-10
      459472656.2500000         0.1000000000000000E-03      10000000.00000000          25267344097618.05         0.4999999999500000         0.4999999999500000         0.9999999999000000E-10
      460449218.7500000         0.1000000000000000E-03      10000000.00000000          25267344097618.05         0.4999999999500000         0.4999999999500000         0.9999999999000000E-10
      461425781.2500000         0.1000000000000000E-03      10000000.00000000          25267344097618.05         0.4999999999500000         0.4999999999500000         0.9999999999000000E-10
      462402343.7500000         0.1000000000000000E-03      10000000.00000000          25267344097618.05         0.4999999999500000         0.4999999999500000         0.9999999999000000E-10
      463378906.2500000         0.1000000000000000E-03      10000000.00000000          25267344097618.05         0.4999999999500000         0.4999999999500000         0.9999999999000000E-10
      464355468.7500000         0.1000000000000000E-03      10000000.00000000          25267344097618.05         0.4999999999500000         0.4999999999500000         0.9999999999000000E-10
      465332031.2500000         0.1000000000000000E-03      10000000.00000000          25267344097618.05         0.4999999999500000         0.4999999999500000         0.9999999999000000E-10
      466308593.7500000         0.1000000000000000E-03      10000000.00000000          25267344097618.05         0.4999999999500000         0.4999999999500000         0.9999999999000000E-10
      467285156.2500000         0.1000000000000000E-03      10000000.00000000          25267344097618.05         0.4999999999500000         0.4999999999500000         0.9999999999000000E-10
      468261718.7500000         0.1000000000000000E-03      10000000.00000000          25267344097618.05         0.4999999999500000         0.4999999999500000         0.9999999999000000E-10
      469238281.2500000         0.1000000000000000E-03      10000000.00000000          25267344097618.05         0.4999999999500000         0.4999999999500000         0.9999999999000000E-10
      470214843.7500000         0.1000000000000000E-03      10000000.00000000          25267344097618.05         0.4999999999500000         0.4999999999500000         0.9999999999000000E-10
      471191406.2500000         0.1000000000000000E-03      10000000.00000000          25267344097618.05         0.4999999999500000         0.4999999999500000         0.9999999999000000E-10
      472167968.7500000         0.1000000000000000E-03      10000000.00000000          25267344097618.05         0.4999999999500000         0.4999999999500000         0.9999999999000000E-10
      473144531.2500000         0.1000000000000000E-03      10000000.00000000          25267344097618.05         0.4999999999500000         0.4999999999500000         0.9999999999000000E-10
      474121093.7500000         0.1000000000000000E-03      10000000.00000000          25267344097618.05         0.4999999999500000         0.4999999999500000         0.9999999999000000E-10
      475097656.2500000         0.1000000000000000E-03      10000000.00000000          25267344097618.05         0.4999999999500000         0.4999999999500000         0.9999999999000000E-10
      476074218.7500000         0.1000000000000000E-03      10000000.00000000          25267344097618.05         0.4999999999500000         0.4999999999500000         0.9999999999000000E-10
      477050781.2500000         0.1000000000000000E-03      10000000.00000000          25267344097618.05         0.4999999999500000         0.4999999999500000         0.9999999999000000E-10
      478027343.7500000         0.1000000000000000E-03      10000000.00000000          25267344097618.05         0.4999999999500000         0.4999999999500000         0.9999999999000000E-10
      479003906.2500000         0.1000000000000000E-03      10000000.00000000          25267344097618.05         0.4999999999500000         0.4999999999500000         0.9999999999000000E-10
      479980468.7500000         0.1000000000000000E-03      10000000.00000000          25267344097618.05         0.4999999999500000         0.4999999999500000         0.9999999999000000E-10
      480957031.2500000         0.1000000000000000E-03      10000000.00000000          25267344097618.05         0.4999999999500000         0.4999999999500000         0.9999999999000000E-10
      481933593.7500000         0.1000000000000000E-03      10000000.00000000          25267344097618.05         0.4999999999500000         0.4999999999500000         0.9999999999000000E-10
      482910156.2500000         0.1000000000000000E-03      10000000.00000000          25267344097618.05         0.4999999999500000         0.4999999999500000         0.9999999999000000E-10
      483886718.7500000         0.1000000000000000E-03      10000000.00000000          25267344097618.05         0.4999999999500000         0.4999999999500000         0.9999999999000000E-10
      484863281.2500000         0.1000000000000000E-03      10000000.00000000          25267344097618.05         0.4999999999500000         0.4999999999500000         0.9999999999000000E-10
      485839843.7500000         0.1000000000000000E-03      10000000.00000000          25267344097618.05         0.4999999999500000         0.4999999999500000         0.9999999999000000E-10
      486816406.2500000         0.1000000000000000E-03      10000000.00000000          25267344097618.05         0.4999999999500000         0.4999999999500000         0.9999999999000000E-10
      487792968.7500000         0.1000000000000000E-03      10000000.00000000          25267344097618.05         0.4999999999500000         0.4999999999500000         0.9999999999000000E-10
      488769531.2500000         0.1000000000000000E-03      10000000.00000000          25267344097618.05         0.4999999999500000         0.4999999999500000         0.9999999999000000E-10
      489746093.7500000         0.1000000000000000E-03      10000000.00000000          25267344097618.05         0.4999999999500000         0.4999999999500000         0.9999999999000000E-10
      490722656.2500000         0.1000000000000000E-03      10000000.00000000          25267344097618.05         0.4999999999500000         0.4999999999500000         0.9999999999000000E-10
      491699218.7500000         0.1000000000000000E-03      10000000.00000000          25267344097618.05         0.4999999999500000         0.4999999999500000         0.9999999999000000E-10
      492675781.2500000         0.1000000000000000E-03      10000000.00000000          25267344097618.05         0.4999999999500000         0.4999999999500000         0.9999999999000000E-10
      493652343.7500000         0.1000000000000000E-03      10000000.00000000          25267344097618.05         0.4999999999500000         0.4999999999500000         0.9999999999000000E-10
      494628906.2500000         0.1000000000000000E-03      10000000.00000000          25267344097618.05         0.4999999999500000         0.4999999999500000         0.9999999999000000E-10
      495605468.7500000         0.1000000000000000E-03      10000000.00000000          25267344097618.05         0.4999999999500000         0.4999999999500000         0.9999999999000000E-10
      496582031.2500000         0.1000000000000000E-03      10000000.00000000          25267344097618.05         0.4999999999500000         0.4999999999500000         0.9999999999000000E-10
      497558593.7500000         0.1000000000000000E-03      10000000.00000000          25267344097618.05         0.4999999999500000         0.4999999999500000         0.9999999999000000E-10
      498535156.2500000         0.1000000000000000E-03      10000000.00000000          25267344097618.05         0.4999999999500000         0.4999999999500000         0.9999999999000000E-10
      499511718.7500000         0.1000000000000000E-03      10000000.00000000          25267344097618.05         0.4999999999500000         0.4999999999500000         0.9999999999000000E-10
