# npts =   240
# num of variables =     6
# density
# temperature
# pressure
# carbon-12       
# oxygen-16       
# magnesium-24    
      1041666.666666667          2677483858.867019          600197757.2583638         0.1804133142688107E+28     0.4974201554646994         0.4983201919341772         0.4259652601123398E-02
      3125000.000000000          2667862745.098418          599079411.7647504         0.1795452060561746E+28     0.4974201554646994         0.4983201919341772         0.4259652601123398E-02
      5208333.333333333          2648749236.093544          596851375.7912915         0.1778237525143553E+28     0.4974204691426582         0.4983205061797076         0.4259024677634194E-02
      7291666.666666666          2620401113.230622          593532670.6843556         0.1752783311275060E+28     0.4974206703760324         0.4983207077771953         0.4258621846772222E-02
      9375000.000000000          2583195983.084374          589149292.5940547         0.1719517438424382E+28     0.4974216577389780         0.4983216969266842         0.4256645334337857E-02
      11458333.33333333          2537621822.820644          583737839.0012147         0.1678988447207253E+28     0.4974226540708062         0.4983226950612841         0.4254650867909697E-02
      13541666.66666667          2484263522.889496          577341484.2133801         0.1631848006524531E+28     0.4974236531473552         0.4983236959455712         0.4252650907073613E-02
      15625000.00000000          2423785360.499799          570009816.7963282         0.1578830918902820E+28     0.4974247402484975         0.4983247850137240         0.4250474737778542E-02
      17708333.33333333          2356922836.345546          561799093.1818641         0.1520733447408778E+28     0.4974260123406198         0.4983260594075811         0.4247928251799119E-02
      19791666.66666666          2284457695.655415          552770821.1232854         0.1458390913342714E+28     0.4974272411251052         0.4983272904154402         0.4245468459454590E-02
      21875000.00000000          2207198816.278061          542989021.4369855         0.1392655734871751E+28     0.4974290752360883         0.4983291278450800         0.4241796918831736E-02
      23958333.33333333          2125966940.602532          532522988.3616663         0.1324376686853868E+28     0.4974301862493797         0.4983302408686488         0.4239572881971510E-02
      26041666.66666666          2041583198.651076          521441347.7671154         0.1254379968721639E+28     0.4974317052552625         0.4983317626230344         0.4236532121703161E-02
      28125000.00000000          1954857173.580481          509816589.5535524         0.1183452541019341E+28     0.4974331539197087         0.4983332139087070         0.4233632171584237E-02
      30208333.33333333          1866564060.352854          497720153.5936859         0.1112328330742428E+28     0.4974346492250206         0.4983347119196377         0.4230638855341668E-02
      32291666.66666666          1777442513.015006          485224285.0716505         0.1041677505193950E+28     0.4974356555569843         0.4983357200724673         0.4228624370548437E-02
      34375000.00000000          1688168159.937914          472396277.9119503         0.9720989433112438E+27     0.4974371761934706         0.4983372434604069         0.4225580346122431E-02
      36458333.33333333          1599364349.673732          459292083.6095988         0.9041157567782952E+27     0.4974712995474125         0.4983060090667173         0.4222691385870146E-02
      38541666.66666666          1511600716.288472          445994788.0033080         0.8381730564636572E+27     0.4974899103229762         0.4982898940983699         0.4220195578653834E-02
      40625000.00000000          1425382119.053819          432566610.1163955         0.7746381439673379E+27     0.4974913357738114         0.4982913218413874         0.4217342384801251E-02
      42708333.33333333          1341137501.721624          419058845.3986953         0.7138031407893857E+27     0.4974927173096401         0.4982927055987812         0.4214577091578745E-02
      44791666.66666666          1259231618.580162          405524876.6423022         0.6558893108926440E+27     0.4974940292728270         0.4982940196716577         0.4211951055515299E-02
      46875000.00000000          1179975758.381663          392015595.5434437         0.6010521710830972E+27     0.4974952810231440         0.4982952734348395         0.4209445542016353E-02
      48958333.33333333          1103620875.992066          378577846.9455366         0.5493874288968072E+27     0.4974964861748650         0.4982964805244929         0.4207033300642044E-02
      51041666.66666666          1030347304.343240          365251728.8988696         0.5009379915406419E+27     0.4974976490380078         0.4982976452575664         0.4204705704425808E-02
      53125000.00000000          960295051.5001786          352075074.5296999         0.4557009911524183E+27     0.4974987835084853         0.4982987815523181         0.4202434939196587E-02
      55208333.33333333          893560113.9192867          339082334.7286808         0.4136343274581139E+27     0.4974998884116479         0.4982998882322093         0.4200223356142885E-02
      57291666.66666666          830185842.2757660          326301915.1326447         0.3746634736520791E+27     0.4975010461626380         0.4983010478449096         0.4197905992452318E-02
      59375000.00000000          770181611.1545546          313758678.9173672         0.3386879308735493E+27     0.4975025437863485         0.4983025478768592         0.4194908336792285E-02
      61458333.33333333          713531903.6327903          301476220.4258939         0.3055867696515396E+27     0.4975036049999019         0.4983036107968867         0.4192784203211365E-02
      63541666.66666666          660185227.8521808          289472015.0500190         0.2752238547628542E+27     0.4975046549437627         0.4983046624290994         0.4190682627137891E-02
      65625000.00000000          610067773.6678252          277760602.7829388         0.2474526422384026E+27     0.4975057018382229         0.4983057110070080         0.4188587154769093E-02
      67708333.33333333          563094370.0439206          266355311.1516427         0.2221200105428474E+27     0.4975067521800667         0.4983067630378438         0.4186484782089481E-02
      69791666.66666666          519156578.8000978          255264795.0039004         0.1990696835323284E+27     0.4975078046327463         0.4983078171829095         0.4184378184344199E-02
      71875000.00000000          478136979.6352395          244495655.5681084         0.1781452117802028E+27     0.4975088715320365         0.4983088857978167         0.4182242670146757E-02
      73958333.33333333          439914548.7715176          234053582.7863123         0.1591921443875927E+27     0.4975099458111549         0.4983099618044191         0.4180092384426040E-02
      76041666.66666666          404354366.3267584          223940025.5004802         0.1420599487626298E+27     0.4975110317397917         0.4983110494792727         0.4177918780935551E-02
      78125000.00000000          371323712.2487790          214156318.4755907         0.1266035021477873E+27     0.4975116302508259         0.4983116489527368         0.4176720796437313E-02
      80208333.33333333          340689058.4034606          204701702.1377676         0.1126840284765125E+27     0.4975127244465385         0.4983127449079601         0.4174530645501434E-02
      82291666.66666666          312311530.8100495          195573224.1200326         0.1001699453102288E+27     0.4975134121324021         0.4983134336996501         0.4173154167947778E-02
      84375000.00000000          286060022.9818493          186767759.7244893         0.8893733687725695E+26     0.4975144082005563         0.4983144313695220         0.4171160429921742E-02
      86458333.33333333          261803397.1698855          178281030.4516196         0.7887014598451373E+26     0.4975149105218683         0.4983149344985869         0.4170154979544737E-02
      88541666.66666666          239413104.2550150          170106763.4838238         0.6986032412452295E+26     0.4975154100820440         0.4983154348620755         0.4169155055880542E-02
      90625000.00000000          218768741.1820314          162239569.0274448         0.6180771351120286E+26     0.4975159105588196         0.4983159361436378         0.4168153297542455E-02
      92708333.33333333          199750190.7468141          154671767.9832660         0.5461987811687825E+26     0.4975162701696649         0.4983162963327519         0.4167433497583179E-02
      94791666.66666666          182245571.3814343          146712227.5515498         0.4821186454561527E+26     0.4996028035203444         0.4997307503231498         0.6664461565057937E-03
      96875000.00000000          166148875.2999720          139628819.5794282         0.4250581281867970E+26     0.4999999999500000         0.4999999999500000         0.9999999999000000E-10
      98958333.33333333          151357112.9720264          132949795.8004203         0.3743062009884943E+26     0.4999999999500000         0.4999999999500000         0.9999999999000000E-10
      101041666.6666667          137767757.2861768          128973484.8484849         0.3292166172416093E+26     0.4999999999500000         0.4999999999500000         0.9999999999000000E-10
      103125000.0000000          125291620.4137765          127647727.2727273         0.2892032842862841E+26     0.4999999999500000         0.4999999999500000         0.9999999999000000E-10
      105208333.3333333          113854835.6523911          126258333.3333333         0.2537333816927881E+26     0.4999999999500000         0.4999999999500000         0.9999999999000000E-10
      107291666.6666667          103377283.3959496          124879861.1111111         0.2223236218390119E+26     0.4999999999500000         0.4999999999500000         0.9999999999000000E-10
      109375000.0000000          93783729.52130075          123606250.0000000         0.1945380668190416E+26     0.4999999999500000         0.4999999999500000         0.9999999999000000E-10
      111458333.3333333          85005948.11246511          122290972.2222222         0.1699840002840359E+26     0.4999999999500000         0.4999999999500000         0.9999999999000000E-10
      113541666.6666667          76978267.16056950          120977564.1025641         0.1483082607458135E+26     0.4999999999500000         0.4999999999500000         0.9999999999000000E-10
      115625000.0000000          69641219.39067551          119792307.6923077         0.1291938284791559E+26     0.4999999999500000         0.4999999999500000         0.9999999999000000E-10
      117708333.3333333          62939096.78176920          118545833.3333333         0.1123564012036062E+26     0.4999999999500000         0.4999999999500000         0.9999999999000000E-10
      119791666.6666667          56820390.73729935          117362500.0000000         0.9754140170623675E+25     0.4999999999500000         0.4999999999500000         0.9999999999000000E-10
      121875000.0000000          51237445.32453775          116255882.3529412         0.8452113170609321E+25     0.4999999999500000         0.4999999999500000         0.9999999999000000E-10
      123958333.3333333          46146473.35046349          115059920.6349206         0.7309213010045968E+25     0.4999999999500000         0.4999999999500000         0.9999999999000000E-10
      126041666.6666667          41506753.31999318          113960763.8888889         0.6307278401852632E+25     0.4999999999500000         0.4999999999500000         0.9999999999000000E-10
      128125000.0000000          37280781.05920415          112837500.0000000         0.5430116494541134E+25     0.4999999999500000         0.4999999999500000         0.9999999999000000E-10
      130208333.3333333          33434249.69962915          111795833.3333333         0.4663299190903755E+25     0.4999999999500000         0.4999999999500000         0.9999999999000000E-10
      132291666.6666667          29935367.28880138          110654722.2222222         0.3993980992619187E+25     0.4999999999500000         0.4999999999500000         0.9999999999000000E-10
      134375000.0000000          26755149.40104027          109461764.7058824         0.3410733715943333E+25     0.4999999999500000         0.4999999999500000         0.9999999999000000E-10
      136458333.3333333          23866452.72880872          108236274.5098039         0.2903399859916570E+25     0.4999999999500000         0.4999999999500000         0.9999999999000000E-10
      138541666.6666667          21244902.23990702          106939957.2649573         0.2462957048806091E+25     0.4999999999500000         0.4999999999500000         0.9999999999000000E-10
      140625000.0000000          18867606.97406942          105604487.1794872         0.2081395996723353E+25     0.4999999999500000         0.4999999999500000         0.9999999999000000E-10
      142708333.3333333          16714005.95179316          104194270.8333333         0.1751611883986259E+25     0.4999999999500000         0.4999999999500000         0.9999999999000000E-10
      144791666.6666667          14764835.56891360          102761979.1666667         0.1467305725315623E+25     0.4999999999500000         0.4999999999500000         0.9999999999000000E-10
      146875000.0000000          13002845.55933223          101191693.5483871         0.1222896267429509E+25     0.4999999999500000         0.4999999999500000         0.9999999999000000E-10
      148958333.3333333          11411929.75230505          99464543.01075271         0.1013440125345005E+25     0.4999999999500000         0.4999999999500000         0.9999999999000000E-10
      151041666.6666667          9977328.527588781          97737392.47311829         0.8345639126725234E+24     0.4999999999500000         0.4999999999500000         0.9999999999000000E-10
      153125000.0000000          8685790.625492943          95745725.80645162         0.6823987256399085E+24     0.4999999999500000         0.4999999999500000         0.9999999999000000E-10
      155208333.3333333          7524958.392445441          93480940.86021508         0.5535236078644938E+24     0.4999999999500000         0.4999999999500000         0.9999999999000000E-10
      157291666.6666667          6483436.134723576          91216155.91397850         0.4449178660838369E+24     0.4999999999500000         0.4999999999500000         0.9999999999000000E-10
      159375000.0000000          5550934.608648108          88951370.96774194         0.3539155684154677E+24     0.4999999999500000         0.4999999999500000         0.9999999999000000E-10
      161458333.3333333          4718055.158743538          86750000.00000000         0.2781643172831526E+24     0.4999999999500000         0.4999999999500000         0.9999999999000000E-10
      163541666.6666667          3975322.002138420          86750000.00000000         0.2155959825536034E+24     0.4999999999500000         0.4999999999500000         0.9999999999000000E-10
      165625000.0000000          3316225.749048812          86750000.00000000         0.1643850463529974E+24     0.4999999999500000         0.4999999999500000         0.9999999999000000E-10
      167708333.3333333          2733634.805357857          86750000.00000000         0.1229144492616263E+24     0.4999999999500000         0.4999999999500000         0.9999999999000000E-10
      169791666.6666667          2221078.011864574          86750000.00000000         0.8975996019946966E+23     0.4999999999500000         0.4999999999500000         0.9999999999000000E-10
      171875000.0000000          1772704.304064094          86750000.00000000         0.6366743830337699E+23     0.4999999999500000         0.4999999999500000         0.9999999999000000E-10
      173958333.3333333          1383251.843692322          86750000.00000000         0.4353246091209765E+23     0.4999999999500000         0.4999999999500000         0.9999999999000000E-10
      176041666.6666667          1048035.058205122          86750000.00000000         0.2838194621937105E+23     0.4999999999500000         0.4999999999500000         0.9999999999000000E-10
      178125000.0000000          762954.4969548011          86750000.00000000         0.1735735940777899E+23     0.4999999999500000         0.4999999999500000         0.9999999999000000E-10
      180208333.3333333          524546.3577322472          86750000.00000000         0.9699012177172730E+22     0.4999999999500000         0.4999999999500000         0.9999999999000000E-10
      182291666.6666667          330105.5028315856          86750000.00000000         0.4730736734230060E+22     0.4999999999500000         0.4999999999500000         0.9999999999000000E-10
      184375000.0000000          178052.7329282704          86750000.00000000         0.1843157275570674E+22     0.4999999999500000         0.4999999999500000         0.9999999999000000E-10
      186458333.3333333          69100.28611662182          86750000.00000000         0.4700284950594026E+21     0.4999999999500000         0.4999999999500000         0.9999999999000000E-10
      188541666.6666667          9543.946056237248          86750000.00000000         0.4274397328391460E+20     0.4999999999500000         0.4999999999500000         0.9999999999000000E-10
      190625000.0000000         0.1000000000000000E-03      5000000.000000000          1600042867924.352         0.4999999999500000         0.4999999999500000         0.9999999999000000E-10
      192708333.3333333         0.1000000000000000E-03      5000000.000000000          1600042867924.352         0.4999999999500000         0.4999999999500000         0.9999999999000000E-10
      194791666.6666667         0.1000000000000000E-03      5000000.000000000          1600042867924.352         0.4999999999500000         0.4999999999500000         0.9999999999000000E-10
      196875000.0000000         0.1000000000000000E-03      5000000.000000000          1600042867924.352         0.4999999999500000         0.4999999999500000         0.9999999999000000E-10
      198958333.3333333         0.1000000000000000E-03      5000000.000000000          1600042867924.352         0.4999999999500000         0.4999999999500000         0.9999999999000000E-10
      201041666.6666667         0.1000000000000000E-03      5000000.000000000          1600042867924.352         0.4999999999500000         0.4999999999500000         0.9999999999000000E-10
      203125000.0000000         0.1000000000000000E-03      5000000.000000000          1600042867924.352         0.4999999999500000         0.4999999999500000         0.9999999999000000E-10
      205208333.3333333         0.1000000000000000E-03      5000000.000000000          1600042867924.352         0.4999999999500000         0.4999999999500000         0.9999999999000000E-10
      207291666.6666667         0.1000000000000000E-03      5000000.000000000          1600042867924.352         0.4999999999500000         0.4999999999500000         0.9999999999000000E-10
      209375000.0000000         0.1000000000000000E-03      5000000.000000000          1600042867924.352         0.4999999999500000         0.4999999999500000         0.9999999999000000E-10
      211458333.3333333         0.1000000000000000E-03      5000000.000000000          1600042867924.352         0.4999999999500000         0.4999999999500000         0.9999999999000000E-10
      213541666.6666667         0.1000000000000000E-03      5000000.000000000          1600042867924.352         0.4999999999500000         0.4999999999500000         0.9999999999000000E-10
      215625000.0000000         0.1000000000000000E-03      5000000.000000000          1600042867924.352         0.4999999999500000         0.4999999999500000         0.9999999999000000E-10
      217708333.3333333         0.1000000000000000E-03      5000000.000000000          1600042867924.352         0.4999999999500000         0.4999999999500000         0.9999999999000000E-10
      219791666.6666667         0.1000000000000000E-03      5000000.000000000          1600042867924.352         0.4999999999500000         0.4999999999500000         0.9999999999000000E-10
      221875000.0000000         0.1000000000000000E-03      5000000.000000000          1600042867924.352         0.4999999999500000         0.4999999999500000         0.9999999999000000E-10
      223958333.3333333         0.1000000000000000E-03      5000000.000000000          1600042867924.352         0.4999999999500000         0.4999999999500000         0.9999999999000000E-10
      226041666.6666667         0.1000000000000000E-03      5000000.000000000          1600042867924.352         0.4999999999500000         0.4999999999500000         0.9999999999000000E-10
      228125000.0000000         0.1000000000000000E-03      5000000.000000000          1600042867924.352         0.4999999999500000         0.4999999999500000         0.9999999999000000E-10
      230208333.3333333         0.1000000000000000E-03      5000000.000000000          1600042867924.352         0.4999999999500000         0.4999999999500000         0.9999999999000000E-10
      232291666.6666667         0.1000000000000000E-03      5000000.000000000          1600042867924.352         0.4999999999500000         0.4999999999500000         0.9999999999000000E-10
      234375000.0000000         0.1000000000000000E-03      5000000.000000000          1600042867924.352         0.4999999999500000         0.4999999999500000         0.9999999999000000E-10
      236458333.3333333         0.1000000000000000E-03      5000000.000000000          1600042867924.352         0.4999999999500000         0.4999999999500000         0.9999999999000000E-10
      238541666.6666667         0.1000000000000000E-03      5000000.000000000          1600042867924.352         0.4999999999500000         0.4999999999500000         0.9999999999000000E-10
      240625000.0000000         0.1000000000000000E-03      5000000.000000000          1600042867924.352         0.4999999999500000         0.4999999999500000         0.9999999999000000E-10
      242708333.3333333         0.1000000000000000E-03      5000000.000000000          1600042867924.352         0.4999999999500000         0.4999999999500000         0.9999999999000000E-10
      244791666.6666667         0.1000000000000000E-03      5000000.000000000          1600042867924.352         0.4999999999500000         0.4999999999500000         0.9999999999000000E-10
      246875000.0000000         0.1000000000000000E-03      5000000.000000000          1600042867924.352         0.4999999999500000         0.4999999999500000         0.9999999999000000E-10
      248958333.3333333         0.1000000000000000E-03      5000000.000000000          1600042867924.352         0.4999999999500000         0.4999999999500000         0.9999999999000000E-10
      251041666.6666667         0.1000000000000000E-03      5000000.000000000          1600042867924.352         0.4999999999500000         0.4999999999500000         0.9999999999000000E-10
      253125000.0000000         0.1000000000000000E-03      5000000.000000000          1600042867924.352         0.4999999999500000         0.4999999999500000         0.9999999999000000E-10
      255208333.3333333         0.1000000000000000E-03      5000000.000000000          1600042867924.352         0.4999999999500000         0.4999999999500000         0.9999999999000000E-10
      257291666.6666667         0.1000000000000000E-03      5000000.000000000          1600042867924.352         0.4999999999500000         0.4999999999500000         0.9999999999000000E-10
      259375000.0000000         0.1000000000000000E-03      5000000.000000000          1600042867924.352         0.4999999999500000         0.4999999999500000         0.9999999999000000E-10
      261458333.3333333         0.1000000000000000E-03      5000000.000000000          1600042867924.352         0.4999999999500000         0.4999999999500000         0.9999999999000000E-10
      263541666.6666667         0.1000000000000000E-03      5000000.000000000          1600042867924.352         0.4999999999500000         0.4999999999500000         0.9999999999000000E-10
      265625000.0000000         0.1000000000000000E-03      5000000.000000000          1600042867924.352         0.4999999999500000         0.4999999999500000         0.9999999999000000E-10
      267708333.3333333         0.1000000000000000E-03      5000000.000000000          1600042867924.352         0.4999999999500000         0.4999999999500000         0.9999999999000000E-10
      269791666.6666666         0.1000000000000000E-03      5000000.000000000          1600042867924.352         0.4999999999500000         0.4999999999500000         0.9999999999000000E-10
      271875000.0000000         0.1000000000000000E-03      5000000.000000000          1600042867924.352         0.4999999999500000         0.4999999999500000         0.9999999999000000E-10
      273958333.3333333         0.1000000000000000E-03      5000000.000000000          1600042867924.352         0.4999999999500000         0.4999999999500000         0.9999999999000000E-10
      276041666.6666666         0.1000000000000000E-03      5000000.000000000          1600042867924.352         0.4999999999500000         0.4999999999500000         0.9999999999000000E-10
      278125000.0000000         0.1000000000000000E-03      5000000.000000000          1600042867924.352         0.4999999999500000         0.4999999999500000         0.9999999999000000E-10
      280208333.3333333         0.1000000000000000E-03      5000000.000000000          1600042867924.352         0.4999999999500000         0.4999999999500000         0.9999999999000000E-10
      282291666.6666666         0.1000000000000000E-03      5000000.000000000          1600042867924.352         0.4999999999500000         0.4999999999500000         0.9999999999000000E-10
      284375000.0000000         0.1000000000000000E-03      5000000.000000000          1600042867924.352         0.4999999999500000         0.4999999999500000         0.9999999999000000E-10
      286458333.3333333         0.1000000000000000E-03      5000000.000000000          1600042867924.352         0.4999999999500000         0.4999999999500000         0.9999999999000000E-10
      288541666.6666666         0.1000000000000000E-03      5000000.000000000          1600042867924.352         0.4999999999500000         0.4999999999500000         0.9999999999000000E-10
      290625000.0000000         0.1000000000000000E-03      5000000.000000000          1600042867924.352         0.4999999999500000         0.4999999999500000         0.9999999999000000E-10
      292708333.3333333         0.1000000000000000E-03      5000000.000000000          1600042867924.352         0.4999999999500000         0.4999999999500000         0.9999999999000000E-10
      294791666.6666666         0.1000000000000000E-03      5000000.000000000          1600042867924.352         0.4999999999500000         0.4999999999500000         0.9999999999000000E-10
      296875000.0000000         0.1000000000000000E-03      5000000.000000000          1600042867924.352         0.4999999999500000         0.4999999999500000         0.9999999999000000E-10
      298958333.3333333         0.1000000000000000E-03      5000000.000000000          1600042867924.352         0.4999999999500000         0.4999999999500000         0.9999999999000000E-10
      301041666.6666666         0.1000000000000000E-03      5000000.000000000          1600042867924.352         0.4999999999500000         0.4999999999500000         0.9999999999000000E-10
      303125000.0000000         0.1000000000000000E-03      5000000.000000000          1600042867924.352         0.4999999999500000         0.4999999999500000         0.9999999999000000E-10
      305208333.3333333         0.1000000000000000E-03      5000000.000000000          1600042867924.352         0.4999999999500000         0.4999999999500000         0.9999999999000000E-10
      307291666.6666666         0.1000000000000000E-03      5000000.000000000          1600042867924.352         0.4999999999500000         0.4999999999500000         0.9999999999000000E-10
      309375000.0000000         0.1000000000000000E-03      5000000.000000000          1600042867924.352         0.4999999999500000         0.4999999999500000         0.9999999999000000E-10
      311458333.3333333         0.1000000000000000E-03      5000000.000000000          1600042867924.352         0.4999999999500000         0.4999999999500000         0.9999999999000000E-10
      313541666.6666666         0.1000000000000000E-03      5000000.000000000          1600042867924.352         0.4999999999500000         0.4999999999500000         0.9999999999000000E-10
      315625000.0000000         0.1000000000000000E-03      5000000.000000000          1600042867924.352         0.4999999999500000         0.4999999999500000         0.9999999999000000E-10
      317708333.3333333         0.1000000000000000E-03      5000000.000000000          1600042867924.352         0.4999999999500000         0.4999999999500000         0.9999999999000000E-10
      319791666.6666666         0.1000000000000000E-03      5000000.000000000          1600042867924.352         0.4999999999500000         0.4999999999500000         0.9999999999000000E-10
      321875000.0000000         0.1000000000000000E-03      5000000.000000000          1600042867924.352         0.4999999999500000         0.4999999999500000         0.9999999999000000E-10
      323958333.3333333         0.1000000000000000E-03      5000000.000000000          1600042867924.352         0.4999999999500000         0.4999999999500000         0.9999999999000000E-10
      326041666.6666666         0.1000000000000000E-03      5000000.000000000          1600042867924.352         0.4999999999500000         0.4999999999500000         0.9999999999000000E-10
      328125000.0000000         0.1000000000000000E-03      5000000.000000000          1600042867924.352         0.4999999999500000         0.4999999999500000         0.9999999999000000E-10
      330208333.3333333         0.1000000000000000E-03      5000000.000000000          1600042867924.352         0.4999999999500000         0.4999999999500000         0.9999999999000000E-10
      332291666.6666666         0.1000000000000000E-03      5000000.000000000          1600042867924.352         0.4999999999500000         0.4999999999500000         0.9999999999000000E-10
      334375000.0000000         0.1000000000000000E-03      5000000.000000000          1600042867924.352         0.4999999999500000         0.4999999999500000         0.9999999999000000E-10
      336458333.3333333         0.1000000000000000E-03      5000000.000000000          1600042867924.352         0.4999999999500000         0.4999999999500000         0.9999999999000000E-10
      338541666.6666666         0.1000000000000000E-03      5000000.000000000          1600042867924.352         0.4999999999500000         0.4999999999500000         0.9999999999000000E-10
      340625000.0000000         0.1000000000000000E-03      5000000.000000000          1600042867924.352         0.4999999999500000         0.4999999999500000         0.9999999999000000E-10
      342708333.3333333         0.1000000000000000E-03      5000000.000000000          1600042867924.352         0.4999999999500000         0.4999999999500000         0.9999999999000000E-10
      344791666.6666666         0.1000000000000000E-03      5000000.000000000          1600042867924.352         0.4999999999500000         0.4999999999500000         0.9999999999000000E-10
      346875000.0000000         0.1000000000000000E-03      5000000.000000000          1600042867924.352         0.4999999999500000         0.4999999999500000         0.9999999999000000E-10
      348958333.3333333         0.1000000000000000E-03      5000000.000000000          1600042867924.352         0.4999999999500000         0.4999999999500000         0.9999999999000000E-10
      351041666.6666666         0.1000000000000000E-03      5000000.000000000          1600042867924.352         0.4999999999500000         0.4999999999500000         0.9999999999000000E-10
      353125000.0000000         0.1000000000000000E-03      5000000.000000000          1600042867924.352         0.4999999999500000         0.4999999999500000         0.9999999999000000E-10
      355208333.3333333         0.1000000000000000E-03      5000000.000000000          1600042867924.352         0.4999999999500000         0.4999999999500000         0.9999999999000000E-10
      357291666.6666666         0.1000000000000000E-03      5000000.000000000          1600042867924.352         0.4999999999500000         0.4999999999500000         0.9999999999000000E-10
      359375000.0000000         0.1000000000000000E-03      5000000.000000000          1600042867924.352         0.4999999999500000         0.4999999999500000         0.9999999999000000E-10
      361458333.3333333         0.1000000000000000E-03      5000000.000000000          1600042867924.352         0.4999999999500000         0.4999999999500000         0.9999999999000000E-10
      363541666.6666666         0.1000000000000000E-03      5000000.000000000          1600042867924.352         0.4999999999500000         0.4999999999500000         0.9999999999000000E-10
      365625000.0000000         0.1000000000000000E-03      5000000.000000000          1600042867924.352         0.4999999999500000         0.4999999999500000         0.9999999999000000E-10
      367708333.3333333         0.1000000000000000E-03      5000000.000000000          1600042867924.352         0.4999999999500000         0.4999999999500000         0.9999999999000000E-10
      369791666.6666666         0.1000000000000000E-03      5000000.000000000          1600042867924.352         0.4999999999500000         0.4999999999500000         0.9999999999000000E-10
      371875000.0000000         0.1000000000000000E-03      5000000.000000000          1600042867924.352         0.4999999999500000         0.4999999999500000         0.9999999999000000E-10
      373958333.3333333         0.1000000000000000E-03      5000000.000000000          1600042867924.352         0.4999999999500000         0.4999999999500000         0.9999999999000000E-10
      376041666.6666666         0.1000000000000000E-03      5000000.000000000          1600042867924.352         0.4999999999500000         0.4999999999500000         0.9999999999000000E-10
      378125000.0000000         0.1000000000000000E-03      5000000.000000000          1600042867924.352         0.4999999999500000         0.4999999999500000         0.9999999999000000E-10
      380208333.3333333         0.1000000000000000E-03      5000000.000000000          1600042867924.352         0.4999999999500000         0.4999999999500000         0.9999999999000000E-10
      382291666.6666666         0.1000000000000000E-03      5000000.000000000          1600042867924.352         0.4999999999500000         0.4999999999500000         0.9999999999000000E-10
      384375000.0000000         0.1000000000000000E-03      5000000.000000000          1600042867924.352         0.4999999999500000         0.4999999999500000         0.9999999999000000E-10
      386458333.3333333         0.1000000000000000E-03      5000000.000000000          1600042867924.352         0.4999999999500000         0.4999999999500000         0.9999999999000000E-10
      388541666.6666666         0.1000000000000000E-03      5000000.000000000          1600042867924.352         0.4999999999500000         0.4999999999500000         0.9999999999000000E-10
      390625000.0000000         0.1000000000000000E-03      5000000.000000000          1600042867924.352         0.4999999999500000         0.4999999999500000         0.9999999999000000E-10
      392708333.3333333         0.1000000000000000E-03      5000000.000000000          1600042867924.352         0.4999999999500000         0.4999999999500000         0.9999999999000000E-10
      394791666.6666666         0.1000000000000000E-03      5000000.000000000          1600042867924.352         0.4999999999500000         0.4999999999500000         0.9999999999000000E-10
      396875000.0000000         0.1000000000000000E-03      5000000.000000000          1600042867924.352         0.4999999999500000         0.4999999999500000         0.9999999999000000E-10
      398958333.3333333         0.1000000000000000E-03      5000000.000000000          1600042867924.352         0.4999999999500000         0.4999999999500000         0.9999999999000000E-10
      401041666.6666666         0.1000000000000000E-03      5000000.000000000          1600042867924.352         0.4999999999500000         0.4999999999500000         0.9999999999000000E-10
      403125000.0000000         0.1000000000000000E-03      5000000.000000000          1600042867924.352         0.4999999999500000         0.4999999999500000         0.9999999999000000E-10
      405208333.3333333         0.1000000000000000E-03      5000000.000000000          1600042867924.352         0.4999999999500000         0.4999999999500000         0.9999999999000000E-10
      407291666.6666666         0.1000000000000000E-03      5000000.000000000          1600042867924.352         0.4999999999500000         0.4999999999500000         0.9999999999000000E-10
      409375000.0000000         0.1000000000000000E-03      5000000.000000000          1600042867924.352         0.4999999999500000         0.4999999999500000         0.9999999999000000E-10
      411458333.3333333         0.1000000000000000E-03      5000000.000000000          1600042867924.352         0.4999999999500000         0.4999999999500000         0.9999999999000000E-10
      413541666.6666666         0.1000000000000000E-03      5000000.000000000          1600042867924.352         0.4999999999500000         0.4999999999500000         0.9999999999000000E-10
      415625000.0000000         0.1000000000000000E-03      5000000.000000000          1600042867924.352         0.4999999999500000         0.4999999999500000         0.9999999999000000E-10
      417708333.3333333         0.1000000000000000E-03      5000000.000000000          1600042867924.352         0.4999999999500000         0.4999999999500000         0.9999999999000000E-10
      419791666.6666666         0.1000000000000000E-03      5000000.000000000          1600042867924.352         0.4999999999500000         0.4999999999500000         0.9999999999000000E-10
      421875000.0000000         0.1000000000000000E-03      5000000.000000000          1600042867924.352         0.4999999999500000         0.4999999999500000         0.9999999999000000E-10
      423958333.3333333         0.1000000000000000E-03      5000000.000000000          1600042867924.352         0.4999999999500000         0.4999999999500000         0.9999999999000000E-10
      426041666.6666666         0.1000000000000000E-03      5000000.000000000          1600042867924.352         0.4999999999500000         0.4999999999500000         0.9999999999000000E-10
      428125000.0000000         0.1000000000000000E-03      5000000.000000000          1600042867924.352         0.4999999999500000         0.4999999999500000         0.9999999999000000E-10
      430208333.3333333         0.1000000000000000E-03      5000000.000000000          1600042867924.352         0.4999999999500000         0.4999999999500000         0.9999999999000000E-10
      432291666.6666666         0.1000000000000000E-03      5000000.000000000          1600042867924.352         0.4999999999500000         0.4999999999500000         0.9999999999000000E-10
      434375000.0000000         0.1000000000000000E-03      5000000.000000000          1600042867924.352         0.4999999999500000         0.4999999999500000         0.9999999999000000E-10
      436458333.3333333         0.1000000000000000E-03      5000000.000000000          1600042867924.352         0.4999999999500000         0.4999999999500000         0.9999999999000000E-10
      438541666.6666666         0.1000000000000000E-03      5000000.000000000          1600042867924.352         0.4999999999500000         0.4999999999500000         0.9999999999000000E-10
      440625000.0000000         0.1000000000000000E-03      5000000.000000000          1600042867924.352         0.4999999999500000         0.4999999999500000         0.9999999999000000E-10
      442708333.3333333         0.1000000000000000E-03      5000000.000000000          1600042867924.352         0.4999999999500000         0.4999999999500000         0.9999999999000000E-10
      444791666.6666666         0.1000000000000000E-03      5000000.000000000          1600042867924.352         0.4999999999500000         0.4999999999500000         0.9999999999000000E-10
      446875000.0000000         0.1000000000000000E-03      5000000.000000000          1600042867924.352         0.4999999999500000         0.4999999999500000         0.9999999999000000E-10
      448958333.3333333         0.1000000000000000E-03      5000000.000000000          1600042867924.352         0.4999999999500000         0.4999999999500000         0.9999999999000000E-10
      451041666.6666666         0.1000000000000000E-03      5000000.000000000          1600042867924.352         0.4999999999500000         0.4999999999500000         0.9999999999000000E-10
      453125000.0000000         0.1000000000000000E-03      5000000.000000000          1600042867924.352         0.4999999999500000         0.4999999999500000         0.9999999999000000E-10
      455208333.3333333         0.1000000000000000E-03      5000000.000000000          1600042867924.352         0.4999999999500000         0.4999999999500000         0.9999999999000000E-10
      457291666.6666666         0.1000000000000000E-03      5000000.000000000          1600042867924.352         0.4999999999500000         0.4999999999500000         0.9999999999000000E-10
      459375000.0000000         0.1000000000000000E-03      5000000.000000000          1600042867924.352         0.4999999999500000         0.4999999999500000         0.9999999999000000E-10
      461458333.3333333         0.1000000000000000E-03      5000000.000000000          1600042867924.352         0.4999999999500000         0.4999999999500000         0.9999999999000000E-10
      463541666.6666666         0.1000000000000000E-03      5000000.000000000          1600042867924.352         0.4999999999500000         0.4999999999500000         0.9999999999000000E-10
      465625000.0000000         0.1000000000000000E-03      5000000.000000000          1600042867924.352         0.4999999999500000         0.4999999999500000         0.9999999999000000E-10
      467708333.3333333         0.1000000000000000E-03      5000000.000000000          1600042867924.352         0.4999999999500000         0.4999999999500000         0.9999999999000000E-10
      469791666.6666666         0.1000000000000000E-03      5000000.000000000          1600042867924.352         0.4999999999500000         0.4999999999500000         0.9999999999000000E-10
      471875000.0000000         0.1000000000000000E-03      5000000.000000000          1600042867924.352         0.4999999999500000         0.4999999999500000         0.9999999999000000E-10
      473958333.3333333         0.1000000000000000E-03      5000000.000000000          1600042867924.352         0.4999999999500000         0.4999999999500000         0.9999999999000000E-10
      476041666.6666666         0.1000000000000000E-03      5000000.000000000          1600042867924.352         0.4999999999500000         0.4999999999500000         0.9999999999000000E-10
      478125000.0000000         0.1000000000000000E-03      5000000.000000000          1600042867924.352         0.4999999999500000         0.4999999999500000         0.9999999999000000E-10
      480208333.3333333         0.1000000000000000E-03      5000000.000000000          1600042867924.352         0.4999999999500000         0.4999999999500000         0.9999999999000000E-10
      482291666.6666666         0.1000000000000000E-03      5000000.000000000          1600042867924.352         0.4999999999500000         0.4999999999500000         0.9999999999000000E-10
      484375000.0000000         0.1000000000000000E-03      5000000.000000000          1600042867924.352         0.4999999999500000         0.4999999999500000         0.9999999999000000E-10
      486458333.3333333         0.1000000000000000E-03      5000000.000000000          1600042867924.352         0.4999999999500000         0.4999999999500000         0.9999999999000000E-10
      488541666.6666666         0.1000000000000000E-03      5000000.000000000          1600042867924.352         0.4999999999500000         0.4999999999500000         0.9999999999000000E-10
      490625000.0000000         0.1000000000000000E-03      5000000.000000000          1600042867924.352         0.4999999999500000         0.4999999999500000         0.9999999999000000E-10
      492708333.3333333         0.1000000000000000E-03      5000000.000000000          1600042867924.352         0.4999999999500000         0.4999999999500000         0.9999999999000000E-10
      494791666.6666666         0.1000000000000000E-03      5000000.000000000          1600042867924.352         0.4999999999500000         0.4999999999500000         0.9999999999000000E-10
      496875000.0000000         0.1000000000000000E-03      5000000.000000000          1600042867924.352         0.4999999999500000         0.4999999999500000         0.9999999999000000E-10
      498958333.3333333         0.1000000000000000E-03      5000000.000000000          1600042867924.352         0.4999999999500000         0.4999999999500000         0.9999999999000000E-10
