# npts =    96
# num of variables =     6
# density
# temperature
# pressure
# carbon-12       
# oxygen-16       
# magnesium-24    
      2604166.666666667          2671072383.586906          599534047.9483633         0.1798348772361990E+28     0.4974201554646994         0.4983201919341772         0.4259652601123398E-02
      7812500.000000000          2611574200.624639          591612162.1621622         0.1744856830527214E+28     0.4974211553217358         0.4983211936003638         0.4257651077900344E-02
      13020833.33333333          2497444949.532342          576299593.4959350         0.1643405890155918E+28     0.4974231550478675         0.4983231969448178         0.4253648007314740E-02
      18229166.66666666          2337761391.669676          554612361.1111112         0.1504089482538277E+28     0.4974264441569894         0.4983264920052832         0.4247063837727348E-02
      23437500.00000000          2144334229.284511          526689583.3333333         0.1339589554037618E+28     0.4974301201969203         0.4983301746966735         0.4239705106406217E-02
      28645833.33333333          1929942237.048676          494489473.6842105         0.1163075358650047E+28     0.4974336328405868         0.4983336936961488         0.4232673463264507E-02
      33854166.66666666          1706920471.889192          460067924.5283019         0.9863954724183806E+27     0.4974366881770113         0.4983367545609262         0.4226557262062577E-02
      39062500.00000000          1485912659.901100          424276470.5882353         0.8188893679640684E+27     0.4974902346324958         0.4982902189293923         0.4219546438111910E-02
      44270833.33333333          1275261248.822525          388034166.6666667         0.6669090954310445E+27     0.4974937072228262         0.4982936971037876         0.4212595673386185E-02
      49479166.66666666          1080735772.328963          352356179.7752809         0.5339329758583191E+27     0.4974967802222662         0.4982967750447342         0.4206444732999704E-02
      54687500.00000000          905744532.3380262          318111842.1052632         0.4210598845176370E+27     0.4974996129322090         0.4982996123097885         0.4200774758002481E-02
      59895833.33333333          751725090.4789832          285768962.5850341         0.3276579806949742E+27     0.4975028108358852         0.4983028153558223         0.4194373808292570E-02
      65104166.66666666          618602902.5218096          255847083.3333333         0.2520047937504811E+27     0.4975054401266326         0.4983054488745750         0.4189110998792525E-02
      70312500.00000000          505269905.5060872          228537500.0000000         0.1918222639857060E+27     0.4975080690224521         0.4983080819977646         0.4183848979783274E-02
      75520833.33333333          409994987.2678782          203795225.6944445         0.1446693995608823E+27     0.4975107590545262         0.4983107763555184         0.4178464589955468E-02
      80729166.66666666          330737224.4847712          181734131.2056738         0.1081979422734976E+27     0.4975129999970476         0.4983130209015655         0.4173979101386899E-02
      85937500.00000000          265379074.8227119          162250789.4736842         0.8029612528762219E+26     0.4975147520979493         0.4983147758199158         0.4170472082134823E-02
      91145833.33333333          211877027.2976011          145041752.5773196         0.5915107986754802E+26     0.4975159105588196         0.4983159361436378         0.4168153297542455E-02
      96354166.66666666          168337337.2582173          132368666.6666667         0.4325901772466683E+26     0.4999999999500000         0.4999999999500000         0.9999999999000000E-10
      101562500.0000000          133084951.1765831          128642045.4545455         0.3140433137088594E+26     0.4999999999500000         0.4999999999500000         0.9999999999000000E-10
      106770833.3333333          104697109.2529652          125183680.5555556         0.2262215563868218E+26     0.4999999999500000         0.4999999999500000         0.9999999999000000E-10
      111979166.6666667          81928175.04977292          121987152.7777778         0.1615841056498167E+26     0.4999999999500000         0.4999999999500000         0.9999999999000000E-10
      117187500.0000000          63733358.39607605          118830769.2307692         0.1143200403918374E+26     0.4999999999500000         0.4999999999500000         0.9999999999000000E-10
      122395833.3333333          49244590.65080269          115949509.8039216         0.7999572205504204E+25     0.4999999999500000         0.4999999999500000         0.9999999999000000E-10
      127604166.6666667          37748632.02900948          113114409.7222222         0.5525534104275236E+25     0.4999999999500000         0.4999999999500000         0.9999999999000000E-10
      132812500.0000000          28662159.44037591          110359583.3333333         0.3757535896737763E+25     0.4999999999500000         0.4999999999500000         0.9999999999000000E-10
      138020833.3333333          21511369.35215440          107273824.7863248         0.2506846675548801E+25     0.4999999999500000         0.4999999999500000         0.9999999999000000E-10
      143229166.6666667          15912119.48546566          103836197.9166667         0.1632982023332289E+25     0.4999999999500000         0.4999999999500000         0.9999999999000000E-10
      148437500.0000000          11554747.55158071          99896330.64516129         0.1031810365930162E+25     0.4999999999500000         0.4999999999500000         0.9999999999000000E-10
      153645833.3333333          8190103.315030512          95179529.56989250         0.6264356259800363E+24     0.4999999999500000         0.4999999999500000         0.9999999999000000E-10
      158854166.6666667          5618134.618218672          89517567.20430109         0.3602841523745470E+24     0.4999999999500000         0.4999999999500000         0.9999999999000000E-10
      164062500.0000000          3677355.423161720          86750000.00000000         0.1919130105732736E+24     0.4999999999500000         0.4999999999500000         0.9999999999000000E-10
      169270833.3333333          2242053.242308083          86750000.00000000         0.9105013526704875E+23     0.4999999999500000         0.4999999999500000         0.9999999999000000E-10
      174479166.6666667          1213683.218568639          86750000.00000000         0.3559578498398614E+23     0.4999999999500000         0.4999999999500000         0.9999999999000000E-10
      179687500.0000000          515321.0853433289          86750000.00000000         0.9435290068170138E+22     0.4999999999500000         0.4999999999500000         0.9999999999000000E-10
      184895833.3333333          94368.85073567250          86750000.00000000         0.7265798883971456E+21     0.4999999999500000         0.4999999999500000         0.9999999999000000E-10
      190104166.6666667         0.1000000000000000E-03      10000000.00000000          25267344097618.04         0.4999999999500000         0.4999999999500000         0.9999999999000000E-10
      195312500.0000000         0.1000000000000000E-03      10000000.00000000          25267344097618.04         0.4999999999500000         0.4999999999500000         0.9999999999000000E-10
      200520833.3333333         0.1000000000000000E-03      10000000.00000000          25267344097618.04         0.4999999999500000         0.4999999999500000         0.9999999999000000E-10
      205729166.6666667         0.1000000000000000E-03      10000000.00000000          25267344097618.04         0.4999999999500000         0.4999999999500000         0.9999999999000000E-10
      210937500.0000000         0.1000000000000000E-03      10000000.00000000          25267344097618.04         0.4999999999500000         0.4999999999500000         0.9999999999000000E-10
      216145833.3333333         0.1000000000000000E-03      10000000.00000000          25267344097618.04         0.4999999999500000         0.4999999999500000         0.9999999999000000E-10
      221354166.6666667         0.1000000000000000E-03      10000000.00000000          25267344097618.04         0.4999999999500000         0.4999999999500000         0.9999999999000000E-10
      226562500.0000000         0.1000000000000000E-03      10000000.00000000          25267344097618.04         0.4999999999500000         0.4999999999500000         0.9999999999000000E-10
      231770833.3333333         0.1000000000000000E-03      10000000.00000000          25267344097618.04         0.4999999999500000         0.4999999999500000         0.9999999999000000E-10
      236979166.6666667         0.1000000000000000E-03      10000000.00000000          25267344097618.04         0.4999999999500000         0.4999999999500000         0.9999999999000000E-10
      242187500.0000000         0.1000000000000000E-03      10000000.00000000          25267344097618.04         0.4999999999500000         0.4999999999500000         0.9999999999000000E-10
      247395833.3333333         0.1000000000000000E-03      10000000.00000000          25267344097618.04         0.4999999999500000         0.4999999999500000         0.9999999999000000E-10
      252604166.6666667         0.1000000000000000E-03      10000000.00000000          25267344097618.04         0.4999999999500000         0.4999999999500000         0.9999999999000000E-10
      257812500.0000000         0.1000000000000000E-03      10000000.00000000          25267344097618.04         0.4999999999500000         0.4999999999500000         0.9999999999000000E-10
      263020833.3333333         0.1000000000000000E-03      10000000.00000000          25267344097618.04         0.4999999999500000         0.4999999999500000         0.9999999999000000E-10
      268229166.6666666         0.1000000000000000E-03      10000000.00000000          25267344097618.04         0.4999999999500000         0.4999999999500000         0.9999999999000000E-10
      273437500.0000000         0.1000000000000000E-03      10000000.00000000          25267344097618.04         0.4999999999500000         0.4999999999500000         0.9999999999000000E-10
      278645833.3333333         0.1000000000000000E-03      10000000.00000000          25267344097618.04         0.4999999999500000         0.4999999999500000         0.9999999999000000E-10
      283854166.6666666         0.1000000000000000E-03      10000000.00000000          25267344097618.04         0.4999999999500000         0.4999999999500000         0.9999999999000000E-10
      289062500.0000000         0.1000000000000000E-03      10000000.00000000          25267344097618.04         0.4999999999500000         0.4999999999500000         0.9999999999000000E-10
      294270833.3333333         0.1000000000000000E-03      10000000.00000000          25267344097618.04         0.4999999999500000         0.4999999999500000         0.9999999999000000E-10
      299479166.6666666         0.1000000000000000E-03      10000000.00000000          25267344097618.04         0.4999999999500000         0.4999999999500000         0.9999999999000000E-10
      304687500.0000000         0.1000000000000000E-03      10000000.00000000          25267344097618.04         0.4999999999500000         0.4999999999500000         0.9999999999000000E-10
      309895833.3333333         0.1000000000000000E-03      10000000.00000000          25267344097618.04         0.4999999999500000         0.4999999999500000         0.9999999999000000E-10
      315104166.6666666         0.1000000000000000E-03      10000000.00000000          25267344097618.04         0.4999999999500000         0.4999999999500000         0.9999999999000000E-10
      320312500.0000000         0.1000000000000000E-03      10000000.00000000          25267344097618.04         0.4999999999500000         0.4999999999500000         0.9999999999000000E-10
      325520833.3333333         0.1000000000000000E-03      10000000.00000000          25267344097618.04         0.4999999999500000         0.4999999999500000         0.9999999999000000E-10
      330729166.6666666         0.1000000000000000E-03      10000000.00000000          25267344097618.04         0.4999999999500000         0.4999999999500000         0.9999999999000000E-10
      335937500.0000000         0.1000000000000000E-03      10000000.00000000          25267344097618.04         0.4999999999500000         0.4999999999500000         0.9999999999000000E-10
      341145833.3333333         0.1000000000000000E-03      10000000.00000000          25267344097618.04         0.4999999999500000         0.4999999999500000         0.9999999999000000E-10
      346354166.6666666         0.1000000000000000E-03      10000000.00000000          25267344097618.04         0.4999999999500000         0.4999999999500000         0.9999999999000000E-10
      351562500.0000000         0.1000000000000000E-03      10000000.00000000          25267344097618.04         0.4999999999500000         0.4999999999500000         0.9999999999000000E-10
      356770833.3333333         0.1000000000000000E-03      10000000.00000000          25267344097618.04         0.4999999999500000         0.4999999999500000         0.9999999999000000E-10
      361979166.6666666         0.1000000000000000E-03      10000000.00000000          25267344097618.04         0.4999999999500000         0.4999999999500000         0.9999999999000000E-10
      367187500.0000000         0.1000000000000000E-03      10000000.00000000          25267344097618.04         0.4999999999500000         0.4999999999500000         0.9999999999000000E-10
      372395833.3333333         0.1000000000000000E-03      10000000.00000000          25267344097618.04         0.4999999999500000         0.4999999999500000         0.9999999999000000E-10
      377604166.6666666         0.1000000000000000E-03      10000000.00000000          25267344097618.04         0.4999999999500000         0.4999999999500000         0.9999999999000000E-10
      382812500.0000000         0.1000000000000000E-03      10000000.00000000          25267344097618.04         0.4999999999500000         0.4999999999500000         0.9999999999000000E-10
      388020833.3333333         0.1000000000000000E-03      10000000.00000000          25267344097618.04         0.4999999999500000         0.4999999999500000         0.9999999999000000E-10
      393229166.6666666         0.1000000000000000E-03      10000000.00000000          25267344097618.04         0.4999999999500000         0.4999999999500000         0.9999999999000000E-10
      398437500.0000000         0.1000000000000000E-03      10000000.00000000          25267344097618.04         0.4999999999500000         0.4999999999500000         0.9999999999000000E-10
      403645833.3333333         0.1000000000000000E-03      10000000.00000000          25267344097618.04         0.4999999999500000         0.4999999999500000         0.9999999999000000E-10
      408854166.6666666         0.1000000000000000E-03      10000000.00000000          25267344097618.04         0.4999999999500000         0.4999999999500000         0.9999999999000000E-10
      414062500.0000000         0.1000000000000000E-03      10000000.00000000          25267344097618.04         0.4999999999500000         0.4999999999500000         0.9999999999000000E-10
      419270833.3333333         0.1000000000000000E-03      10000000.00000000          25267344097618.04         0.4999999999500000         0.4999999999500000         0.9999999999000000E-10
      424479166.6666666         0.1000000000000000E-03      10000000.00000000          25267344097618.04         0.4999999999500000         0.4999999999500000         0.9999999999000000E-10
      429687500.0000000         0.1000000000000000E-03      10000000.00000000          25267344097618.04         0.4999999999500000         0.4999999999500000         0.9999999999000000E-10
      434895833.3333333         0.1000000000000000E-03      10000000.00000000          25267344097618.04         0.4999999999500000         0.4999999999500000         0.9999999999000000E-10
      440104166.6666666         0.1000000000000000E-03      10000000.00000000          25267344097618.04         0.4999999999500000         0.4999999999500000         0.9999999999000000E-10
      445312500.0000000         0.1000000000000000E-03      10000000.00000000          25267344097618.04         0.4999999999500000         0.4999999999500000         0.9999999999000000E-10
      450520833.3333333         0.1000000000000000E-03      10000000.00000000          25267344097618.04         0.4999999999500000         0.4999999999500000         0.9999999999000000E-10
      455729166.6666666         0.1000000000000000E-03      10000000.00000000          25267344097618.04         0.4999999999500000         0.4999999999500000         0.9999999999000000E-10
      460937500.0000000         0.1000000000000000E-03      10000000.00000000          25267344097618.04         0.4999999999500000         0.4999999999500000         0.9999999999000000E-10
      466145833.3333333         0.1000000000000000E-03      10000000.00000000          25267344097618.04         0.4999999999500000         0.4999999999500000         0.9999999999000000E-10
      471354166.6666666         0.1000000000000000E-03      10000000.00000000          25267344097618.04         0.4999999999500000         0.4999999999500000         0.9999999999000000E-10
      476562500.0000000         0.1000000000000000E-03      10000000.00000000          25267344097618.04         0.4999999999500000         0.4999999999500000         0.9999999999000000E-10
      481770833.3333333         0.1000000000000000E-03      10000000.00000000          25267344097618.04         0.4999999999500000         0.4999999999500000         0.9999999999000000E-10
      486979166.6666666         0.1000000000000000E-03      10000000.00000000          25267344097618.04         0.4999999999500000         0.4999999999500000         0.9999999999000000E-10
      492187500.0000000         0.1000000000000000E-03      10000000.00000000          25267344097618.04         0.4999999999500000         0.4999999999500000         0.9999999999000000E-10
      497395833.3333333         0.1000000000000000E-03      10000000.00000000          25267344097618.04         0.4999999999500000         0.4999999999500000         0.9999999999000000E-10
