# npts =    64
# num of variables =     6
# density
# temperature
# pressure
# carbon-12       
# oxygen-16       
# magnesium-24    
   3906250.000       2661529279.       598263513.5      0.1789741413E+28  0.4974201555      0.4983201919      0.4259652601E-02
   11718750.00       2529665569.       580593750.0      0.1671890683E+28  0.4974226576      0.4983226986      0.4254643799E-02
   19531250.00       2289455154.       548220208.3      0.1462568508E+28  0.4974271545      0.4983272037      0.4245641770E-02
   27343750.00       1980458239.       502776315.8      0.1204104984E+28  0.4974326540      0.4983327131      0.4234632884E-02
   35156250.00       1645413037.       451246710.5      0.9390056821E+27  0.4974376533      0.4983377214      0.4224625285E-02
   42968750.00       1320205579.       397115097.4      0.6986790849E+27  0.4974928856      0.4982928741      0.4214240318E-02
   50781250.00       1028635094.       343639305.6      0.4996352692E+27  0.4974975036      0.4982974996      0.4204996720E-02
   58593750.00       782265766.7       293608035.7      0.3457095015E+27  0.4975021458      0.4983021493      0.4195704883E-02
   66406250.00       583234106.5       248739267.7      0.2327863049E+27  0.4975060944      0.4983061042      0.4187801351E-02
   74218750.00       427844083.1       209693229.2      0.1532461153E+27  0.4975100808      0.4983100970      0.4179822246E-02
   82031250.00       309628524.2       176630921.1      0.9895968275E+26  0.4975134108      0.4983134323      0.4173156898E-02
   89843750.00       221452630.3       149130599.0      0.6281399550E+26  0.4975157933      0.4983158187      0.4168388000E-02
   97656250.00       156647702.0       131403589.1      0.3922150059E+26  0.5000000000      0.5000000000      0.3301443069E-24
   105468750.0       109581649.1       126077272.7      0.2407968239E+26  0.5000000000      0.5000000000      0.7235778409E-26
   113281250.0       75753813.76       121145833.3      0.1450732303E+26  0.5000000000      0.5000000000      0.1799317708E-27
   121093750.0       51641152.58       116653125.0      0.8544731620E+25  0.5000000000      0.5000000000      0.4864742187E-29
   128906250.0       34590137.06       112446875.0      0.4890517689E+25  0.5000000000      0.5000000000      0.1566128348E-30
   136718750.0       22637636.39       108083088.2      0.2694568317E+25  0.5000000000      0.5000000000      0.4147915441E-32
   144531250.0       14347855.94       102941015.6      0.1408410805E+25  0.5000000000      0.5000000000      0.1094142969E-33
   152343750.0       8679157.797       96595020.16      0.6817092847E+24  0.5000000000      0.5000000000       0.000000000    
   160156250.0       4881346.515       88102076.61      0.2926196870E+24  0.5000000000      0.5000000000       0.000000000    
   167968750.0       2414456.764       86750000.00      0.1018758581E+24  0.5000000000      0.5000000000       0.000000000    
   175781250.0       904802.0752       86750000.00      0.2260996396E+23  0.5000000000      0.5000000000       0.000000000    
   183593750.0       95287.66832       86750000.00      0.7366707257E+21  0.5000000000      0.5000000000       0.000000000    
   191406250.0      0.1000000000E-03   10000000.00      0.2526734410E+14  0.5000000000      0.5000000000       0.000000000    
   199218750.0      0.1000000000E-03   10000000.00      0.2526734410E+14  0.5000000000      0.5000000000       0.000000000    
   207031250.0      0.1000000000E-03   10000000.00      0.2526734410E+14  0.5000000000      0.5000000000       0.000000000    
   214843750.0      0.1000000000E-03   10000000.00      0.2526734410E+14  0.5000000000      0.5000000000       0.000000000    
   222656250.0      0.1000000000E-03   10000000.00      0.2526734410E+14  0.5000000000      0.5000000000       0.000000000    
   230468750.0      0.1000000000E-03   10000000.00      0.2526734410E+14  0.5000000000      0.5000000000       0.000000000    
   238281250.0      0.1000000000E-03   10000000.00      0.2526734410E+14  0.5000000000      0.5000000000       0.000000000    
   246093750.0      0.1000000000E-03   10000000.00      0.2526734410E+14  0.5000000000      0.5000000000       0.000000000    
   253906250.0      0.1000000000E-03   10000000.00      0.2526734410E+14  0.5000000000      0.5000000000       0.000000000    
   261718750.0      0.1000000000E-03   10000000.00      0.2526734410E+14  0.5000000000      0.5000000000       0.000000000    
   269531250.0      0.1000000000E-03   10000000.00      0.2526734410E+14  0.5000000000      0.5000000000       0.000000000    
   277343750.0      0.1000000000E-03   10000000.00      0.2526734410E+14  0.5000000000      0.5000000000       0.000000000    
   285156250.0      0.1000000000E-03   10000000.00      0.2526734410E+14  0.5000000000      0.5000000000       0.000000000    
   292968750.0      0.1000000000E-03   10000000.00      0.2526734410E+14  0.5000000000      0.5000000000       0.000000000    
   300781250.0      0.1000000000E-03   10000000.00      0.2526734410E+14  0.5000000000      0.5000000000       0.000000000    
   308593750.0      0.1000000000E-03   10000000.00      0.2526734410E+14  0.5000000000      0.5000000000       0.000000000    
   316406250.0      0.1000000000E-03   10000000.00      0.2526734410E+14  0.5000000000      0.5000000000       0.000000000    
   324218750.0      0.1000000000E-03   10000000.00      0.2526734410E+14  0.5000000000      0.5000000000       0.000000000    
   332031250.0      0.1000000000E-03   10000000.00      0.2526734410E+14  0.5000000000      0.5000000000       0.000000000    
   339843750.0      0.1000000000E-03   10000000.00      0.2526734410E+14  0.5000000000      0.5000000000       0.000000000    
   347656250.0      0.1000000000E-03   10000000.00      0.2526734410E+14  0.5000000000      0.5000000000       0.000000000    
   355468750.0      0.1000000000E-03   10000000.00      0.2526734410E+14  0.5000000000      0.5000000000       0.000000000    
   363281250.0      0.1000000000E-03   10000000.00      0.2526734410E+14  0.5000000000      0.5000000000       0.000000000    
   371093750.0      0.1000000000E-03   10000000.00      0.2526734410E+14  0.5000000000      0.5000000000       0.000000000    
   378906250.0      0.1000000000E-03   10000000.00      0.2526734410E+14  0.5000000000      0.5000000000       0.000000000    
   386718750.0      0.1000000000E-03   10000000.00      0.2526734410E+14  0.5000000000      0.5000000000       0.000000000    
   394531250.0      0.1000000000E-03   10000000.00      0.2526734410E+14  0.5000000000      0.5000000000       0.000000000    
   402343750.0      0.1000000000E-03   10000000.00      0.2526734410E+14  0.5000000000      0.5000000000       0.000000000    
   410156250.0      0.1000000000E-03   10000000.00      0.2526734410E+14  0.5000000000      0.5000000000       0.000000000    
   417968750.0      0.1000000000E-03   10000000.00      0.2526734410E+14  0.5000000000      0.5000000000       0.000000000    
   425781250.0      0.1000000000E-03   10000000.00      0.2526734410E+14  0.5000000000      0.5000000000       0.000000000    
   433593750.0      0.1000000000E-03   10000000.00      0.2526734410E+14  0.5000000000      0.5000000000       0.000000000    
   441406250.0      0.1000000000E-03   10000000.00      0.2526734410E+14  0.5000000000      0.5000000000       0.000000000    
   449218750.0      0.1000000000E-03   10000000.00      0.2526734410E+14  0.5000000000      0.5000000000       0.000000000    
   457031250.0      0.1000000000E-03   10000000.00      0.2526734410E+14  0.5000000000      0.5000000000       0.000000000    
   464843750.0      0.1000000000E-03   10000000.00      0.2526734410E+14  0.5000000000      0.5000000000       0.000000000    
   472656250.0      0.1000000000E-03   10000000.00      0.2526734410E+14  0.5000000000      0.5000000000       0.000000000    
   480468750.0      0.1000000000E-03   10000000.00      0.2526734410E+14  0.5000000000      0.5000000000       0.000000000    
   488281250.0      0.1000000000E-03   10000000.00      0.2526734410E+14  0.5000000000      0.5000000000       0.000000000    
   496093750.0      0.1000000000E-03   10000000.00      0.2526734410E+14  0.5000000000      0.5000000000       0.000000000    
