# npts =   240
# num of variables =     6
# density
# temperature
# pressure
# carbon-12       
# oxygen-16       
# ash             
      1041666.666666667          2677487356.783355          600198307.4266151         0.1803936191099630E+28     0.4974201554646994         0.4983201919341772         0.4259652601123398E-02
      3125000.000000000          2667862745.098412          599079411.7647488         0.1795252904307630E+28     0.4974201554646994         0.4983201919341772         0.4259652601123398E-02
      5208333.333333333          2648742296.661961          596850471.1600387         0.1778034050467081E+28     0.4974204691426582         0.4983205061797076         0.4259024677634194E-02
      7291666.666666666          2620384030.538197          593530268.6927582         0.1752573583783033E+28     0.4974206703760324         0.4983207077771953         0.4258621846772222E-02
      9375000.000000000          2583165720.552380          589145356.3612885         0.1719299780694835E+28     0.4974216577389780         0.4983216969266842         0.4256645334337857E-02
      11458333.33333333          2537575784.369891          583731898.7421618         0.1678761504086706E+28     0.4974226540708062         0.4983226950612841         0.4254650867909697E-02
      13541666.66666667          2484199496.445269          577333100.9162037         0.1631610792569586E+28     0.4974236531473552         0.4983236959455712         0.4252650907073613E-02
      15625000.00000000          2423701588.708720          569998644.7280880         0.1578582848642136E+28     0.4974247402484975         0.4983247850137240         0.4250474737778542E-02
      17708333.33333333          2356818032.430375          561784887.4244035         0.1520474346856797E+28     0.4974260123406198         0.4983260594075811         0.4247928251799119E-02
      19791666.66666666          2284331064.168877          552753253.2298630         0.1458121013506627E+28     0.4974272411251052         0.4983272904154402         0.4245468459454590E-02
      21875000.00000000          2207049962.972450          542968169.7360805         0.1392375649841887E+28     0.4974290752360883         0.4983291278450800         0.4241796918831736E-02
      23958333.33333333          2125796064.254754          532498251.7592711         0.1324087376744599E+28     0.4974301862493797         0.4983302408686488         0.4239572881971510E-02
      26041666.66666666          2041390840.159612          521412799.9566367         0.1254082690283175E+28     0.4974317052552625         0.4983317626230344         0.4236532121703161E-02
      28125000.00000000          1954644303.188060          509784095.8992387         0.1183148792515910E+28     0.4974331539197087         0.4983332139087070         0.4233632171584237E-02
      30208333.33333333          1866331998.565604          497683694.4601039         0.1112019790300860E+28     0.4974346492250206         0.4983347119196377         0.4230638855341668E-02
      32291666.66666666          1777192860.618077          485183615.7526733         0.1041365968505366E+28     0.4974356555569843         0.4983357200724673         0.4228624370548437E-02
      34375000.00000000          1687902633.211853          472351695.3556531         0.9717862654674790E+27     0.4974371761934706         0.4983372434604069         0.4225580346122431E-02
      36458333.33333333          1599084947.546581          459243646.7558475         0.9038037966669144E+27     0.4974712995474125         0.4983060090667173         0.4222691385870146E-02
      38541666.66666666          1511309531.744088          445942523.2226541         0.8378636242201819E+27     0.4974899103229762         0.4982898940983699         0.4220195578653834E-02
      40625000.00000000          1425081303.915259          432510754.4000218         0.7743329580327363E+27     0.4974913357738114         0.4982913218413874         0.4217342384801251E-02
      42708333.33333333          1340829144.174999          418999550.3428212         0.7135037942695444E+27     0.4974927173096401         0.4982927055987812         0.4214577091578745E-02
      44791666.66666666          1258917865.292058          405462321.3260251         0.6555972445907450E+27     0.4974940292728270         0.4982940196716577         0.4211951055515299E-02
      46875000.00000000          1179658663.820273          391949980.9006580         0.6007686528961276E+27     0.4974952810231440         0.4982952734348395         0.4209445542016353E-02
      48958333.33333333          1103302381.944621          378509394.1495274         0.5491135431918324E+27     0.4974964861748650         0.4982964805244929         0.4207033300642044E-02
      51041666.66666666          1030029189.398232          365180664.3599187         0.5006746358301141E+27     0.4974976490380078         0.4982976452575664         0.4204705704425808E-02
      53125000.00000000          959979031.4407891          352001652.3041136         0.4554488766976926E+27     0.4974987835084853         0.4982987815523181         0.4202434939196587E-02
      55208333.33333333          893247737.0714147          339006811.0603808         0.4133939838166448E+27     0.4974998884116479         0.4982998882322093         0.4200223356142885E-02
      57291666.66666666          829878402.0840937          326224556.8468821         0.3744352611126638E+27     0.4975010461626380         0.4983010478449096         0.4197905992452318E-02
      59375000.00000000          769880327.4876235          313679862.8653381         0.3384720536904617E+27     0.4975025437863485         0.4983025478768592         0.4194908336792285E-02
      61458333.33333333          713237861.3771564          301396058.9459354         0.3053832882015510E+27     0.4975036049999019         0.4983036107968867         0.4192784203211365E-02
      63541666.66666666          659899238.0553788          289390737.7182355         0.2750327034636219E+27     0.4975046549437627         0.4983046624290994         0.4190682627137891E-02
      65625000.00000000          609790590.8775351          277678453.8453126         0.2472736467018225E+27     0.4975057018382229         0.4983057110070080         0.4188587154769093E-02
      67708333.33333333          562826601.9220936          266272527.4183059         0.2219529019406785E+27     0.4975067521800667         0.4983067630378438         0.4186484782089481E-02
      69791666.66666666          518898615.6702049          255181580.1026196         0.1989141163803834E+27     0.4975078046327463         0.4983078171829095         0.4184378184344199E-02
      71875000.00000000          477889181.0733259          244412227.0681721         0.1780007788997651E+27     0.4975088715320365         0.4983088857978167         0.4182242670146757E-02
      73958333.33333333          439677134.4518785          233970137.3580239         0.1590583894222863E+27     0.4975099458111549         0.4983099618044191         0.4180092384426040E-02
      76041666.66666666          404127416.7298528          223856735.6278996         0.1419363802364509E+27     0.4975110317397917         0.4983110494792727         0.4177918780935551E-02
      78125000.00000000          371107290.7300664          214073245.1881706         0.1264896041288710E+27     0.4975116302508259         0.4983116489527368         0.4176720796437313E-02
      80208333.33333333          340483085.7240781          204619113.6629176         0.1125792703078811E+27     0.4975127244465385         0.4983127449079601         0.4174530645501434E-02
      82291666.66666666          312115889.2527933          195491171.2771182         0.1000737909054917E+27     0.4975134121324021         0.4983134336996501         0.4173154167947778E-02
      84375000.00000000          285874560.6083587          186686450.2869228         0.8884925096306380E+26     0.4975144082005563         0.4983144313695220         0.4171160429921742E-02
      86458333.33333333          261627859.5040965          178200471.9798591         0.7878960071937877E+26     0.4975149105218683         0.4983149344985869         0.4170154979544737E-02
      88541666.66666666          239247250.0866560          170027076.4280879         0.6978680406482019E+26     0.4975154100820440         0.4983154348620755         0.4169155055880542E-02
      90625000.00000000          218612278.2547235          162160857.0664479         0.6174071889158425E+26     0.4975159105588196         0.4983159361436378         0.4168153297542455E-02
      92708333.33333333          199602788.2664984          154594092.3238574         0.5455892844745154E+26     0.4975162701696649         0.4983162963327519         0.4167433497583179E-02
      94791666.66666666          182093691.9643034          146921120.1855456         0.4815672225140212E+26     0.4996028035203444         0.4997307503231498         0.6664461565057937E-03
      96875000.00000000          166005482.3868948          139878064.6195603         0.4245625899259526E+26     0.4999999999500000         0.4999999999500000         0.9999999999000000E-10
      98958333.33333333          151224319.4188459          133186099.0089627         0.3738619523848382E+26     0.4999999999500000         0.4999999999500000         0.9999999999000000E-10
      101041666.6666667          137645685.9759462          128973484.8484849         0.3288188384925012E+26     0.4999999999500000         0.4999999999500000         0.9999999999000000E-10
      103125000.0000000          125178730.6389201          127647727.2727273         0.2888475242266948E+26     0.4999999999500000         0.4999999999500000         0.9999999999000000E-10
      105208333.3333333          113750558.4653287          126258333.3333333         0.2534156605744576E+26     0.4999999999500000         0.4999999999500000         0.9999999999000000E-10
      107291666.6666667          103281044.7602505          124879861.1111111         0.2220402754349824E+26     0.4999999999500000         0.4999999999500000         0.9999999999000000E-10
      109375000.0000000          93695008.08115329          123606250.0000000         0.1942857319379883E+26     0.4999999999500000         0.4999999999500000         0.9999999999000000E-10
      111458333.3333333          84924228.80801655          122290972.2222222         0.1697595974413253E+26     0.4999999999500000         0.4999999999500000         0.9999999999000000E-10
      113541666.6666667          76903066.67528722          120977564.1025641         0.1481089791048995E+26     0.4999999999500000         0.4999999999500000         0.9999999999000000E-10
      115625000.0000000          69572086.96816067          119792307.6923077         0.1290171067932398E+26     0.4999999999500000         0.4999999999500000         0.9999999999000000E-10
      117708333.3333333          62875592.96742107          118545833.3333333         0.1121999114879859E+26     0.4999999999500000         0.4999999999500000         0.9999999999000000E-10
      119791666.6666667          56762115.69463556          117362500.0000000         0.9740303214063348E+25     0.4999999999500000         0.4999999999500000         0.9999999999000000E-10
      121875000.0000000          51184009.74830241          116255882.3529412         0.8439896995477023E+25     0.4999999999500000         0.4999999999500000         0.9999999999000000E-10
      123958333.3333333          46097525.91071567          115059920.6349206         0.7298444735167843E+25     0.4999999999500000         0.4999999999500000         0.9999999999000000E-10
      126041666.6666667          41461952.92473999          113960763.8888889         0.6297801960414125E+25     0.4999999999500000         0.4999999999500000         0.9999999999000000E-10
      128125000.0000000          37239818.82987782          112837500.0000000         0.5421791226879755E+25     0.4999999999500000         0.4999999999500000         0.9999999999000000E-10
      130208333.3333333          33396830.20127324          111795833.3333333         0.4655998465408275E+25     0.4999999999500000         0.4999999999500000         0.9999999999000000E-10
      132291666.6666667          29901219.57301959          110654722.2222222         0.3987590980617268E+25     0.4999999999500000         0.4999999999500000         0.9999999999000000E-10
      134375000.0000000          26724018.75660080          109461764.7058824         0.3405152201911748E+25     0.4999999999500000         0.4999999999500000         0.9999999999000000E-10
      136458333.3333333          23838103.57705176          108236274.5098039         0.2898535173801255E+25     0.4999999999500000         0.4999999999500000         0.9999999999000000E-10
      138541666.6666667          21219115.14306430          106939957.2649573         0.2458727062356915E+25     0.4999999999500000         0.4999999999500000         0.9999999999000000E-10
      140625000.0000000          18844178.89058096          105604487.1794872         0.2077727208479167E+25     0.4999999999500000         0.4999999999500000         0.9999999999000000E-10
      142708333.3333333          16692747.71717227          104194270.8333333         0.1748438583532745E+25     0.4999999999500000         0.4999999999500000         0.9999999999000000E-10
      144791666.6666667          14745573.59314344          102761979.1666667         0.1464569219990383E+25     0.4999999999500000         0.4999999999500000         0.9999999999000000E-10
      146875000.0000000          12985416.79787875          101191693.5483871         0.1220544190564549E+25     0.4999999999500000         0.4999999999500000         0.9999999999000000E-10
      148958333.3333333          11396186.33004568          99464543.01075271         0.1011425795734691E+25     0.4999999999500000         0.4999999999500000         0.9999999999000000E-10
      151041666.6666667          9963130.862659879          97737392.47311829         0.8328457570606115E+24     0.4999999999500000         0.4999999999500000         0.9999999999000000E-10
      153125000.0000000          8673012.138481829          95745725.80645162         0.6809397606694599E+24     0.4999999999500000         0.4999999999500000         0.9999999999000000E-10
      155208333.3333333          7513480.873170867          93480940.86021508         0.5522909586456343E+24     0.4999999999500000         0.4999999999500000         0.9999999999000000E-10
      157291666.6666667          6473151.279812831          91216155.91397850         0.4438823435107977E+24     0.4999999999500000         0.4999999999500000         0.9999999999000000E-10
      159375000.0000000          5541743.227520788          88951370.96774194         0.3530512720426884E+24     0.4999999999500000         0.4999999999500000         0.9999999999000000E-10
      161458333.3333333          4709864.946054801          86750000.00000000         0.2774482906309777E+24     0.4999999999500000         0.4999999999500000         0.9999999999000000E-10
      163541666.6666667          3968049.483344655          86750000.00000000         0.2150078946457766E+24     0.4999999999500000         0.4999999999500000         0.9999999999000000E-10
      165625000.0000000          3309793.529056956          86750000.00000000         0.1639069055915465E+24     0.4999999999500000         0.4999999999500000         0.9999999999000000E-10
      167708333.3333333          2727972.160779417          86750000.00000000         0.1225303557824592E+24     0.4999999999500000         0.4999999999500000         0.9999999999000000E-10
      169791666.6666667          2216120.169105976          86750000.00000000         0.8945587575239858E+23     0.4999999999500000         0.4999999999500000         0.9999999999000000E-10
      171875000.0000000          1768392.474898762          86750000.00000000         0.6343097855444317E+23     0.4999999999500000         0.4999999999500000         0.9999999999000000E-10
      173958333.3333333          1379533.039839469          86750000.00000000         0.4335270504614892E+23     0.4999999999500000         0.4999999999500000         0.9999999999000000E-10
      176041666.6666667          1044862.034151528          86750000.00000000         0.2824926325711078E+23     0.4999999999500000         0.4999999999500000         0.9999999999000000E-10
      178125000.0000000          760286.1717766696          86750000.00000000         0.1726324642435539E+23     0.4999999999500000         0.4999999999500000         0.9999999999000000E-10
      180208333.3333333          522348.3201361508          86750000.00000000         0.9635940532096990E+22     0.4999999999500000         0.4999999999500000         0.9999999999000000E-10
      182291666.6666667          328352.2297365858          86750000.00000000         0.4691995880860841E+22     0.4999999999500000         0.4999999999500000         0.9999999999000000E-10
      184375000.0000000          176733.4978269175          86750000.00000000         0.1822667076213651E+22     0.4999999999500000         0.4999999999500000         0.9999999999000000E-10
      186458333.3333333          68239.68898795270          86750000.00000000         0.4620247520891562E+21     0.4999999999500000         0.4999999999500000         0.9999999999000000E-10
      188541666.6666667          9231.321583739977          86750000.00000000         0.4123082750862782E+20     0.4999999999500000         0.4999999999500000         0.9999999999000000E-10
      190625000.0000000         0.1000000000000000E-03      5000000.000000000          1600042867924.364         0.4999999999500000         0.4999999999500000         0.9999999999000000E-10
      192708333.3333333         0.1000000000000000E-03      5000000.000000000          1600042867924.364         0.4999999999500000         0.4999999999500000         0.9999999999000000E-10
      194791666.6666667         0.1000000000000000E-03      5000000.000000000          1600042867924.364         0.4999999999500000         0.4999999999500000         0.9999999999000000E-10
      196875000.0000000         0.1000000000000000E-03      5000000.000000000          1600042867924.364         0.4999999999500000         0.4999999999500000         0.9999999999000000E-10
      198958333.3333333         0.1000000000000000E-03      5000000.000000000          1600042867924.364         0.4999999999500000         0.4999999999500000         0.9999999999000000E-10
      201041666.6666667         0.1000000000000000E-03      5000000.000000000          1600042867924.364         0.4999999999500000         0.4999999999500000         0.9999999999000000E-10
      203125000.0000000         0.1000000000000000E-03      5000000.000000000          1600042867924.364         0.4999999999500000         0.4999999999500000         0.9999999999000000E-10
      205208333.3333333         0.1000000000000000E-03      5000000.000000000          1600042867924.364         0.4999999999500000         0.4999999999500000         0.9999999999000000E-10
      207291666.6666667         0.1000000000000000E-03      5000000.000000000          1600042867924.364         0.4999999999500000         0.4999999999500000         0.9999999999000000E-10
      209375000.0000000         0.1000000000000000E-03      5000000.000000000          1600042867924.364         0.4999999999500000         0.4999999999500000         0.9999999999000000E-10
      211458333.3333333         0.1000000000000000E-03      5000000.000000000          1600042867924.364         0.4999999999500000         0.4999999999500000         0.9999999999000000E-10
      213541666.6666667         0.1000000000000000E-03      5000000.000000000          1600042867924.364         0.4999999999500000         0.4999999999500000         0.9999999999000000E-10
      215625000.0000000         0.1000000000000000E-03      5000000.000000000          1600042867924.364         0.4999999999500000         0.4999999999500000         0.9999999999000000E-10
      217708333.3333333         0.1000000000000000E-03      5000000.000000000          1600042867924.364         0.4999999999500000         0.4999999999500000         0.9999999999000000E-10
      219791666.6666667         0.1000000000000000E-03      5000000.000000000          1600042867924.364         0.4999999999500000         0.4999999999500000         0.9999999999000000E-10
      221875000.0000000         0.1000000000000000E-03      5000000.000000000          1600042867924.364         0.4999999999500000         0.4999999999500000         0.9999999999000000E-10
      223958333.3333333         0.1000000000000000E-03      5000000.000000000          1600042867924.364         0.4999999999500000         0.4999999999500000         0.9999999999000000E-10
      226041666.6666667         0.1000000000000000E-03      5000000.000000000          1600042867924.364         0.4999999999500000         0.4999999999500000         0.9999999999000000E-10
      228125000.0000000         0.1000000000000000E-03      5000000.000000000          1600042867924.364         0.4999999999500000         0.4999999999500000         0.9999999999000000E-10
      230208333.3333333         0.1000000000000000E-03      5000000.000000000          1600042867924.364         0.4999999999500000         0.4999999999500000         0.9999999999000000E-10
      232291666.6666667         0.1000000000000000E-03      5000000.000000000          1600042867924.364         0.4999999999500000         0.4999999999500000         0.9999999999000000E-10
      234375000.0000000         0.1000000000000000E-03      5000000.000000000          1600042867924.364         0.4999999999500000         0.4999999999500000         0.9999999999000000E-10
      236458333.3333333         0.1000000000000000E-03      5000000.000000000          1600042867924.364         0.4999999999500000         0.4999999999500000         0.9999999999000000E-10
      238541666.6666667         0.1000000000000000E-03      5000000.000000000          1600042867924.364         0.4999999999500000         0.4999999999500000         0.9999999999000000E-10
      240625000.0000000         0.1000000000000000E-03      5000000.000000000          1600042867924.364         0.4999999999500000         0.4999999999500000         0.9999999999000000E-10
      242708333.3333333         0.1000000000000000E-03      5000000.000000000          1600042867924.364         0.4999999999500000         0.4999999999500000         0.9999999999000000E-10
      244791666.6666667         0.1000000000000000E-03      5000000.000000000          1600042867924.364         0.4999999999500000         0.4999999999500000         0.9999999999000000E-10
      246875000.0000000         0.1000000000000000E-03      5000000.000000000          1600042867924.364         0.4999999999500000         0.4999999999500000         0.9999999999000000E-10
      248958333.3333333         0.1000000000000000E-03      5000000.000000000          1600042867924.364         0.4999999999500000         0.4999999999500000         0.9999999999000000E-10
      251041666.6666667         0.1000000000000000E-03      5000000.000000000          1600042867924.364         0.4999999999500000         0.4999999999500000         0.9999999999000000E-10
      253125000.0000000         0.1000000000000000E-03      5000000.000000000          1600042867924.364         0.4999999999500000         0.4999999999500000         0.9999999999000000E-10
      255208333.3333333         0.1000000000000000E-03      5000000.000000000          1600042867924.364         0.4999999999500000         0.4999999999500000         0.9999999999000000E-10
      257291666.6666667         0.1000000000000000E-03      5000000.000000000          1600042867924.364         0.4999999999500000         0.4999999999500000         0.9999999999000000E-10
      259375000.0000000         0.1000000000000000E-03      5000000.000000000          1600042867924.364         0.4999999999500000         0.4999999999500000         0.9999999999000000E-10
      261458333.3333333         0.1000000000000000E-03      5000000.000000000          1600042867924.364         0.4999999999500000         0.4999999999500000         0.9999999999000000E-10
      263541666.6666667         0.1000000000000000E-03      5000000.000000000          1600042867924.364         0.4999999999500000         0.4999999999500000         0.9999999999000000E-10
      265625000.0000000         0.1000000000000000E-03      5000000.000000000          1600042867924.364         0.4999999999500000         0.4999999999500000         0.9999999999000000E-10
      267708333.3333333         0.1000000000000000E-03      5000000.000000000          1600042867924.364         0.4999999999500000         0.4999999999500000         0.9999999999000000E-10
      269791666.6666666         0.1000000000000000E-03      5000000.000000000          1600042867924.364         0.4999999999500000         0.4999999999500000         0.9999999999000000E-10
      271875000.0000000         0.1000000000000000E-03      5000000.000000000          1600042867924.364         0.4999999999500000         0.4999999999500000         0.9999999999000000E-10
      273958333.3333333         0.1000000000000000E-03      5000000.000000000          1600042867924.364         0.4999999999500000         0.4999999999500000         0.9999999999000000E-10
      276041666.6666666         0.1000000000000000E-03      5000000.000000000          1600042867924.364         0.4999999999500000         0.4999999999500000         0.9999999999000000E-10
      278125000.0000000         0.1000000000000000E-03      5000000.000000000          1600042867924.364         0.4999999999500000         0.4999999999500000         0.9999999999000000E-10
      280208333.3333333         0.1000000000000000E-03      5000000.000000000          1600042867924.364         0.4999999999500000         0.4999999999500000         0.9999999999000000E-10
      282291666.6666666         0.1000000000000000E-03      5000000.000000000          1600042867924.364         0.4999999999500000         0.4999999999500000         0.9999999999000000E-10
      284375000.0000000         0.1000000000000000E-03      5000000.000000000          1600042867924.364         0.4999999999500000         0.4999999999500000         0.9999999999000000E-10
      286458333.3333333         0.1000000000000000E-03      5000000.000000000          1600042867924.364         0.4999999999500000         0.4999999999500000         0.9999999999000000E-10
      288541666.6666666         0.1000000000000000E-03      5000000.000000000          1600042867924.364         0.4999999999500000         0.4999999999500000         0.9999999999000000E-10
      290625000.0000000         0.1000000000000000E-03      5000000.000000000          1600042867924.364         0.4999999999500000         0.4999999999500000         0.9999999999000000E-10
      292708333.3333333         0.1000000000000000E-03      5000000.000000000          1600042867924.364         0.4999999999500000         0.4999999999500000         0.9999999999000000E-10
      294791666.6666666         0.1000000000000000E-03      5000000.000000000          1600042867924.364         0.4999999999500000         0.4999999999500000         0.9999999999000000E-10
      296875000.0000000         0.1000000000000000E-03      5000000.000000000          1600042867924.364         0.4999999999500000         0.4999999999500000         0.9999999999000000E-10
      298958333.3333333         0.1000000000000000E-03      5000000.000000000          1600042867924.364         0.4999999999500000         0.4999999999500000         0.9999999999000000E-10
      301041666.6666666         0.1000000000000000E-03      5000000.000000000          1600042867924.364         0.4999999999500000         0.4999999999500000         0.9999999999000000E-10
      303125000.0000000         0.1000000000000000E-03      5000000.000000000          1600042867924.364         0.4999999999500000         0.4999999999500000         0.9999999999000000E-10
      305208333.3333333         0.1000000000000000E-03      5000000.000000000          1600042867924.364         0.4999999999500000         0.4999999999500000         0.9999999999000000E-10
      307291666.6666666         0.1000000000000000E-03      5000000.000000000          1600042867924.364         0.4999999999500000         0.4999999999500000         0.9999999999000000E-10
      309375000.0000000         0.1000000000000000E-03      5000000.000000000          1600042867924.364         0.4999999999500000         0.4999999999500000         0.9999999999000000E-10
      311458333.3333333         0.1000000000000000E-03      5000000.000000000          1600042867924.364         0.4999999999500000         0.4999999999500000         0.9999999999000000E-10
      313541666.6666666         0.1000000000000000E-03      5000000.000000000          1600042867924.364         0.4999999999500000         0.4999999999500000         0.9999999999000000E-10
      315625000.0000000         0.1000000000000000E-03      5000000.000000000          1600042867924.364         0.4999999999500000         0.4999999999500000         0.9999999999000000E-10
      317708333.3333333         0.1000000000000000E-03      5000000.000000000          1600042867924.364         0.4999999999500000         0.4999999999500000         0.9999999999000000E-10
      319791666.6666666         0.1000000000000000E-03      5000000.000000000          1600042867924.364         0.4999999999500000         0.4999999999500000         0.9999999999000000E-10
      321875000.0000000         0.1000000000000000E-03      5000000.000000000          1600042867924.364         0.4999999999500000         0.4999999999500000         0.9999999999000000E-10
      323958333.3333333         0.1000000000000000E-03      5000000.000000000          1600042867924.364         0.4999999999500000         0.4999999999500000         0.9999999999000000E-10
      326041666.6666666         0.1000000000000000E-03      5000000.000000000          1600042867924.364         0.4999999999500000         0.4999999999500000         0.9999999999000000E-10
      328125000.0000000         0.1000000000000000E-03      5000000.000000000          1600042867924.364         0.4999999999500000         0.4999999999500000         0.9999999999000000E-10
      330208333.3333333         0.1000000000000000E-03      5000000.000000000          1600042867924.364         0.4999999999500000         0.4999999999500000         0.9999999999000000E-10
      332291666.6666666         0.1000000000000000E-03      5000000.000000000          1600042867924.364         0.4999999999500000         0.4999999999500000         0.9999999999000000E-10
      334375000.0000000         0.1000000000000000E-03      5000000.000000000          1600042867924.364         0.4999999999500000         0.4999999999500000         0.9999999999000000E-10
      336458333.3333333         0.1000000000000000E-03      5000000.000000000          1600042867924.364         0.4999999999500000         0.4999999999500000         0.9999999999000000E-10
      338541666.6666666         0.1000000000000000E-03      5000000.000000000          1600042867924.364         0.4999999999500000         0.4999999999500000         0.9999999999000000E-10
      340625000.0000000         0.1000000000000000E-03      5000000.000000000          1600042867924.364         0.4999999999500000         0.4999999999500000         0.9999999999000000E-10
      342708333.3333333         0.1000000000000000E-03      5000000.000000000          1600042867924.364         0.4999999999500000         0.4999999999500000         0.9999999999000000E-10
      344791666.6666666         0.1000000000000000E-03      5000000.000000000          1600042867924.364         0.4999999999500000         0.4999999999500000         0.9999999999000000E-10
      346875000.0000000         0.1000000000000000E-03      5000000.000000000          1600042867924.364         0.4999999999500000         0.4999999999500000         0.9999999999000000E-10
      348958333.3333333         0.1000000000000000E-03      5000000.000000000          1600042867924.364         0.4999999999500000         0.4999999999500000         0.9999999999000000E-10
      351041666.6666666         0.1000000000000000E-03      5000000.000000000          1600042867924.364         0.4999999999500000         0.4999999999500000         0.9999999999000000E-10
      353125000.0000000         0.1000000000000000E-03      5000000.000000000          1600042867924.364         0.4999999999500000         0.4999999999500000         0.9999999999000000E-10
      355208333.3333333         0.1000000000000000E-03      5000000.000000000          1600042867924.364         0.4999999999500000         0.4999999999500000         0.9999999999000000E-10
      357291666.6666666         0.1000000000000000E-03      5000000.000000000          1600042867924.364         0.4999999999500000         0.4999999999500000         0.9999999999000000E-10
      359375000.0000000         0.1000000000000000E-03      5000000.000000000          1600042867924.364         0.4999999999500000         0.4999999999500000         0.9999999999000000E-10
      361458333.3333333         0.1000000000000000E-03      5000000.000000000          1600042867924.364         0.4999999999500000         0.4999999999500000         0.9999999999000000E-10
      363541666.6666666         0.1000000000000000E-03      5000000.000000000          1600042867924.364         0.4999999999500000         0.4999999999500000         0.9999999999000000E-10
      365625000.0000000         0.1000000000000000E-03      5000000.000000000          1600042867924.364         0.4999999999500000         0.4999999999500000         0.9999999999000000E-10
      367708333.3333333         0.1000000000000000E-03      5000000.000000000          1600042867924.364         0.4999999999500000         0.4999999999500000         0.9999999999000000E-10
      369791666.6666666         0.1000000000000000E-03      5000000.000000000          1600042867924.364         0.4999999999500000         0.4999999999500000         0.9999999999000000E-10
      371875000.0000000         0.1000000000000000E-03      5000000.000000000          1600042867924.364         0.4999999999500000         0.4999999999500000         0.9999999999000000E-10
      373958333.3333333         0.1000000000000000E-03      5000000.000000000          1600042867924.364         0.4999999999500000         0.4999999999500000         0.9999999999000000E-10
      376041666.6666666         0.1000000000000000E-03      5000000.000000000          1600042867924.364         0.4999999999500000         0.4999999999500000         0.9999999999000000E-10
      378125000.0000000         0.1000000000000000E-03      5000000.000000000          1600042867924.364         0.4999999999500000         0.4999999999500000         0.9999999999000000E-10
      380208333.3333333         0.1000000000000000E-03      5000000.000000000          1600042867924.364         0.4999999999500000         0.4999999999500000         0.9999999999000000E-10
      382291666.6666666         0.1000000000000000E-03      5000000.000000000          1600042867924.364         0.4999999999500000         0.4999999999500000         0.9999999999000000E-10
      384375000.0000000         0.1000000000000000E-03      5000000.000000000          1600042867924.364         0.4999999999500000         0.4999999999500000         0.9999999999000000E-10
      386458333.3333333         0.1000000000000000E-03      5000000.000000000          1600042867924.364         0.4999999999500000         0.4999999999500000         0.9999999999000000E-10
      388541666.6666666         0.1000000000000000E-03      5000000.000000000          1600042867924.364         0.4999999999500000         0.4999999999500000         0.9999999999000000E-10
      390625000.0000000         0.1000000000000000E-03      5000000.000000000          1600042867924.364         0.4999999999500000         0.4999999999500000         0.9999999999000000E-10
      392708333.3333333         0.1000000000000000E-03      5000000.000000000          1600042867924.364         0.4999999999500000         0.4999999999500000         0.9999999999000000E-10
      394791666.6666666         0.1000000000000000E-03      5000000.000000000          1600042867924.364         0.4999999999500000         0.4999999999500000         0.9999999999000000E-10
      396875000.0000000         0.1000000000000000E-03      5000000.000000000          1600042867924.364         0.4999999999500000         0.4999999999500000         0.9999999999000000E-10
      398958333.3333333         0.1000000000000000E-03      5000000.000000000          1600042867924.364         0.4999999999500000         0.4999999999500000         0.9999999999000000E-10
      401041666.6666666         0.1000000000000000E-03      5000000.000000000          1600042867924.364         0.4999999999500000         0.4999999999500000         0.9999999999000000E-10
      403125000.0000000         0.1000000000000000E-03      5000000.000000000          1600042867924.364         0.4999999999500000         0.4999999999500000         0.9999999999000000E-10
      405208333.3333333         0.1000000000000000E-03      5000000.000000000          1600042867924.364         0.4999999999500000         0.4999999999500000         0.9999999999000000E-10
      407291666.6666666         0.1000000000000000E-03      5000000.000000000          1600042867924.364         0.4999999999500000         0.4999999999500000         0.9999999999000000E-10
      409375000.0000000         0.1000000000000000E-03      5000000.000000000          1600042867924.364         0.4999999999500000         0.4999999999500000         0.9999999999000000E-10
      411458333.3333333         0.1000000000000000E-03      5000000.000000000          1600042867924.364         0.4999999999500000         0.4999999999500000         0.9999999999000000E-10
      413541666.6666666         0.1000000000000000E-03      5000000.000000000          1600042867924.364         0.4999999999500000         0.4999999999500000         0.9999999999000000E-10
      415625000.0000000         0.1000000000000000E-03      5000000.000000000          1600042867924.364         0.4999999999500000         0.4999999999500000         0.9999999999000000E-10
      417708333.3333333         0.1000000000000000E-03      5000000.000000000          1600042867924.364         0.4999999999500000         0.4999999999500000         0.9999999999000000E-10
      419791666.6666666         0.1000000000000000E-03      5000000.000000000          1600042867924.364         0.4999999999500000         0.4999999999500000         0.9999999999000000E-10
      421875000.0000000         0.1000000000000000E-03      5000000.000000000          1600042867924.364         0.4999999999500000         0.4999999999500000         0.9999999999000000E-10
      423958333.3333333         0.1000000000000000E-03      5000000.000000000          1600042867924.364         0.4999999999500000         0.4999999999500000         0.9999999999000000E-10
      426041666.6666666         0.1000000000000000E-03      5000000.000000000          1600042867924.364         0.4999999999500000         0.4999999999500000         0.9999999999000000E-10
      428125000.0000000         0.1000000000000000E-03      5000000.000000000          1600042867924.364         0.4999999999500000         0.4999999999500000         0.9999999999000000E-10
      430208333.3333333         0.1000000000000000E-03      5000000.000000000          1600042867924.364         0.4999999999500000         0.4999999999500000         0.9999999999000000E-10
      432291666.6666666         0.1000000000000000E-03      5000000.000000000          1600042867924.364         0.4999999999500000         0.4999999999500000         0.9999999999000000E-10
      434375000.0000000         0.1000000000000000E-03      5000000.000000000          1600042867924.364         0.4999999999500000         0.4999999999500000         0.9999999999000000E-10
      436458333.3333333         0.1000000000000000E-03      5000000.000000000          1600042867924.364         0.4999999999500000         0.4999999999500000         0.9999999999000000E-10
      438541666.6666666         0.1000000000000000E-03      5000000.000000000          1600042867924.364         0.4999999999500000         0.4999999999500000         0.9999999999000000E-10
      440625000.0000000         0.1000000000000000E-03      5000000.000000000          1600042867924.364         0.4999999999500000         0.4999999999500000         0.9999999999000000E-10
      442708333.3333333         0.1000000000000000E-03      5000000.000000000          1600042867924.364         0.4999999999500000         0.4999999999500000         0.9999999999000000E-10
      444791666.6666666         0.1000000000000000E-03      5000000.000000000          1600042867924.364         0.4999999999500000         0.4999999999500000         0.9999999999000000E-10
      446875000.0000000         0.1000000000000000E-03      5000000.000000000          1600042867924.364         0.4999999999500000         0.4999999999500000         0.9999999999000000E-10
      448958333.3333333         0.1000000000000000E-03      5000000.000000000          1600042867924.364         0.4999999999500000         0.4999999999500000         0.9999999999000000E-10
      451041666.6666666         0.1000000000000000E-03      5000000.000000000          1600042867924.364         0.4999999999500000         0.4999999999500000         0.9999999999000000E-10
      453125000.0000000         0.1000000000000000E-03      5000000.000000000          1600042867924.364         0.4999999999500000         0.4999999999500000         0.9999999999000000E-10
      455208333.3333333         0.1000000000000000E-03      5000000.000000000          1600042867924.364         0.4999999999500000         0.4999999999500000         0.9999999999000000E-10
      457291666.6666666         0.1000000000000000E-03      5000000.000000000          1600042867924.364         0.4999999999500000         0.4999999999500000         0.9999999999000000E-10
      459375000.0000000         0.1000000000000000E-03      5000000.000000000          1600042867924.364         0.4999999999500000         0.4999999999500000         0.9999999999000000E-10
      461458333.3333333         0.1000000000000000E-03      5000000.000000000          1600042867924.364         0.4999999999500000         0.4999999999500000         0.9999999999000000E-10
      463541666.6666666         0.1000000000000000E-03      5000000.000000000          1600042867924.364         0.4999999999500000         0.4999999999500000         0.9999999999000000E-10
      465625000.0000000         0.1000000000000000E-03      5000000.000000000          1600042867924.364         0.4999999999500000         0.4999999999500000         0.9999999999000000E-10
      467708333.3333333         0.1000000000000000E-03      5000000.000000000          1600042867924.364         0.4999999999500000         0.4999999999500000         0.9999999999000000E-10
      469791666.6666666         0.1000000000000000E-03      5000000.000000000          1600042867924.364         0.4999999999500000         0.4999999999500000         0.9999999999000000E-10
      471875000.0000000         0.1000000000000000E-03      5000000.000000000          1600042867924.364         0.4999999999500000         0.4999999999500000         0.9999999999000000E-10
      473958333.3333333         0.1000000000000000E-03      5000000.000000000          1600042867924.364         0.4999999999500000         0.4999999999500000         0.9999999999000000E-10
      476041666.6666666         0.1000000000000000E-03      5000000.000000000          1600042867924.364         0.4999999999500000         0.4999999999500000         0.9999999999000000E-10
      478125000.0000000         0.1000000000000000E-03      5000000.000000000          1600042867924.364         0.4999999999500000         0.4999999999500000         0.9999999999000000E-10
      480208333.3333333         0.1000000000000000E-03      5000000.000000000          1600042867924.364         0.4999999999500000         0.4999999999500000         0.9999999999000000E-10
      482291666.6666666         0.1000000000000000E-03      5000000.000000000          1600042867924.364         0.4999999999500000         0.4999999999500000         0.9999999999000000E-10
      484375000.0000000         0.1000000000000000E-03      5000000.000000000          1600042867924.364         0.4999999999500000         0.4999999999500000         0.9999999999000000E-10
      486458333.3333333         0.1000000000000000E-03      5000000.000000000          1600042867924.364         0.4999999999500000         0.4999999999500000         0.9999999999000000E-10
      488541666.6666666         0.1000000000000000E-03      5000000.000000000          1600042867924.364         0.4999999999500000         0.4999999999500000         0.9999999999000000E-10
      490625000.0000000         0.1000000000000000E-03      5000000.000000000          1600042867924.364         0.4999999999500000         0.4999999999500000         0.9999999999000000E-10
      492708333.3333333         0.1000000000000000E-03      5000000.000000000          1600042867924.364         0.4999999999500000         0.4999999999500000         0.9999999999000000E-10
      494791666.6666666         0.1000000000000000E-03      5000000.000000000          1600042867924.364         0.4999999999500000         0.4999999999500000         0.9999999999000000E-10
      496875000.0000000         0.1000000000000000E-03      5000000.000000000          1600042867924.364         0.4999999999500000         0.4999999999500000         0.9999999999000000E-10
      498958333.3333333         0.1000000000000000E-03      5000000.000000000          1600042867924.364         0.4999999999500000         0.4999999999500000         0.9999999999000000E-10
