# npts =   480
# num of variables =     6
# density
# temperature
# pressure
# carbon-12       
# oxygen-16       
# ash             
      520833.3333333333          2678292796.262602          600373246.6942755         0.1804665192630437E+28     0.4974201554646994         0.4983201919341772         0.4259652601123398E-02
      1562500.000000000          2675883296.645595          600093323.9583908         0.1802490132470615E+28     0.4974201554646994         0.4983201919341772         0.4259652601123398E-02
      2604166.666666667          2671072383.586936          599534047.9483683         0.1798149298268964E+28     0.4974201554646994         0.4983201919341772         0.4259652601123398E-02
      3645833.333333333          2663876414.769371          598696582.9306928         0.1791661401294551E+28     0.4974201554646994         0.4983201919341772         0.4259652601123398E-02
      4687500.000000000          2654319756.942930          597582663.4019074         0.1783054284772630E+28     0.4974201577428474         0.4983201942164473         0.4259648040705316E-02
      5729166.666666666          2642434580.274343          596194216.4562408         0.1772364704208470E+28     0.4974206578799217         0.4983206952584741         0.4258646861604163E-02
      6770833.333333333          2628260870.667803          594534856.0178813         0.1759638023893656E+28     0.4974206578799217         0.4983206952584741         0.4258646861604163E-02
      7812500.000000000          2611845772.901640          592607230.1574080         0.1744927843025363E+28     0.4974211553217358         0.4983211936003638         0.4257651077900344E-02
      8854166.666666666          2593243736.497187          590416019.8752596         0.1728295558061822E+28     0.4974211553217358         0.4983211936003638         0.4257651077900344E-02
      9895833.333333332          2572515725.677752          587964919.5447915         0.1709809866171944E+28     0.4974216577389780         0.4983216969266842         0.4256645334337857E-02
      10937500.00000000          2549729236.630486          585259253.7833167         0.1689546217375850E+28     0.4974221551827918         0.4983221952705774         0.4255649546630807E-02
      11979166.66666667          2524957669.134292          582304437.8016003         0.1667586220358472E+28     0.4974226576020537         0.4983226985989212         0.4254643799025046E-02
      13020833.33333333          2498279389.733768          579106294.3504652         0.1644017013508312E+28     0.4974231550478675         0.4983231969448178         0.4253648007314740E-02
      14062500.00000000          2469776882.607340          575670873.1278880         0.1618930612084752E+28     0.4974237693948205         0.4983238124033758         0.4252418201803773E-02
      15104166.66666667          2439538485.260707          572005045.9687788         0.1592423226897111E+28     0.4974242683427407         0.4983243122540966         0.4251419403162742E-02
      16145833.33333333          2407656318.572776          568115514.0634849         0.1564594560207364E+28     0.4974251547900777         0.4983252003053795         0.4249644904542823E-02
      17187500.00000000          2374225793.986341          564010276.5954398         0.1535547102408033E+28     0.4974255797580959         0.4983256260423385         0.4248794199565484E-02
      18229166.66666666          2339344673.066237          559696342.9658501         0.1505385432554999E+28     0.4974264441569894         0.4983264920052832         0.4247063837727348E-02
      19270833.33333333          2303112816.611325          555182040.7095522         0.1474215529679124E+28     0.4974271545483668         0.4983272036820490         0.4245641769584202E-02
      20312500.00000000          2265631435.057724          550475493.8193634         0.1442144099705828E+28     0.4974276853414099         0.4983277354355137         0.4244579223076425E-02
      21354166.66666666          2227002613.432784          545584600.8765769         0.1409277926121130E+28     0.4974285944354913         0.4983286461745182         0.4242759389990583E-02
      22395833.33333333          2187329075.120749          540518326.1673987         0.1375723246303866E+28     0.4974291543227348         0.4983292070748266         0.4241638602438489E-02
      23437500.00000000          2146713560.548398          535284750.5121334         0.1341585158694158E+28     0.4974301201969203         0.4983301746966735         0.4239705106406217E-02
      24479166.66666666          2105258818.964751          529893201.5357757         0.1306967063561736E+28     0.4974306529697609         0.4983307084335180         0.4238638596721076E-02
      25520833.33333333          2063067053.706380          524352034.5247410         0.1271970139410481E+28     0.4974315406831527         0.4983315977531464         0.4236861563700908E-02
      26562500.00000000          2020239978.311206          518670717.4421545         0.1236692857651884E+28     0.4974321540144355         0.4983322121941962         0.4235633791368274E-02
      27604166.66666666          1976877424.706148          512858134.0390751         0.1201230544495161E+28     0.4974327561710626         0.4983328154403709         0.4234428388566336E-02
      28645833.33333333          1933074373.005002          506922784.1856670         0.1165675022431338E+28     0.4974336328405868         0.4983336936961488         0.4232673463264507E-02
      29687500.00000000          1888927496.200671          500874285.9084962         0.1130114267784947E+28     0.4974341538290019         0.4983342156272449         0.4231630543753134E-02
      30729166.66666666          1844529388.153749          494721324.0073705         0.1094632093911705E+28     0.4974347974195902         0.4983348603823519         0.4230342198057871E-02
      31770833.33333333          1799968252.669652          488472659.3111809         0.1059307935561539E+28     0.4974355164813472         0.4983355807451856         0.4228902773467273E-02
      32812500.00000000          1755328340.747693          482136920.6798203         0.1024216678719355E+28     0.4974361457212602         0.4983362111236509         0.4227643155088929E-02
      33854166.66666666          1710690421.325335          475722496.9718168         0.9894285247556009E+27     0.4974366881770113         0.4983367545609262         0.4226557262062577E-02
      34895833.33333333          1666132217.211066          469237415.3726282         0.9550088849363614E+27     0.4974376472870561         0.4983377154063934         0.4224637306550481E-02
      35937500.00000000          1621728925.645272          462690615.4881850         0.9210183011778982E+27     0.4974380502168225         0.4983381190652245         0.4223830717952909E-02
      36979166.66666666          1577552964.025030          456072071.3817706         0.8875123967986527E+27     0.4974891551049292         0.4982891376659019         0.4221707229168854E-02
      38020833.33333333          1533669221.544733          449425578.6981107         0.8545419115241030E+27     0.4974899064557513         0.4982898902249264         0.4220203319322378E-02
      39062500.00000000          1490142307.895135          442741309.5393951         0.8221527483114948E+27     0.4974902346324958         0.4982902189293923         0.4219546438111910E-02
      40104166.66666666          1447031445.777554          436026413.3814936         0.7903860208286731E+27     0.4974909759052409         0.4982909613941338         0.4218062700625345E-02
      41145833.33333333          1404389664.743556          429288215.9541809         0.7592781932609910E+27     0.4974916906730484         0.4982916773113167         0.4216632015634876E-02
      42187500.00000000          1362265430.639203          422533458.4636831         0.7288612396803609E+27     0.4974923804459768         0.4982923681934276         0.4215251360595575E-02
      43229166.66666666          1320704008.318055          415768751.4211517         0.6991627929791444E+27     0.4974930515072027         0.4982930403337469         0.4213908159050444E-02
      44270833.33333333          1279748390.622848          409000732.1504947         0.6702062854372450E+27     0.4974937072228262         0.4982936971037876         0.4212595673386185E-02
      45312500.00000000          1239438455.831188          402235932.9610795         0.6420111016670872E+27     0.4974943484186994         0.4982943393307295         0.4211312250571066E-02
      46354166.66666666          1199807555.640387          395480177.5314308         0.6145927920871700E+27     0.4974949731400823         0.4982949650566895         0.4210061803228166E-02
      47395833.33333333          1160888889.743348          388739639.2034857         0.5879632683829880E+27     0.4974955868043860         0.4982955797077901         0.4208833487823796E-02
      48437500.00000000          1122708906.138787          382019702.5912663         0.5621310069162134E+27     0.4974961893507400         0.4982961832230628         0.4207627426197236E-02
      49479166.66666666          1085289359.692981          375325251.0125092         0.5371013145594165E+27     0.4974967802222662         0.4982967750447342         0.4206444732999704E-02
      50520833.33333333          1048649464.782648          368661016.0970805         0.5128765535110840E+27     0.4974973587496707         0.4982973545024340         0.4205286747895227E-02
      51562500.00000000          1012807230.702421          362031812.3087311         0.4894563286918760E+27     0.4974979388984847         0.4982979355841506         0.4204125517364772E-02
      52604166.66666666          977778094.6519232          355442313.6691284         0.4668376751751803E+27     0.4974985021060108         0.4982984996973371         0.4202998196652087E-02
      53645833.33333333          943573047.9535735          348896633.0471433         0.4450152826695720E+27     0.4974990617555815         0.4982990602468467         0.4201877997571718E-02
      54687500.00000000          910202459.9517369          342399056.2067381         0.4239816985926499E+27     0.4974996129322090         0.4982996123097885         0.4200774758002481E-02
      55729166.66666666          877670962.5912167          335953005.4182078         0.4037275420882830E+27     0.4975001613820699         0.4983001616415788         0.4199676976351357E-02
      56770833.33333333          845980419.5680104          329561557.5823617         0.3842417419496537E+27     0.4975007067317114         0.4983007078681644         0.4198585400124151E-02
      57812500.00000000          815131973.0394506          323227692.8442573         0.3655117135700944E+27     0.4975015830936329         0.4983015856393111         0.4196831267055989E-02
      58854166.66666666          785126592.8477597          316954926.6501160         0.3475235007142734E+27     0.4975022780358562         0.4983022816990295         0.4195440265114419E-02
      59895833.33333333          755961046.4144183          310745857.1503850         0.3302619502890513E+27     0.4975028108358852         0.4983028153558223         0.4194373808292570E-02
      60937500.00000000          727632768.6989973          304603340.8443740         0.3137108738125542E+27     0.4975033406334010         0.4983033460052739         0.4193313361325075E-02
      61979166.66666666          700134829.9713628          298529516.9839805         0.2978532030587994E+27     0.4975038693530948         0.4983038755751702         0.4192255071734939E-02
      63020833.33333333          673457949.7053057          292526104.2398267         0.2826711746581132E+27     0.4975043932318081         0.4983044002963014         0.4191206471890497E-02
      64062500.00000000          647592828.0338794          286594894.1765001         0.2681464597907148E+27     0.4975049166551551         0.4983049245613342         0.4190158783510612E-02
      65104166.66666666          622530713.1106086          280737907.5812392         0.2542602546508375E+27     0.4975054401266326         0.4983054488745750         0.4189110998792525E-02
      66145833.33333333          598259973.3611215          274956584.6588927         0.2409933953355008E+27     0.4975059635554071         0.4983059731450440         0.4188063299548934E-02
      67187500.00000000          574769869.4366633          269252650.5075960         0.2283264636267081E+27     0.4975064878238102         0.4983064982564917         0.4187013919698114E-02
      68229166.66666666          552046273.4607458          263627065.8373046         0.2162398908597102E+27     0.4975070154854593         0.4983070267666420         0.4185957747898737E-02
      69270833.33333333          530073860.8585988          258080494.4616219         0.2047140789265823E+27     0.4975075402753712         0.4983075524004372         0.4184907324191566E-02
      70312500.00000000          508838136.6611137          252613796.9358216         0.1937294695014004E+27     0.4975080690224521         0.4983080819977646         0.4183848979783274E-02
      71354166.66666666          488324965.0673158          247227945.0537581         0.1832665905774325E+27     0.4975086017228397         0.4983086155547559         0.4182782722404415E-02
      72395833.33333333          468518806.1920846          241923544.0678403         0.1733061211896500E+27     0.4975091390548225         0.4983091537507901         0.4181707194387319E-02
      73437500.00000000          449404420.0889548          236701273.2993259         0.1638289518675030E+27     0.4975096759861893         0.4983096915455641         0.4180632468246651E-02
      74479166.66666666          430964201.9591776          231561122.7058109         0.1548162494552819E+27     0.4975102157331177         0.4983102321604272         0.4179552106455165E-02
      75520833.33333333          413180746.2318377          226503054.2656516         0.1462495183745468E+27     0.4975107590545262         0.4983107763555184         0.4178464589955468E-02
      76562500.00000000          396038109.1230681          221527381.5040935         0.1381106178326727E+27     0.4975113045042305         0.4983113226823278         0.4177372813441632E-02
      77604166.66666666          379519414.1849923          216634222.0043811         0.1303817863458313E+27     0.4975114123575543         0.4983114307090841         0.4177156933361640E-02
      78645833.33333333          363608700.3011311          211823527.1925755         0.1230456684274088E+27     0.4975119030159211         0.4983119221564492         0.4176174827629784E-02
      79687500.00000000          348288499.0348570          207095058.9713979         0.1160853429948881E+27     0.4975124489528842         0.4983124689713009         0.4175082075814918E-02
      80729166.66666666          333540858.5377842          202448219.8063821         0.1094843622159186E+27     0.4975129999970476         0.4983130209015655         0.4173979101386899E-02
      81770833.33333333          319349084.4053485          197882705.1206004         0.1032267598665903E+27     0.4975134094047331         0.4983134309675950         0.4173159627671938E-02
      82812500.00000000          305697061.9842338          193398274.6709641         0.9729704664395099E+26     0.4975136028074486         0.4983136246813098         0.4172772511241677E-02
      83854166.66666666          292568557.3212508          188994376.1619053         0.9168021648566646E+26     0.4975141508726196         0.4983141736277917         0.4171675499588766E-02
      84895833.33333333          279947397.4627942          184670681.7807634         0.8636175555252606E+26     0.4975144109282362         0.4983144341015882         0.4171154970175658E-02
      85937500.00000000          267816500.6458706          180426143.3260520         0.8132765618675664E+26     0.4975147520979493         0.4983147758199158         0.4170472082134823E-02
      86979166.66666666          256159758.2803589          176260045.4614567         0.7656442031148638E+26     0.4975149105218683         0.4983149344985869         0.4170154979544737E-02
      88020833.33333333          244962173.0703208          172171759.1301585         0.7205904253485600E+26     0.4975153411101160         0.4983153657792378         0.4169293110646150E-02
      89062500.00000000          234208502.4587385          168160690.4282311         0.6779900316300178E+26     0.4975154127813215         0.4983154375656935         0.4169149652985055E-02
      90104166.66666666          223884091.5431623          164225996.1065828         0.6377226478121321E+26     0.4975159105588196         0.4983159361436378         0.4168153297542455E-02
      91145833.33333333          213973461.2762218          160366746.4704829         0.5996727251956281E+26     0.4975159105588196         0.4983159361436378         0.4168153297542455E-02
      92187500.00000000          204461880.1783957          156581772.1972880         0.5637295173124078E+26     0.4975160057498751         0.4983160314877644         0.4167962762360382E-02
      93229166.66666666          195335798.2292442          152870304.5154914         0.5297868729572924E+26     0.4975164080911388         0.4983164344760090         0.4167157432852135E-02
      94270833.33333333          186576223.2020646          149080460.9303941         0.4977435458538952E+26     0.4982962066864232         0.4988450406526957         0.2858752660881117E-02
      95312500.00000000          178170166.7306967          145195342.5351657         0.4675030834294847E+26     0.4999999999500000         0.4999999999500000         0.9999999999000000E-10
      96354166.66666666          170121411.0886720          141710190.8460121         0.4389718793386859E+26     0.4999999999500000         0.4999999999500000         0.9999999999000000E-10
      97395833.33333333          162404804.3195644          138294285.6853183         0.4120601342786612E+26     0.4999999999500000         0.4999999999500000         0.9999999999000000E-10
      98437500.00000000          155008441.9984860          134946776.9927050         0.3866830795047466E+26     0.4999999999500000         0.4999999999500000         0.9999999999000000E-10
      99479166.66666666          147920423.2105570          131666657.4680534         0.3627598097861943E+26     0.4999999999500000         0.4999999999500000         0.9999999999000000E-10
      100520833.3333333          141126142.1299568          129383333.3333333         0.3402134210594840E+26     0.4999999999500000         0.4999999999500000         0.9999999999000000E-10
      101562500.0000000          134612412.0847786          128642045.4545455         0.3189710252707573E+26     0.4999999999500000         0.4999999999500000         0.9999999999000000E-10
      102604166.6666667          128373645.1740186          127979166.6666667         0.2989629692458906E+26     0.4999999999500000         0.4999999999500000         0.9999999999000000E-10
      103645833.3333333          122399898.9497840          127287916.6666667         0.2801225185474467E+26     0.4999999999500000         0.4999999999500000         0.9999999999000000E-10
      104687500.0000000          116680878.3149798          126589772.7272727         0.2623861501738868E+26     0.4999999999500000         0.4999999999500000         0.9999999999000000E-10
      105729166.6666667          111206731.4225955          125887878.7878788         0.2456934698210425E+26     0.4999999999500000         0.4999999999500000         0.9999999999000000E-10
      106770833.3333333          105967387.2492747          125183680.5555556         0.2299871177206822E+26     0.4999999999500000         0.4999999999500000         0.9999999999000000E-10
      107812500.0000000          100953240.8076051          124564772.7272727         0.2152126727562779E+26     0.4999999999500000         0.4999999999500000         0.9999999999000000E-10
      108854166.6666667          96155892.95863664          123910069.4444444         0.2013184557273881E+26     0.4999999999500000         0.4999999999500000         0.9999999999000000E-10
      109895833.3333333          91566579.88653482          123302430.5555556         0.1882553962006576E+26     0.4999999999500000         0.4999999999500000         0.9999999999000000E-10
      110937500.0000000          87177244.99582581          122608333.3333333         0.1759769372808893E+26     0.4999999999500000         0.4999999999500000         0.9999999999000000E-10
      111979166.6666667          82979064.11900721          121987152.7777778         0.1644389683257641E+26     0.4999999999500000         0.4999999999500000         0.9999999999000000E-10
      113020833.3333333          78964686.18955317          121319444.4444444         0.1535997066419093E+26     0.4999999999500000         0.4999999999500000         0.9999999999000000E-10
      114062500.0000000          75126457.58480328          120697115.3846154         0.1434195504558425E+26     0.4999999999500000         0.4999999999500000         0.9999999999000000E-10
      115104166.6666667          71457395.59876883          120112820.5128205         0.1338609897423832E+26     0.4999999999500000         0.4999999999500000         0.9999999999000000E-10
      116145833.3333333          67950560.90042435          119471794.8717949         0.1248884962127676E+26     0.4999999999500000         0.4999999999500000         0.9999999999000000E-10
      117187500.0000000          64598959.40760356          118830769.2307692         0.1164684628429898E+26     0.4999999999500000         0.4999999999500000         0.9999999999000000E-10
      118229166.6666667          61396125.60844502          118285416.6666667         0.1085691134737146E+26     0.4999999999500000         0.4999999999500000         0.9999999999000000E-10
      119270833.3333333          58336242.71951339          117697321.4285714         0.1011603711193916E+26     0.4999999999500000         0.4999999999500000         0.9999999999000000E-10
      120312500.0000000          55413448.22026483          117043750.0000000         0.9421376647220260E+25     0.4999999999500000         0.4999999999500000         0.9999999999000000E-10
      121354166.6666667          52621402.87607406          116522916.6666667         0.8770241740118868E+25     0.4999999999500000         0.4999999999500000         0.9999999999000000E-10
      122395833.3333333          49955019.25662778          115949509.8039216         0.8160093014698598E+25     0.4999999999500000         0.4999999999500000         0.9999999999000000E-10
      123437500.0000000          47409047.50317416          115336764.7058824         0.7588528528711625E+25     0.4999999999500000         0.4999999999500000         0.9999999999000000E-10
      124479166.6666667          44978353.41080216          114787103.1746032         0.7053279465493506E+25     0.4999999999500000         0.4999999999500000         0.9999999999000000E-10
      125520833.3333333          42658040.53383383          114241468.2539683         0.6552203592873954E+25     0.4999999999500000         0.4999999999500000         0.9999999999000000E-10
      126562500.0000000          40443375.70824303          113678645.8333333         0.6083278658565139E+25     0.4999999999500000         0.4999999999500000         0.9999999999000000E-10
      127604166.6666667          38329948.80154082          113114409.7222222         0.5644595536107306E+25     0.4999999999500000         0.4999999999500000         0.9999999999000000E-10
      128645833.3333333          36313471.48984342          112577083.3333333         0.5234351847612264E+25     0.4999999999500000         0.4999999999500000         0.9999999999000000E-10
      129687500.0000000          34389804.92480366          112056250.0000000         0.4850846766101461E+25     0.4999999999500000         0.4999999999500000         0.9999999999000000E-10
      130729166.6666667          32554883.93061547          111535416.6666667         0.4492476246966826E+25     0.4999999999500000         0.4999999999500000         0.9999999999000000E-10
      131770833.3333333          30805067.03116942          110949861.1111111         0.4157726965602929E+25     0.4999999999500000         0.4999999999500000         0.9999999999000000E-10
      132812500.0000000          29136660.31012937          110359583.3333333         0.3845171150584948E+25     0.4999999999500000         0.4999999999500000         0.9999999999000000E-10
      133854166.6666667          27546182.62861350          109768137.2549020         0.3553462706575564E+25     0.4999999999500000         0.4999999999500000         0.9999999999000000E-10
      134895833.3333333          26030188.60788895          109155392.1568628         0.3281333010362344E+25     0.4999999999500000         0.4999999999500000         0.9999999999000000E-10
      135937500.0000000          24585478.79587503          108542647.0588235         0.3027586694405588E+25     0.4999999999500000         0.4999999999500000         0.9999999999000000E-10
      136979166.6666667          23209015.48736614          107929901.9607843         0.2791096963363857E+25     0.4999999999500000         0.4999999999500000         0.9999999999000000E-10
      138020833.3333333          21897922.78922611          107273824.7863248         0.2570801517487255E+25     0.4999999999500000         0.4999999999500000         0.9999999999000000E-10
      139062500.0000000          20649233.59155886          106606089.7435897         0.2365699859790274E+25     0.4999999999500000         0.4999999999500000         0.9999999999000000E-10
      140104166.6666667          19460259.24821002          105938354.7008547         0.2174850134206626E+25     0.4999999999500000         0.4999999999500000         0.9999999999000000E-10
      141145833.3333333          18328446.05803921          105268489.5833333         0.1997365014760630E+25     0.4999999999500000         0.4999999999500000         0.9999999999000000E-10
      142187500.0000000          17251360.84816213          104552343.7500000         0.1832408509522967E+25     0.4999999999500000         0.4999999999500000         0.9999999999000000E-10
      143229166.6666667          16226498.03212532          103836197.9166667         0.1679193843646692E+25     0.4999999999500000         0.4999999999500000         0.9999999999000000E-10
      144270833.3333333          15251617.46464909          103120052.0833333         0.1536980756047587E+25     0.4999999999500000         0.4999999999500000         0.9999999999000000E-10
      145312500.0000000          14324572.29485264          102403906.2500000         0.1405072160902479E+25     0.4999999999500000         0.4999999999500000         0.9999999999000000E-10
      146354166.6666667          13443305.17445105          101623481.1827957         0.1282811735113154E+25     0.4999999999500000         0.4999999999500000         0.9999999999000000E-10
      147395833.3333333          12605786.64113223          100759905.9139785         0.1169581886967987E+25     0.4999999999500000         0.4999999999500000         0.9999999999000000E-10
      148437500.0000000          11810059.77678339          99896330.64516129         0.1064801874257329E+25     0.4999999999500000         0.4999999999500000         0.9999999999000000E-10
      149479166.6666667          11054321.49860597          99032755.37634410         0.9679254581116974E+24     0.4999999999500000         0.4999999999500000         0.9999999999000000E-10
      150520833.3333333          10336768.49091920          98169180.10752690         0.8784389618757844E+24     0.4999999999500000         0.4999999999500000         0.9999999999000000E-10
      151562500.0000000          9655735.874043401          97305604.83870968         0.7958594733337378E+24     0.4999999999500000         0.4999999999500000         0.9999999999000000E-10
      152604166.6666667          9009738.132577671          96311922.04301077         0.7197323863078812E+24     0.4999999999500000         0.4999999999500000         0.9999999999000000E-10
      153645833.3333333          8397213.730765887          95179529.56989250         0.6496299215181200E+24     0.4999999999500000         0.4999999999500000         0.9999999999000000E-10
      154687500.0000000          7816571.780504740          94047137.09677419         0.5851505368854323E+24     0.4999999999500000         0.4999999999500000         0.9999999999000000E-10
      155729166.6666667          7266435.940323575          92914744.62365593         0.5259172017560512E+24     0.4999999999500000         0.4999999999500000         0.9999999999000000E-10
      156770833.3333333          6745468.277613658          91782352.15053765         0.4715754832661907E+24     0.4999999999500000         0.4999999999500000         0.9999999999000000E-10
      157812500.0000000          6252359.733345193          90649959.67741935         0.4217924339495078E+24     0.4999999999500000         0.4999999999500000         0.9999999999000000E-10
      158854166.6666667          5785906.387695570          89517567.20430109         0.3762552696118065E+24     0.4999999999500000         0.4999999999500000         0.9999999999000000E-10
      159895833.3333333          5344942.220984576          88385174.73118281         0.3346700700234037E+24     0.4999999999500000         0.4999999999500000         0.9999999999000000E-10
      160937500.0000000          4928325.361543653          87252782.25806452         0.2967608355582799E+24     0.4999999999500000         0.4999999999500000         0.9999999999000000E-10
      161979166.6666667          4534696.880464607          86750000.00000000         0.2622695098645918E+24     0.4999999999500000         0.4999999999500000         0.9999999999000000E-10
      163020833.3333333          4163153.119941172          86750000.00000000         0.2309544300916348E+24     0.4999999999500000         0.4999999999500000         0.9999999999000000E-10
      164062500.0000000          3812982.325849445          86750000.00000000         0.2025873954660305E+24     0.4999999999500000         0.4999999999500000         0.9999999999000000E-10
      165104166.6666667          3483268.480001707          86750000.00000000         0.1769532128572265E+24     0.4999999999500000         0.4999999999500000         0.9999999999000000E-10
      166145833.3333333          3173103.683626481          86750000.00000000         0.1538498943738166E+24     0.4999999999500000         0.4999999999500000         0.9999999999000000E-10
      167187500.0000000          2881646.349954058          86750000.00000000         0.1330879015653367E+24     0.4999999999500000         0.4999999999500000         0.9999999999000000E-10
      168229166.6666667          2608089.515503732          86750000.00000000         0.1144893313147882E+24     0.4999999999500000         0.4999999999500000         0.9999999999000000E-10
      169270833.3333333          2351655.502511919          86750000.00000000         0.9788726153139182E+23     0.4999999999500000         0.4999999999500000         0.9999999999000000E-10
      170312500.0000000          2111623.694115385          86750000.00000000         0.8312504977761216E+23     0.4999999999500000         0.4999999999500000         0.9999999999000000E-10
      171354166.6666667          1887287.949710222          86750000.00000000         0.7005571083465141E+23     0.4999999999500000         0.4999999999500000         0.9999999999000000E-10
      172395833.3333333          1678001.832423519          86750000.00000000         0.5854131236829918E+23     0.4999999999500000         0.4999999999500000         0.9999999999000000E-10
      173437500.0000000          1483133.768759104          86750000.00000000         0.4845239543565358E+23     0.4999999999500000         0.4999999999500000         0.9999999999000000E-10
      174479166.6666667          1302106.412965785          86750000.00000000         0.3966743752765009E+23     0.4999999999500000         0.4999999999500000         0.9999999999000000E-10
      175520833.3333333          1134364.380548358          86750000.00000000         0.3207231672943271E+23     0.4999999999500000         0.4999999999500000         0.9999999999000000E-10
      176562500.0000000          979397.3987455422          86750000.00000000         0.2555982767560646E+23     0.4999999999500000         0.4999999999500000         0.9999999999000000E-10
      177604166.6666667          836731.3869730779          86750000.00000000         0.2002917530937700E+23     0.4999999999500000         0.4999999999500000         0.9999999999000000E-10
      178645833.3333333          705929.9065424554          86750000.00000000         0.1538551397705357E+23     0.4999999999500000         0.4999999999500000         0.9999999999000000E-10
      179687500.0000000          586603.9452342557          86750000.00000000         0.1153947374983710E+23     0.4999999999500000         0.4999999999500000         0.9999999999000000E-10
      180729166.6666667          478414.2063723051          86750000.00000000         0.8406672979813729E+22     0.4999999999500000         0.4999999999500000         0.9999999999000000E-10
      181770833.3333333          381079.4532380451          86750000.00000000         0.5907222828281870E+22     0.4999999999500000         0.4999999999500000         0.9999999999000000E-10
      182812500.0000000          294394.4277837625          86750000.00000000         0.3965179983711778E+22     0.4999999999500000         0.4999999999500000         0.9999999999000000E-10
      183854166.6666667          218258.0112162808          86750000.00000000         0.2507895346695406E+22     0.4999999999500000         0.4999999999500000         0.9999999999000000E-10
      184895833.3333333          152724.6602654192          86750000.00000000         0.1465172126147813E+22     0.4999999999500000         0.4999999999500000         0.9999999999000000E-10
      185937500.0000000          98112.98472532330          86750000.00000000         0.7680233615490261E+21     0.4999999999500000         0.4999999999500000         0.9999999999000000E-10
      186979166.6666667          55174.65180272136          86750000.00000000         0.3467336690709272E+21     0.4999999999500000         0.4999999999500000         0.9999999999000000E-10
      188020833.3333333          25143.23729972606          86750000.00000000         0.1284350277969715E+21     0.4999999999500000         0.4999999999500000         0.9999999999000000E-10
      189062500.0000000          8537.496843961933          86750000.00000000         0.3790138513293716E+20     0.4999999999500000         0.4999999999500000         0.9999999999000000E-10
      190104166.6666667          2203.676564241128          86750000.00000000         0.9345529454425778E+19     0.4999999999500000         0.4999999999500000         0.9999999999000000E-10
      191145833.3333333          504.5379764570042          86750000.00000000         0.2224098349829668E+19     0.4999999999500000         0.4999999999500000         0.9999999999000000E-10
      192187500.0000000          114.3713201267733          86750000.00000000         0.6142766049278547E+18     0.4999999999500000         0.4999999999500000         0.9999999999000000E-10
      193229166.6666667          26.44793745436729          86750000.00000000         0.2519459896952815E+18     0.4999999999500000         0.4999999999500000         0.9999999999000000E-10
      194270833.3333333          6.262273449680455          86750000.00000000         0.1686845538899307E+18     0.4999999999500000         0.4999999999500000         0.9999999999000000E-10
      195312500.0000000          1.516812536939627          86750000.00000000         0.1490946728210395E+18     0.4999999999500000         0.4999999999500000         0.9999999999000000E-10
      196354166.6666667         0.3753457886991328          86750000.00000000         0.1443802534230500E+18     0.4999999999500000         0.4999999999500000         0.9999999999000000E-10
      197395833.3333333         0.9479455457479061E-01      86750000.00000000         0.1432212349652324E+18     0.4999999999500000         0.4999999999500000         0.9999999999000000E-10
      198437500.0000000         0.2441434555350446E-01      86750000.00000000         0.1429304393058208E+18     0.4999999999500000         0.4999999999500000         0.9999999999000000E-10
      199479166.6666667         0.6408192220213507E-02      86750000.00000000         0.1428560367079875E+18     0.4999999999500000         0.4999999999500000         0.9999999999000000E-10
      200520833.3333333         0.1713210934150606E-02      86750000.00000000         0.1428366361128341E+18     0.4999999999500000         0.4999999999500000         0.9999999999000000E-10
      201562500.0000000         0.4662813402892077E-03      86750000.00000000         0.1428314835042049E+18     0.4999999999500000         0.4999999999500000         0.9999999999000000E-10
      202604166.6666667         0.1291403524565592E-03      86750000.00000000         0.1428300903229136E+18     0.4999999999500000         0.4999999999500000         0.9999999999000000E-10
      203645833.3333333         0.1000000000000000E-03      5000000.000000000          1600042867924.364         0.4999999999500000         0.4999999999500000         0.9999999999000000E-10
      204687500.0000000         0.1000000000000000E-03      5000000.000000000          1600042867924.364         0.4999999999500000         0.4999999999500000         0.9999999999000000E-10
      205729166.6666667         0.1000000000000000E-03      5000000.000000000          1600042867924.364         0.4999999999500000         0.4999999999500000         0.9999999999000000E-10
      206770833.3333333         0.1000000000000000E-03      5000000.000000000          1600042867924.364         0.4999999999500000         0.4999999999500000         0.9999999999000000E-10
      207812500.0000000         0.1000000000000000E-03      5000000.000000000          1600042867924.364         0.4999999999500000         0.4999999999500000         0.9999999999000000E-10
      208854166.6666667         0.1000000000000000E-03      5000000.000000000          1600042867924.364         0.4999999999500000         0.4999999999500000         0.9999999999000000E-10
      209895833.3333333         0.1000000000000000E-03      5000000.000000000          1600042867924.364         0.4999999999500000         0.4999999999500000         0.9999999999000000E-10
      210937500.0000000         0.1000000000000000E-03      5000000.000000000          1600042867924.364         0.4999999999500000         0.4999999999500000         0.9999999999000000E-10
      211979166.6666667         0.1000000000000000E-03      5000000.000000000          1600042867924.364         0.4999999999500000         0.4999999999500000         0.9999999999000000E-10
      213020833.3333333         0.1000000000000000E-03      5000000.000000000          1600042867924.364         0.4999999999500000         0.4999999999500000         0.9999999999000000E-10
      214062500.0000000         0.1000000000000000E-03      5000000.000000000          1600042867924.364         0.4999999999500000         0.4999999999500000         0.9999999999000000E-10
      215104166.6666667         0.1000000000000000E-03      5000000.000000000          1600042867924.364         0.4999999999500000         0.4999999999500000         0.9999999999000000E-10
      216145833.3333333         0.1000000000000000E-03      5000000.000000000          1600042867924.364         0.4999999999500000         0.4999999999500000         0.9999999999000000E-10
      217187500.0000000         0.1000000000000000E-03      5000000.000000000          1600042867924.364         0.4999999999500000         0.4999999999500000         0.9999999999000000E-10
      218229166.6666667         0.1000000000000000E-03      5000000.000000000          1600042867924.364         0.4999999999500000         0.4999999999500000         0.9999999999000000E-10
      219270833.3333333         0.1000000000000000E-03      5000000.000000000          1600042867924.364         0.4999999999500000         0.4999999999500000         0.9999999999000000E-10
      220312500.0000000         0.1000000000000000E-03      5000000.000000000          1600042867924.364         0.4999999999500000         0.4999999999500000         0.9999999999000000E-10
      221354166.6666667         0.1000000000000000E-03      5000000.000000000          1600042867924.364         0.4999999999500000         0.4999999999500000         0.9999999999000000E-10
      222395833.3333333         0.1000000000000000E-03      5000000.000000000          1600042867924.364         0.4999999999500000         0.4999999999500000         0.9999999999000000E-10
      223437500.0000000         0.1000000000000000E-03      5000000.000000000          1600042867924.364         0.4999999999500000         0.4999999999500000         0.9999999999000000E-10
      224479166.6666667         0.1000000000000000E-03      5000000.000000000          1600042867924.364         0.4999999999500000         0.4999999999500000         0.9999999999000000E-10
      225520833.3333333         0.1000000000000000E-03      5000000.000000000          1600042867924.364         0.4999999999500000         0.4999999999500000         0.9999999999000000E-10
      226562500.0000000         0.1000000000000000E-03      5000000.000000000          1600042867924.364         0.4999999999500000         0.4999999999500000         0.9999999999000000E-10
      227604166.6666667         0.1000000000000000E-03      5000000.000000000          1600042867924.364         0.4999999999500000         0.4999999999500000         0.9999999999000000E-10
      228645833.3333333         0.1000000000000000E-03      5000000.000000000          1600042867924.364         0.4999999999500000         0.4999999999500000         0.9999999999000000E-10
      229687500.0000000         0.1000000000000000E-03      5000000.000000000          1600042867924.364         0.4999999999500000         0.4999999999500000         0.9999999999000000E-10
      230729166.6666667         0.1000000000000000E-03      5000000.000000000          1600042867924.364         0.4999999999500000         0.4999999999500000         0.9999999999000000E-10
      231770833.3333333         0.1000000000000000E-03      5000000.000000000          1600042867924.364         0.4999999999500000         0.4999999999500000         0.9999999999000000E-10
      232812500.0000000         0.1000000000000000E-03      5000000.000000000          1600042867924.364         0.4999999999500000         0.4999999999500000         0.9999999999000000E-10
      233854166.6666667         0.1000000000000000E-03      5000000.000000000          1600042867924.364         0.4999999999500000         0.4999999999500000         0.9999999999000000E-10
      234895833.3333333         0.1000000000000000E-03      5000000.000000000          1600042867924.364         0.4999999999500000         0.4999999999500000         0.9999999999000000E-10
      235937500.0000000         0.1000000000000000E-03      5000000.000000000          1600042867924.364         0.4999999999500000         0.4999999999500000         0.9999999999000000E-10
      236979166.6666667         0.1000000000000000E-03      5000000.000000000          1600042867924.364         0.4999999999500000         0.4999999999500000         0.9999999999000000E-10
      238020833.3333333         0.1000000000000000E-03      5000000.000000000          1600042867924.364         0.4999999999500000         0.4999999999500000         0.9999999999000000E-10
      239062500.0000000         0.1000000000000000E-03      5000000.000000000          1600042867924.364         0.4999999999500000         0.4999999999500000         0.9999999999000000E-10
      240104166.6666667         0.1000000000000000E-03      5000000.000000000          1600042867924.364         0.4999999999500000         0.4999999999500000         0.9999999999000000E-10
      241145833.3333333         0.1000000000000000E-03      5000000.000000000          1600042867924.364         0.4999999999500000         0.4999999999500000         0.9999999999000000E-10
      242187500.0000000         0.1000000000000000E-03      5000000.000000000          1600042867924.364         0.4999999999500000         0.4999999999500000         0.9999999999000000E-10
      243229166.6666667         0.1000000000000000E-03      5000000.000000000          1600042867924.364         0.4999999999500000         0.4999999999500000         0.9999999999000000E-10
      244270833.3333333         0.1000000000000000E-03      5000000.000000000          1600042867924.364         0.4999999999500000         0.4999999999500000         0.9999999999000000E-10
      245312500.0000000         0.1000000000000000E-03      5000000.000000000          1600042867924.364         0.4999999999500000         0.4999999999500000         0.9999999999000000E-10
      246354166.6666667         0.1000000000000000E-03      5000000.000000000          1600042867924.364         0.4999999999500000         0.4999999999500000         0.9999999999000000E-10
      247395833.3333333         0.1000000000000000E-03      5000000.000000000          1600042867924.364         0.4999999999500000         0.4999999999500000         0.9999999999000000E-10
      248437500.0000000         0.1000000000000000E-03      5000000.000000000          1600042867924.364         0.4999999999500000         0.4999999999500000         0.9999999999000000E-10
      249479166.6666667         0.1000000000000000E-03      5000000.000000000          1600042867924.364         0.4999999999500000         0.4999999999500000         0.9999999999000000E-10
      250520833.3333333         0.1000000000000000E-03      5000000.000000000          1600042867924.364         0.4999999999500000         0.4999999999500000         0.9999999999000000E-10
      251562500.0000000         0.1000000000000000E-03      5000000.000000000          1600042867924.364         0.4999999999500000         0.4999999999500000         0.9999999999000000E-10
      252604166.6666667         0.1000000000000000E-03      5000000.000000000          1600042867924.364         0.4999999999500000         0.4999999999500000         0.9999999999000000E-10
      253645833.3333333         0.1000000000000000E-03      5000000.000000000          1600042867924.364         0.4999999999500000         0.4999999999500000         0.9999999999000000E-10
      254687500.0000000         0.1000000000000000E-03      5000000.000000000          1600042867924.364         0.4999999999500000         0.4999999999500000         0.9999999999000000E-10
      255729166.6666667         0.1000000000000000E-03      5000000.000000000          1600042867924.364         0.4999999999500000         0.4999999999500000         0.9999999999000000E-10
      256770833.3333333         0.1000000000000000E-03      5000000.000000000          1600042867924.364         0.4999999999500000         0.4999999999500000         0.9999999999000000E-10
      257812500.0000000         0.1000000000000000E-03      5000000.000000000          1600042867924.364         0.4999999999500000         0.4999999999500000         0.9999999999000000E-10
      258854166.6666667         0.1000000000000000E-03      5000000.000000000          1600042867924.364         0.4999999999500000         0.4999999999500000         0.9999999999000000E-10
      259895833.3333333         0.1000000000000000E-03      5000000.000000000          1600042867924.364         0.4999999999500000         0.4999999999500000         0.9999999999000000E-10
      260937500.0000000         0.1000000000000000E-03      5000000.000000000          1600042867924.364         0.4999999999500000         0.4999999999500000         0.9999999999000000E-10
      261979166.6666667         0.1000000000000000E-03      5000000.000000000          1600042867924.364         0.4999999999500000         0.4999999999500000         0.9999999999000000E-10
      263020833.3333333         0.1000000000000000E-03      5000000.000000000          1600042867924.364         0.4999999999500000         0.4999999999500000         0.9999999999000000E-10
      264062500.0000000         0.1000000000000000E-03      5000000.000000000          1600042867924.364         0.4999999999500000         0.4999999999500000         0.9999999999000000E-10
      265104166.6666667         0.1000000000000000E-03      5000000.000000000          1600042867924.364         0.4999999999500000         0.4999999999500000         0.9999999999000000E-10
      266145833.3333333         0.1000000000000000E-03      5000000.000000000          1600042867924.364         0.4999999999500000         0.4999999999500000         0.9999999999000000E-10
      267187500.0000000         0.1000000000000000E-03      5000000.000000000          1600042867924.364         0.4999999999500000         0.4999999999500000         0.9999999999000000E-10
      268229166.6666667         0.1000000000000000E-03      5000000.000000000          1600042867924.364         0.4999999999500000         0.4999999999500000         0.9999999999000000E-10
      269270833.3333333         0.1000000000000000E-03      5000000.000000000          1600042867924.364         0.4999999999500000         0.4999999999500000         0.9999999999000000E-10
      270312500.0000000         0.1000000000000000E-03      5000000.000000000          1600042867924.364         0.4999999999500000         0.4999999999500000         0.9999999999000000E-10
      271354166.6666666         0.1000000000000000E-03      5000000.000000000          1600042867924.364         0.4999999999500000         0.4999999999500000         0.9999999999000000E-10
      272395833.3333333         0.1000000000000000E-03      5000000.000000000          1600042867924.364         0.4999999999500000         0.4999999999500000         0.9999999999000000E-10
      273437500.0000000         0.1000000000000000E-03      5000000.000000000          1600042867924.364         0.4999999999500000         0.4999999999500000         0.9999999999000000E-10
      274479166.6666666         0.1000000000000000E-03      5000000.000000000          1600042867924.364         0.4999999999500000         0.4999999999500000         0.9999999999000000E-10
      275520833.3333333         0.1000000000000000E-03      5000000.000000000          1600042867924.364         0.4999999999500000         0.4999999999500000         0.9999999999000000E-10
      276562500.0000000         0.1000000000000000E-03      5000000.000000000          1600042867924.364         0.4999999999500000         0.4999999999500000         0.9999999999000000E-10
      277604166.6666666         0.1000000000000000E-03      5000000.000000000          1600042867924.364         0.4999999999500000         0.4999999999500000         0.9999999999000000E-10
      278645833.3333333         0.1000000000000000E-03      5000000.000000000          1600042867924.364         0.4999999999500000         0.4999999999500000         0.9999999999000000E-10
      279687500.0000000         0.1000000000000000E-03      5000000.000000000          1600042867924.364         0.4999999999500000         0.4999999999500000         0.9999999999000000E-10
      280729166.6666666         0.1000000000000000E-03      5000000.000000000          1600042867924.364         0.4999999999500000         0.4999999999500000         0.9999999999000000E-10
      281770833.3333333         0.1000000000000000E-03      5000000.000000000          1600042867924.364         0.4999999999500000         0.4999999999500000         0.9999999999000000E-10
      282812500.0000000         0.1000000000000000E-03      5000000.000000000          1600042867924.364         0.4999999999500000         0.4999999999500000         0.9999999999000000E-10
      283854166.6666666         0.1000000000000000E-03      5000000.000000000          1600042867924.364         0.4999999999500000         0.4999999999500000         0.9999999999000000E-10
      284895833.3333333         0.1000000000000000E-03      5000000.000000000          1600042867924.364         0.4999999999500000         0.4999999999500000         0.9999999999000000E-10
      285937500.0000000         0.1000000000000000E-03      5000000.000000000          1600042867924.364         0.4999999999500000         0.4999999999500000         0.9999999999000000E-10
      286979166.6666666         0.1000000000000000E-03      5000000.000000000          1600042867924.364         0.4999999999500000         0.4999999999500000         0.9999999999000000E-10
      288020833.3333333         0.1000000000000000E-03      5000000.000000000          1600042867924.364         0.4999999999500000         0.4999999999500000         0.9999999999000000E-10
      289062500.0000000         0.1000000000000000E-03      5000000.000000000          1600042867924.364         0.4999999999500000         0.4999999999500000         0.9999999999000000E-10
      290104166.6666666         0.1000000000000000E-03      5000000.000000000          1600042867924.364         0.4999999999500000         0.4999999999500000         0.9999999999000000E-10
      291145833.3333333         0.1000000000000000E-03      5000000.000000000          1600042867924.364         0.4999999999500000         0.4999999999500000         0.9999999999000000E-10
      292187500.0000000         0.1000000000000000E-03      5000000.000000000          1600042867924.364         0.4999999999500000         0.4999999999500000         0.9999999999000000E-10
      293229166.6666666         0.1000000000000000E-03      5000000.000000000          1600042867924.364         0.4999999999500000         0.4999999999500000         0.9999999999000000E-10
      294270833.3333333         0.1000000000000000E-03      5000000.000000000          1600042867924.364         0.4999999999500000         0.4999999999500000         0.9999999999000000E-10
      295312500.0000000         0.1000000000000000E-03      5000000.000000000          1600042867924.364         0.4999999999500000         0.4999999999500000         0.9999999999000000E-10
      296354166.6666666         0.1000000000000000E-03      5000000.000000000          1600042867924.364         0.4999999999500000         0.4999999999500000         0.9999999999000000E-10
      297395833.3333333         0.1000000000000000E-03      5000000.000000000          1600042867924.364         0.4999999999500000         0.4999999999500000         0.9999999999000000E-10
      298437500.0000000         0.1000000000000000E-03      5000000.000000000          1600042867924.364         0.4999999999500000         0.4999999999500000         0.9999999999000000E-10
      299479166.6666666         0.1000000000000000E-03      5000000.000000000          1600042867924.364         0.4999999999500000         0.4999999999500000         0.9999999999000000E-10
      300520833.3333333         0.1000000000000000E-03      5000000.000000000          1600042867924.364         0.4999999999500000         0.4999999999500000         0.9999999999000000E-10
      301562500.0000000         0.1000000000000000E-03      5000000.000000000          1600042867924.364         0.4999999999500000         0.4999999999500000         0.9999999999000000E-10
      302604166.6666666         0.1000000000000000E-03      5000000.000000000          1600042867924.364         0.4999999999500000         0.4999999999500000         0.9999999999000000E-10
      303645833.3333333         0.1000000000000000E-03      5000000.000000000          1600042867924.364         0.4999999999500000         0.4999999999500000         0.9999999999000000E-10
      304687500.0000000         0.1000000000000000E-03      5000000.000000000          1600042867924.364         0.4999999999500000         0.4999999999500000         0.9999999999000000E-10
      305729166.6666666         0.1000000000000000E-03      5000000.000000000          1600042867924.364         0.4999999999500000         0.4999999999500000         0.9999999999000000E-10
      306770833.3333333         0.1000000000000000E-03      5000000.000000000          1600042867924.364         0.4999999999500000         0.4999999999500000         0.9999999999000000E-10
      307812500.0000000         0.1000000000000000E-03      5000000.000000000          1600042867924.364         0.4999999999500000         0.4999999999500000         0.9999999999000000E-10
      308854166.6666666         0.1000000000000000E-03      5000000.000000000          1600042867924.364         0.4999999999500000         0.4999999999500000         0.9999999999000000E-10
      309895833.3333333         0.1000000000000000E-03      5000000.000000000          1600042867924.364         0.4999999999500000         0.4999999999500000         0.9999999999000000E-10
      310937500.0000000         0.1000000000000000E-03      5000000.000000000          1600042867924.364         0.4999999999500000         0.4999999999500000         0.9999999999000000E-10
      311979166.6666666         0.1000000000000000E-03      5000000.000000000          1600042867924.364         0.4999999999500000         0.4999999999500000         0.9999999999000000E-10
      313020833.3333333         0.1000000000000000E-03      5000000.000000000          1600042867924.364         0.4999999999500000         0.4999999999500000         0.9999999999000000E-10
      314062500.0000000         0.1000000000000000E-03      5000000.000000000          1600042867924.364         0.4999999999500000         0.4999999999500000         0.9999999999000000E-10
      315104166.6666666         0.1000000000000000E-03      5000000.000000000          1600042867924.364         0.4999999999500000         0.4999999999500000         0.9999999999000000E-10
      316145833.3333333         0.1000000000000000E-03      5000000.000000000          1600042867924.364         0.4999999999500000         0.4999999999500000         0.9999999999000000E-10
      317187500.0000000         0.1000000000000000E-03      5000000.000000000          1600042867924.364         0.4999999999500000         0.4999999999500000         0.9999999999000000E-10
      318229166.6666666         0.1000000000000000E-03      5000000.000000000          1600042867924.364         0.4999999999500000         0.4999999999500000         0.9999999999000000E-10
      319270833.3333333         0.1000000000000000E-03      5000000.000000000          1600042867924.364         0.4999999999500000         0.4999999999500000         0.9999999999000000E-10
      320312500.0000000         0.1000000000000000E-03      5000000.000000000          1600042867924.364         0.4999999999500000         0.4999999999500000         0.9999999999000000E-10
      321354166.6666666         0.1000000000000000E-03      5000000.000000000          1600042867924.364         0.4999999999500000         0.4999999999500000         0.9999999999000000E-10
      322395833.3333333         0.1000000000000000E-03      5000000.000000000          1600042867924.364         0.4999999999500000         0.4999999999500000         0.9999999999000000E-10
      323437500.0000000         0.1000000000000000E-03      5000000.000000000          1600042867924.364         0.4999999999500000         0.4999999999500000         0.9999999999000000E-10
      324479166.6666666         0.1000000000000000E-03      5000000.000000000          1600042867924.364         0.4999999999500000         0.4999999999500000         0.9999999999000000E-10
      325520833.3333333         0.1000000000000000E-03      5000000.000000000          1600042867924.364         0.4999999999500000         0.4999999999500000         0.9999999999000000E-10
      326562500.0000000         0.1000000000000000E-03      5000000.000000000          1600042867924.364         0.4999999999500000         0.4999999999500000         0.9999999999000000E-10
      327604166.6666666         0.1000000000000000E-03      5000000.000000000          1600042867924.364         0.4999999999500000         0.4999999999500000         0.9999999999000000E-10
      328645833.3333333         0.1000000000000000E-03      5000000.000000000          1600042867924.364         0.4999999999500000         0.4999999999500000         0.9999999999000000E-10
      329687500.0000000         0.1000000000000000E-03      5000000.000000000          1600042867924.364         0.4999999999500000         0.4999999999500000         0.9999999999000000E-10
      330729166.6666666         0.1000000000000000E-03      5000000.000000000          1600042867924.364         0.4999999999500000         0.4999999999500000         0.9999999999000000E-10
      331770833.3333333         0.1000000000000000E-03      5000000.000000000          1600042867924.364         0.4999999999500000         0.4999999999500000         0.9999999999000000E-10
      332812500.0000000         0.1000000000000000E-03      5000000.000000000          1600042867924.364         0.4999999999500000         0.4999999999500000         0.9999999999000000E-10
      333854166.6666666         0.1000000000000000E-03      5000000.000000000          1600042867924.364         0.4999999999500000         0.4999999999500000         0.9999999999000000E-10
      334895833.3333333         0.1000000000000000E-03      5000000.000000000          1600042867924.364         0.4999999999500000         0.4999999999500000         0.9999999999000000E-10
      335937500.0000000         0.1000000000000000E-03      5000000.000000000          1600042867924.364         0.4999999999500000         0.4999999999500000         0.9999999999000000E-10
      336979166.6666666         0.1000000000000000E-03      5000000.000000000          1600042867924.364         0.4999999999500000         0.4999999999500000         0.9999999999000000E-10
      338020833.3333333         0.1000000000000000E-03      5000000.000000000          1600042867924.364         0.4999999999500000         0.4999999999500000         0.9999999999000000E-10
      339062500.0000000         0.1000000000000000E-03      5000000.000000000          1600042867924.364         0.4999999999500000         0.4999999999500000         0.9999999999000000E-10
      340104166.6666666         0.1000000000000000E-03      5000000.000000000          1600042867924.364         0.4999999999500000         0.4999999999500000         0.9999999999000000E-10
      341145833.3333333         0.1000000000000000E-03      5000000.000000000          1600042867924.364         0.4999999999500000         0.4999999999500000         0.9999999999000000E-10
      342187500.0000000         0.1000000000000000E-03      5000000.000000000          1600042867924.364         0.4999999999500000         0.4999999999500000         0.9999999999000000E-10
      343229166.6666666         0.1000000000000000E-03      5000000.000000000          1600042867924.364         0.4999999999500000         0.4999999999500000         0.9999999999000000E-10
      344270833.3333333         0.1000000000000000E-03      5000000.000000000          1600042867924.364         0.4999999999500000         0.4999999999500000         0.9999999999000000E-10
      345312500.0000000         0.1000000000000000E-03      5000000.000000000          1600042867924.364         0.4999999999500000         0.4999999999500000         0.9999999999000000E-10
      346354166.6666666         0.1000000000000000E-03      5000000.000000000          1600042867924.364         0.4999999999500000         0.4999999999500000         0.9999999999000000E-10
      347395833.3333333         0.1000000000000000E-03      5000000.000000000          1600042867924.364         0.4999999999500000         0.4999999999500000         0.9999999999000000E-10
      348437500.0000000         0.1000000000000000E-03      5000000.000000000          1600042867924.364         0.4999999999500000         0.4999999999500000         0.9999999999000000E-10
      349479166.6666666         0.1000000000000000E-03      5000000.000000000          1600042867924.364         0.4999999999500000         0.4999999999500000         0.9999999999000000E-10
      350520833.3333333         0.1000000000000000E-03      5000000.000000000          1600042867924.364         0.4999999999500000         0.4999999999500000         0.9999999999000000E-10
      351562500.0000000         0.1000000000000000E-03      5000000.000000000          1600042867924.364         0.4999999999500000         0.4999999999500000         0.9999999999000000E-10
      352604166.6666666         0.1000000000000000E-03      5000000.000000000          1600042867924.364         0.4999999999500000         0.4999999999500000         0.9999999999000000E-10
      353645833.3333333         0.1000000000000000E-03      5000000.000000000          1600042867924.364         0.4999999999500000         0.4999999999500000         0.9999999999000000E-10
      354687500.0000000         0.1000000000000000E-03      5000000.000000000          1600042867924.364         0.4999999999500000         0.4999999999500000         0.9999999999000000E-10
      355729166.6666666         0.1000000000000000E-03      5000000.000000000          1600042867924.364         0.4999999999500000         0.4999999999500000         0.9999999999000000E-10
      356770833.3333333         0.1000000000000000E-03      5000000.000000000          1600042867924.364         0.4999999999500000         0.4999999999500000         0.9999999999000000E-10
      357812500.0000000         0.1000000000000000E-03      5000000.000000000          1600042867924.364         0.4999999999500000         0.4999999999500000         0.9999999999000000E-10
      358854166.6666666         0.1000000000000000E-03      5000000.000000000          1600042867924.364         0.4999999999500000         0.4999999999500000         0.9999999999000000E-10
      359895833.3333333         0.1000000000000000E-03      5000000.000000000          1600042867924.364         0.4999999999500000         0.4999999999500000         0.9999999999000000E-10
      360937500.0000000         0.1000000000000000E-03      5000000.000000000          1600042867924.364         0.4999999999500000         0.4999999999500000         0.9999999999000000E-10
      361979166.6666666         0.1000000000000000E-03      5000000.000000000          1600042867924.364         0.4999999999500000         0.4999999999500000         0.9999999999000000E-10
      363020833.3333333         0.1000000000000000E-03      5000000.000000000          1600042867924.364         0.4999999999500000         0.4999999999500000         0.9999999999000000E-10
      364062500.0000000         0.1000000000000000E-03      5000000.000000000          1600042867924.364         0.4999999999500000         0.4999999999500000         0.9999999999000000E-10
      365104166.6666666         0.1000000000000000E-03      5000000.000000000          1600042867924.364         0.4999999999500000         0.4999999999500000         0.9999999999000000E-10
      366145833.3333333         0.1000000000000000E-03      5000000.000000000          1600042867924.364         0.4999999999500000         0.4999999999500000         0.9999999999000000E-10
      367187500.0000000         0.1000000000000000E-03      5000000.000000000          1600042867924.364         0.4999999999500000         0.4999999999500000         0.9999999999000000E-10
      368229166.6666666         0.1000000000000000E-03      5000000.000000000          1600042867924.364         0.4999999999500000         0.4999999999500000         0.9999999999000000E-10
      369270833.3333333         0.1000000000000000E-03      5000000.000000000          1600042867924.364         0.4999999999500000         0.4999999999500000         0.9999999999000000E-10
      370312500.0000000         0.1000000000000000E-03      5000000.000000000          1600042867924.364         0.4999999999500000         0.4999999999500000         0.9999999999000000E-10
      371354166.6666666         0.1000000000000000E-03      5000000.000000000          1600042867924.364         0.4999999999500000         0.4999999999500000         0.9999999999000000E-10
      372395833.3333333         0.1000000000000000E-03      5000000.000000000          1600042867924.364         0.4999999999500000         0.4999999999500000         0.9999999999000000E-10
      373437500.0000000         0.1000000000000000E-03      5000000.000000000          1600042867924.364         0.4999999999500000         0.4999999999500000         0.9999999999000000E-10
      374479166.6666666         0.1000000000000000E-03      5000000.000000000          1600042867924.364         0.4999999999500000         0.4999999999500000         0.9999999999000000E-10
      375520833.3333333         0.1000000000000000E-03      5000000.000000000          1600042867924.364         0.4999999999500000         0.4999999999500000         0.9999999999000000E-10
      376562500.0000000         0.1000000000000000E-03      5000000.000000000          1600042867924.364         0.4999999999500000         0.4999999999500000         0.9999999999000000E-10
      377604166.6666666         0.1000000000000000E-03      5000000.000000000          1600042867924.364         0.4999999999500000         0.4999999999500000         0.9999999999000000E-10
      378645833.3333333         0.1000000000000000E-03      5000000.000000000          1600042867924.364         0.4999999999500000         0.4999999999500000         0.9999999999000000E-10
      379687500.0000000         0.1000000000000000E-03      5000000.000000000          1600042867924.364         0.4999999999500000         0.4999999999500000         0.9999999999000000E-10
      380729166.6666666         0.1000000000000000E-03      5000000.000000000          1600042867924.364         0.4999999999500000         0.4999999999500000         0.9999999999000000E-10
      381770833.3333333         0.1000000000000000E-03      5000000.000000000          1600042867924.364         0.4999999999500000         0.4999999999500000         0.9999999999000000E-10
      382812500.0000000         0.1000000000000000E-03      5000000.000000000          1600042867924.364         0.4999999999500000         0.4999999999500000         0.9999999999000000E-10
      383854166.6666666         0.1000000000000000E-03      5000000.000000000          1600042867924.364         0.4999999999500000         0.4999999999500000         0.9999999999000000E-10
      384895833.3333333         0.1000000000000000E-03      5000000.000000000          1600042867924.364         0.4999999999500000         0.4999999999500000         0.9999999999000000E-10
      385937500.0000000         0.1000000000000000E-03      5000000.000000000          1600042867924.364         0.4999999999500000         0.4999999999500000         0.9999999999000000E-10
      386979166.6666666         0.1000000000000000E-03      5000000.000000000          1600042867924.364         0.4999999999500000         0.4999999999500000         0.9999999999000000E-10
      388020833.3333333         0.1000000000000000E-03      5000000.000000000          1600042867924.364         0.4999999999500000         0.4999999999500000         0.9999999999000000E-10
      389062500.0000000         0.1000000000000000E-03      5000000.000000000          1600042867924.364         0.4999999999500000         0.4999999999500000         0.9999999999000000E-10
      390104166.6666666         0.1000000000000000E-03      5000000.000000000          1600042867924.364         0.4999999999500000         0.4999999999500000         0.9999999999000000E-10
      391145833.3333333         0.1000000000000000E-03      5000000.000000000          1600042867924.364         0.4999999999500000         0.4999999999500000         0.9999999999000000E-10
      392187500.0000000         0.1000000000000000E-03      5000000.000000000          1600042867924.364         0.4999999999500000         0.4999999999500000         0.9999999999000000E-10
      393229166.6666666         0.1000000000000000E-03      5000000.000000000          1600042867924.364         0.4999999999500000         0.4999999999500000         0.9999999999000000E-10
      394270833.3333333         0.1000000000000000E-03      5000000.000000000          1600042867924.364         0.4999999999500000         0.4999999999500000         0.9999999999000000E-10
      395312500.0000000         0.1000000000000000E-03      5000000.000000000          1600042867924.364         0.4999999999500000         0.4999999999500000         0.9999999999000000E-10
      396354166.6666666         0.1000000000000000E-03      5000000.000000000          1600042867924.364         0.4999999999500000         0.4999999999500000         0.9999999999000000E-10
      397395833.3333333         0.1000000000000000E-03      5000000.000000000          1600042867924.364         0.4999999999500000         0.4999999999500000         0.9999999999000000E-10
      398437500.0000000         0.1000000000000000E-03      5000000.000000000          1600042867924.364         0.4999999999500000         0.4999999999500000         0.9999999999000000E-10
      399479166.6666666         0.1000000000000000E-03      5000000.000000000          1600042867924.364         0.4999999999500000         0.4999999999500000         0.9999999999000000E-10
      400520833.3333333         0.1000000000000000E-03      5000000.000000000          1600042867924.364         0.4999999999500000         0.4999999999500000         0.9999999999000000E-10
      401562500.0000000         0.1000000000000000E-03      5000000.000000000          1600042867924.364         0.4999999999500000         0.4999999999500000         0.9999999999000000E-10
      402604166.6666666         0.1000000000000000E-03      5000000.000000000          1600042867924.364         0.4999999999500000         0.4999999999500000         0.9999999999000000E-10
      403645833.3333333         0.1000000000000000E-03      5000000.000000000          1600042867924.364         0.4999999999500000         0.4999999999500000         0.9999999999000000E-10
      404687500.0000000         0.1000000000000000E-03      5000000.000000000          1600042867924.364         0.4999999999500000         0.4999999999500000         0.9999999999000000E-10
      405729166.6666666         0.1000000000000000E-03      5000000.000000000          1600042867924.364         0.4999999999500000         0.4999999999500000         0.9999999999000000E-10
      406770833.3333333         0.1000000000000000E-03      5000000.000000000          1600042867924.364         0.4999999999500000         0.4999999999500000         0.9999999999000000E-10
      407812500.0000000         0.1000000000000000E-03      5000000.000000000          1600042867924.364         0.4999999999500000         0.4999999999500000         0.9999999999000000E-10
      408854166.6666666         0.1000000000000000E-03      5000000.000000000          1600042867924.364         0.4999999999500000         0.4999999999500000         0.9999999999000000E-10
      409895833.3333333         0.1000000000000000E-03      5000000.000000000          1600042867924.364         0.4999999999500000         0.4999999999500000         0.9999999999000000E-10
      410937500.0000000         0.1000000000000000E-03      5000000.000000000          1600042867924.364         0.4999999999500000         0.4999999999500000         0.9999999999000000E-10
      411979166.6666666         0.1000000000000000E-03      5000000.000000000          1600042867924.364         0.4999999999500000         0.4999999999500000         0.9999999999000000E-10
      413020833.3333333         0.1000000000000000E-03      5000000.000000000          1600042867924.364         0.4999999999500000         0.4999999999500000         0.9999999999000000E-10
      414062500.0000000         0.1000000000000000E-03      5000000.000000000          1600042867924.364         0.4999999999500000         0.4999999999500000         0.9999999999000000E-10
      415104166.6666666         0.1000000000000000E-03      5000000.000000000          1600042867924.364         0.4999999999500000         0.4999999999500000         0.9999999999000000E-10
      416145833.3333333         0.1000000000000000E-03      5000000.000000000          1600042867924.364         0.4999999999500000         0.4999999999500000         0.9999999999000000E-10
      417187500.0000000         0.1000000000000000E-03      5000000.000000000          1600042867924.364         0.4999999999500000         0.4999999999500000         0.9999999999000000E-10
      418229166.6666666         0.1000000000000000E-03      5000000.000000000          1600042867924.364         0.4999999999500000         0.4999999999500000         0.9999999999000000E-10
      419270833.3333333         0.1000000000000000E-03      5000000.000000000          1600042867924.364         0.4999999999500000         0.4999999999500000         0.9999999999000000E-10
      420312500.0000000         0.1000000000000000E-03      5000000.000000000          1600042867924.364         0.4999999999500000         0.4999999999500000         0.9999999999000000E-10
      421354166.6666666         0.1000000000000000E-03      5000000.000000000          1600042867924.364         0.4999999999500000         0.4999999999500000         0.9999999999000000E-10
      422395833.3333333         0.1000000000000000E-03      5000000.000000000          1600042867924.364         0.4999999999500000         0.4999999999500000         0.9999999999000000E-10
      423437500.0000000         0.1000000000000000E-03      5000000.000000000          1600042867924.364         0.4999999999500000         0.4999999999500000         0.9999999999000000E-10
      424479166.6666666         0.1000000000000000E-03      5000000.000000000          1600042867924.364         0.4999999999500000         0.4999999999500000         0.9999999999000000E-10
      425520833.3333333         0.1000000000000000E-03      5000000.000000000          1600042867924.364         0.4999999999500000         0.4999999999500000         0.9999999999000000E-10
      426562500.0000000         0.1000000000000000E-03      5000000.000000000          1600042867924.364         0.4999999999500000         0.4999999999500000         0.9999999999000000E-10
      427604166.6666666         0.1000000000000000E-03      5000000.000000000          1600042867924.364         0.4999999999500000         0.4999999999500000         0.9999999999000000E-10
      428645833.3333333         0.1000000000000000E-03      5000000.000000000          1600042867924.364         0.4999999999500000         0.4999999999500000         0.9999999999000000E-10
      429687500.0000000         0.1000000000000000E-03      5000000.000000000          1600042867924.364         0.4999999999500000         0.4999999999500000         0.9999999999000000E-10
      430729166.6666666         0.1000000000000000E-03      5000000.000000000          1600042867924.364         0.4999999999500000         0.4999999999500000         0.9999999999000000E-10
      431770833.3333333         0.1000000000000000E-03      5000000.000000000          1600042867924.364         0.4999999999500000         0.4999999999500000         0.9999999999000000E-10
      432812500.0000000         0.1000000000000000E-03      5000000.000000000          1600042867924.364         0.4999999999500000         0.4999999999500000         0.9999999999000000E-10
      433854166.6666666         0.1000000000000000E-03      5000000.000000000          1600042867924.364         0.4999999999500000         0.4999999999500000         0.9999999999000000E-10
      434895833.3333333         0.1000000000000000E-03      5000000.000000000          1600042867924.364         0.4999999999500000         0.4999999999500000         0.9999999999000000E-10
      435937500.0000000         0.1000000000000000E-03      5000000.000000000          1600042867924.364         0.4999999999500000         0.4999999999500000         0.9999999999000000E-10
      436979166.6666666         0.1000000000000000E-03      5000000.000000000          1600042867924.364         0.4999999999500000         0.4999999999500000         0.9999999999000000E-10
      438020833.3333333         0.1000000000000000E-03      5000000.000000000          1600042867924.364         0.4999999999500000         0.4999999999500000         0.9999999999000000E-10
      439062500.0000000         0.1000000000000000E-03      5000000.000000000          1600042867924.364         0.4999999999500000         0.4999999999500000         0.9999999999000000E-10
      440104166.6666666         0.1000000000000000E-03      5000000.000000000          1600042867924.364         0.4999999999500000         0.4999999999500000         0.9999999999000000E-10
      441145833.3333333         0.1000000000000000E-03      5000000.000000000          1600042867924.364         0.4999999999500000         0.4999999999500000         0.9999999999000000E-10
      442187500.0000000         0.1000000000000000E-03      5000000.000000000          1600042867924.364         0.4999999999500000         0.4999999999500000         0.9999999999000000E-10
      443229166.6666666         0.1000000000000000E-03      5000000.000000000          1600042867924.364         0.4999999999500000         0.4999999999500000         0.9999999999000000E-10
      444270833.3333333         0.1000000000000000E-03      5000000.000000000          1600042867924.364         0.4999999999500000         0.4999999999500000         0.9999999999000000E-10
      445312500.0000000         0.1000000000000000E-03      5000000.000000000          1600042867924.364         0.4999999999500000         0.4999999999500000         0.9999999999000000E-10
      446354166.6666666         0.1000000000000000E-03      5000000.000000000          1600042867924.364         0.4999999999500000         0.4999999999500000         0.9999999999000000E-10
      447395833.3333333         0.1000000000000000E-03      5000000.000000000          1600042867924.364         0.4999999999500000         0.4999999999500000         0.9999999999000000E-10
      448437500.0000000         0.1000000000000000E-03      5000000.000000000          1600042867924.364         0.4999999999500000         0.4999999999500000         0.9999999999000000E-10
      449479166.6666666         0.1000000000000000E-03      5000000.000000000          1600042867924.364         0.4999999999500000         0.4999999999500000         0.9999999999000000E-10
      450520833.3333333         0.1000000000000000E-03      5000000.000000000          1600042867924.364         0.4999999999500000         0.4999999999500000         0.9999999999000000E-10
      451562500.0000000         0.1000000000000000E-03      5000000.000000000          1600042867924.364         0.4999999999500000         0.4999999999500000         0.9999999999000000E-10
      452604166.6666666         0.1000000000000000E-03      5000000.000000000          1600042867924.364         0.4999999999500000         0.4999999999500000         0.9999999999000000E-10
      453645833.3333333         0.1000000000000000E-03      5000000.000000000          1600042867924.364         0.4999999999500000         0.4999999999500000         0.9999999999000000E-10
      454687500.0000000         0.1000000000000000E-03      5000000.000000000          1600042867924.364         0.4999999999500000         0.4999999999500000         0.9999999999000000E-10
      455729166.6666666         0.1000000000000000E-03      5000000.000000000          1600042867924.364         0.4999999999500000         0.4999999999500000         0.9999999999000000E-10
      456770833.3333333         0.1000000000000000E-03      5000000.000000000          1600042867924.364         0.4999999999500000         0.4999999999500000         0.9999999999000000E-10
      457812500.0000000         0.1000000000000000E-03      5000000.000000000          1600042867924.364         0.4999999999500000         0.4999999999500000         0.9999999999000000E-10
      458854166.6666666         0.1000000000000000E-03      5000000.000000000          1600042867924.364         0.4999999999500000         0.4999999999500000         0.9999999999000000E-10
      459895833.3333333         0.1000000000000000E-03      5000000.000000000          1600042867924.364         0.4999999999500000         0.4999999999500000         0.9999999999000000E-10
      460937500.0000000         0.1000000000000000E-03      5000000.000000000          1600042867924.364         0.4999999999500000         0.4999999999500000         0.9999999999000000E-10
      461979166.6666666         0.1000000000000000E-03      5000000.000000000          1600042867924.364         0.4999999999500000         0.4999999999500000         0.9999999999000000E-10
      463020833.3333333         0.1000000000000000E-03      5000000.000000000          1600042867924.364         0.4999999999500000         0.4999999999500000         0.9999999999000000E-10
      464062500.0000000         0.1000000000000000E-03      5000000.000000000          1600042867924.364         0.4999999999500000         0.4999999999500000         0.9999999999000000E-10
      465104166.6666666         0.1000000000000000E-03      5000000.000000000          1600042867924.364         0.4999999999500000         0.4999999999500000         0.9999999999000000E-10
      466145833.3333333         0.1000000000000000E-03      5000000.000000000          1600042867924.364         0.4999999999500000         0.4999999999500000         0.9999999999000000E-10
      467187500.0000000         0.1000000000000000E-03      5000000.000000000          1600042867924.364         0.4999999999500000         0.4999999999500000         0.9999999999000000E-10
      468229166.6666666         0.1000000000000000E-03      5000000.000000000          1600042867924.364         0.4999999999500000         0.4999999999500000         0.9999999999000000E-10
      469270833.3333333         0.1000000000000000E-03      5000000.000000000          1600042867924.364         0.4999999999500000         0.4999999999500000         0.9999999999000000E-10
      470312500.0000000         0.1000000000000000E-03      5000000.000000000          1600042867924.364         0.4999999999500000         0.4999999999500000         0.9999999999000000E-10
      471354166.6666666         0.1000000000000000E-03      5000000.000000000          1600042867924.364         0.4999999999500000         0.4999999999500000         0.9999999999000000E-10
      472395833.3333333         0.1000000000000000E-03      5000000.000000000          1600042867924.364         0.4999999999500000         0.4999999999500000         0.9999999999000000E-10
      473437500.0000000         0.1000000000000000E-03      5000000.000000000          1600042867924.364         0.4999999999500000         0.4999999999500000         0.9999999999000000E-10
      474479166.6666666         0.1000000000000000E-03      5000000.000000000          1600042867924.364         0.4999999999500000         0.4999999999500000         0.9999999999000000E-10
      475520833.3333333         0.1000000000000000E-03      5000000.000000000          1600042867924.364         0.4999999999500000         0.4999999999500000         0.9999999999000000E-10
      476562500.0000000         0.1000000000000000E-03      5000000.000000000          1600042867924.364         0.4999999999500000         0.4999999999500000         0.9999999999000000E-10
      477604166.6666666         0.1000000000000000E-03      5000000.000000000          1600042867924.364         0.4999999999500000         0.4999999999500000         0.9999999999000000E-10
      478645833.3333333         0.1000000000000000E-03      5000000.000000000          1600042867924.364         0.4999999999500000         0.4999999999500000         0.9999999999000000E-10
      479687500.0000000         0.1000000000000000E-03      5000000.000000000          1600042867924.364         0.4999999999500000         0.4999999999500000         0.9999999999000000E-10
      480729166.6666666         0.1000000000000000E-03      5000000.000000000          1600042867924.364         0.4999999999500000         0.4999999999500000         0.9999999999000000E-10
      481770833.3333333         0.1000000000000000E-03      5000000.000000000          1600042867924.364         0.4999999999500000         0.4999999999500000         0.9999999999000000E-10
      482812500.0000000         0.1000000000000000E-03      5000000.000000000          1600042867924.364         0.4999999999500000         0.4999999999500000         0.9999999999000000E-10
      483854166.6666666         0.1000000000000000E-03      5000000.000000000          1600042867924.364         0.4999999999500000         0.4999999999500000         0.9999999999000000E-10
      484895833.3333333         0.1000000000000000E-03      5000000.000000000          1600042867924.364         0.4999999999500000         0.4999999999500000         0.9999999999000000E-10
      485937500.0000000         0.1000000000000000E-03      5000000.000000000          1600042867924.364         0.4999999999500000         0.4999999999500000         0.9999999999000000E-10
      486979166.6666666         0.1000000000000000E-03      5000000.000000000          1600042867924.364         0.4999999999500000         0.4999999999500000         0.9999999999000000E-10
      488020833.3333333         0.1000000000000000E-03      5000000.000000000          1600042867924.364         0.4999999999500000         0.4999999999500000         0.9999999999000000E-10
      489062500.0000000         0.1000000000000000E-03      5000000.000000000          1600042867924.364         0.4999999999500000         0.4999999999500000         0.9999999999000000E-10
      490104166.6666666         0.1000000000000000E-03      5000000.000000000          1600042867924.364         0.4999999999500000         0.4999999999500000         0.9999999999000000E-10
      491145833.3333333         0.1000000000000000E-03      5000000.000000000          1600042867924.364         0.4999999999500000         0.4999999999500000         0.9999999999000000E-10
      492187500.0000000         0.1000000000000000E-03      5000000.000000000          1600042867924.364         0.4999999999500000         0.4999999999500000         0.9999999999000000E-10
      493229166.6666666         0.1000000000000000E-03      5000000.000000000          1600042867924.364         0.4999999999500000         0.4999999999500000         0.9999999999000000E-10
      494270833.3333333         0.1000000000000000E-03      5000000.000000000          1600042867924.364         0.4999999999500000         0.4999999999500000         0.9999999999000000E-10
      495312500.0000000         0.1000000000000000E-03      5000000.000000000          1600042867924.364         0.4999999999500000         0.4999999999500000         0.9999999999000000E-10
      496354166.6666666         0.1000000000000000E-03      5000000.000000000          1600042867924.364         0.4999999999500000         0.4999999999500000         0.9999999999000000E-10
      497395833.3333333         0.1000000000000000E-03      5000000.000000000          1600042867924.364         0.4999999999500000         0.4999999999500000         0.9999999999000000E-10
      498437500.0000000         0.1000000000000000E-03      5000000.000000000          1600042867924.364         0.4999999999500000         0.4999999999500000         0.9999999999000000E-10
      499479166.6666666         0.1000000000000000E-03      5000000.000000000          1600042867924.364         0.4999999999500000         0.4999999999500000         0.9999999999000000E-10
