# npts =   320
# num of variables =     6
# density
# temperature
# pressure
# carbon-12       
# oxygen-16       
# ash             
      781250.0000000000          2607334714.403531          654025818.0296028         0.1742170062429862E+28     0.4964104196547086         0.4976104448432372         0.5979135502054188E-02
      2343750.000000000          2602156051.992073          653355390.0008104         0.1737534577777931E+28     0.4964104196547086         0.4976104448432372         0.5979135502054188E-02
      3906250.000000000          2591837053.571259          652017187.5000000         0.1728307252823021E+28     0.4964108329697249         0.4976108591574035         0.5978307872871619E-02
      5468750.000000000          2576455067.545057          650017533.8644710         0.1714575587607927E+28     0.4964114174626016         0.4976114450632365         0.5977137474161905E-02
      7031250.000000000          2556124493.791765          647365269.7790489         0.1696468681884600E+28     0.4964124736977695         0.4976125038517528         0.5975022450477778E-02
      8593750.000000000          2530995283.231380          644072147.5703086         0.1674154936142603E+28     0.4964142915884593         0.4976143261370212         0.5971382274519463E-02
      10156250.00000000          2501250549.245986          640153485.1621552         0.1647839022753262E+28     0.4964161689209970         0.4976162080078326         0.5967623071170438E-02
      11718750.00000000          2467102321.926886          635625843.6801386         0.1617758270140305E+28     0.4964188255315574         0.4976188710404975         0.5962303427945014E-02
      13281250.00000000          2428792128.976459          630509664.5259835         0.1584178556789946E+28     0.4964215325660327         0.4976215846189724         0.5956882814994875E-02
      14843750.00000000          2386585841.955074          624827009.9053414         0.1547389802738974E+28     0.4964243844945557         0.4976244434417625         0.5951172063681742E-02
      16406250.00000000          2340769408.114753          618601681.4107881         0.1507701216162200E+28     0.4964278040062766         0.4976278712198292         0.5944324773894225E-02
      17968750.00000000          2291644830.791942          611860017.2624099         0.1465436416014304E+28     0.4964311999176115         0.4976312753404582         0.5937524741930247E-02
      19531250.00000000          2239525899.353897          604639355.7132438         0.1420928550764591E+28     0.4964126024060534         0.4976578423522414         0.5929555241705189E-02
      21093750.00000000          2184734901.094823          596960117.1169935         0.1374515519726037E+28     0.4963893125095014         0.4976892845205053         0.5921402969993411E-02
      22656250.00000000          2127599258.347066          588837522.9288814         0.1326535384829754E+28     0.4963931138801868         0.4976930958464322         0.5913790273380996E-02
      24218750.00000000          2068448687.596511          580314718.1684712         0.1277322053034792E+28     0.4963968785323286         0.4976968703576549         0.5906251110016458E-02
      25781250.00000000          2007613208.873156          571422915.8292298         0.1227201283805815E+28     0.4964010483899337         0.4977010511355157         0.5897900474550597E-02
      27343750.00000000          1945416162.615599          562194599.4527469         0.1176487127799341E+28     0.4964045646195918         0.4977045765736720         0.5890858806736184E-02
      28906250.00000000          1882172607.850328          552660695.6931810         0.1125478866005839E+28     0.4964086673769786         0.4977086900755887         0.5882642547432734E-02
      30468750.00000000          1818189789.261461          542832964.5537069         0.1074458381756062E+28     0.4964624989449340         0.4976624083079429         0.5875092747123110E-02
      32031250.00000000          1753756235.301054          532784930.3936993         0.1023688095010293E+28     0.4964661934241640         0.4976661117164279         0.5867694859408037E-02
      33593750.00000000          1689144559.218629          522525428.5365402         0.9734094781630411E+27     0.4964700004835946         0.4976699279772105         0.5860071539195056E-02
      35156250.00000000          1624613639.790291          512084693.1265653         0.9238419378585030E+27     0.4964738857556967         0.4976738226396984         0.5852291604604946E-02
      36718750.00000000          1560408931.630541          501493203.9269266         0.8751820534120346E+27     0.4964773343650186         0.4976772795840277         0.5845386050953725E-02
      38281250.00000000          1496753023.070362          490779088.0875854         0.8276033192235071E+27     0.4964809974636167         0.4976809515360363         0.5838051000346888E-02
      39843750.00000000          1433854219.255143          479970726.2009101         0.7812562726607283E+27     0.4964848989747511         0.4976848624768048         0.5830238548443986E-02
      41406250.00000000          1371893660.003698          469094515.4929649         0.7362689965179360E+27     0.4964883364993536         0.4976883083096240         0.5823355191022443E-02
      42968750.00000000          1311032520.695627          458174645.3076046         0.6927480218968451E+27     0.4964919223151220         0.4976919027920165         0.5816174892861500E-02
      44531250.00000000          1251419207.361353          447235425.1934403         0.6507792408151100E+27     0.4964958606496492         0.4976958506451771         0.5808288705173768E-02
      46093750.00000000          1193181576.480325          436299987.3319863         0.6104290043708462E+27     0.4964996365356679         0.4976996356572043         0.5800727807127921E-02
      47656250.00000000          1136432531.694963          425390409.7301428         0.5717454220556303E+27     0.4965033176266080         0.4977033256450409         0.5793356728351153E-02
      49218750.00000000          1081260036.135451          414526029.8297505         0.5347598525863513E+27     0.4965068802171448         0.4977068968460684         0.5786222936786733E-02
      50781250.00000000          1027735401.599814          403724450.4321043         0.4994885338120022E+27     0.4965106988056419         0.4977107246637824         0.5778576530575712E-02
      52343750.00000000          975921120.3489729          393003605.8368501         0.4659340001774275E+27     0.4965144532254119         0.4977144881576787         0.5771058616909427E-02
      53906250.00000000          925863450.2958332          382379598.2444957         0.4340865079147633E+27     0.4965181342926199         0.4977181781217260         0.5763687585654030E-02
      55468750.00000000          877595359.7750121          371867201.8312070         0.4039255480727613E+27     0.4965218776228414         0.4977219304992712         0.5756191877887476E-02
      57031250.00000000          831130978.2742472          361478423.7807838         0.3754213913335698E+27     0.4965257992693786         0.4977258616241082         0.5748339106513181E-02
      58593750.00000000          786479136.0786958          351225329.3613416         0.3485364803289156E+27     0.4965297933202549         0.4977298653282797         0.5740341351465305E-02
      60156250.00000000          743639222.6456478          341118943.1897138         0.3232266110319043E+27     0.4965337616062314         0.4977338432052796         0.5732395188489010E-02
      61718750.00000000          702602510.5537745          331169337.3321020         0.2994421096080141E+27     0.4965377281215023         0.4977378193072944         0.5724452571203349E-02
      63281250.00000000          663345470.9049773          321374621.5107816         0.2771290373374254E+27     0.4965763938349300         0.4977082876828727         0.5715318482197329E-02
      64843750.00000000          625841880.1115934          311756452.3121548         0.2562302491584265E+27     0.4965964557148852         0.4976964478640724         0.5707096421042348E-02
      66406250.00000000          590061119.8140754          302320232.5491661         0.2366862077750956E+27     0.4966007126903053         0.4977007142689588         0.5698573040735867E-02
      67968750.00000000          555967782.9119794          293067552.1641119         0.2184357643712329E+27     0.4966052904665182         0.4977053021852318         0.5689407348249950E-02
      69531250.00000000          523516336.9854073          284002014.5696017         0.2014169635760371E+27     0.4966095120027244         0.4977095330724042         0.5680954924871524E-02
      71093750.00000000          492661793.3048614          275138037.8243237         0.1855677012878456E+27     0.4965645390284288         0.4977644533394118         0.5671007632159400E-02
      72656250.00000000          463357515.3446741          266456185.2201223         0.1708261812188791E+27     0.4965692970316915         0.4977692228400645         0.5661480128244121E-02
      74218750.00000000          435553955.6432219          257970301.6968016         0.1571313677737547E+27     0.4965740874138980         0.4977740247979026         0.5651887788199487E-02
      75781250.00000000          409195803.0202304          249680646.3416478         0.1444234465794497E+27     0.4965790596642045         0.4977790090633126         0.5641931272483003E-02
      77343750.00000000          384231042.2623881          241588214.9695704         0.1326441400786098E+27     0.4965842633740125         0.4977842253475301         0.5631511278457458E-02
      78906250.00000000          360607185.1604660          233693685.1369374         0.1217368943686226E+27     0.4965894095777740         0.4977893839867417         0.5621206435484458E-02
      80468750.00000000          338269245.5650035          225996370.5462128         0.1116471119372385E+27     0.4965946313012156         0.4977946183281215         0.5610750370662851E-02
      82031250.00000000          317161501.1462698          218494661.7587482         0.1023223497168357E+27     0.4966003432749873         0.4978003441044879         0.5599312620524850E-02
      83593750.00000000          297231619.4993520          211187986.9125465         0.9371239776487053E+26     0.4966055739837300         0.4978055874528812         0.5588838563388842E-02
      85156250.00000000          278427694.1889161          204074798.8748575         0.8576931230324759E+26     0.4966112953398507         0.4978113226342684         0.5577382025880924E-02
      86718750.00000000          260695598.0170336          197152356.4905155         0.7844750248769111E+26     0.4966173698263503         0.4978174117993500         0.5565218374299828E-02
      88281250.00000000          243984625.0612072          190415590.1462594         0.7170375301750106E+26     0.4966416163590301         0.4978050395954332         0.5553344045536833E-02
      89843750.00000000          228246098.5251226          183863356.9316482         0.6549716954474637E+26     0.4966791803160485         0.4977791342084336         0.5541685475517954E-02
      91406250.00000000          213431335.2259965          177499717.3515410         0.5978915558330511E+26     0.4966848095543592         0.4977847759133482         0.5530414532292569E-02
      92968750.00000000          199492293.7357774          171315969.9064488         0.5454339394359551E+26     0.4966903910238941         0.4977903697436974         0.5519239232408632E-02
      94531250.00000000          186384529.2616206          165309254.7963878         0.4972577026104885E+26     0.4966959303984055         0.4977959213857989         0.5508148215795668E-02
      96093750.00000000          174065009.6205352          159476695.6541357         0.4530427890525048E+26     0.4967007460408322         0.4978007476930266         0.5498506266141324E-02
      97656250.00000000          162490276.5439654          153814098.7381807         0.4124897289964380E+26     0.4967049518379292         0.4978049628043511         0.5490085357719714E-02
      99218750.00000000          151620429.0879093          148318101.9684956         0.3753188172939041E+26     0.4967083326560172         0.4978083511096544         0.5483316234328443E-02
      100781250.0000000          141417475.2058529          142985435.7703093         0.3412689754110112E+26     0.4967106462786814         0.4978106698561056         0.5478683865213043E-02
      102343750.0000000          131835630.7073615          137499668.4394338         0.3100979076177926E+26     0.4984084026606845         0.4989646766877243         0.2626920651591157E-02
      103906250.0000000          122849619.5164057          132212675.0225122         0.2815800897800881E+26     0.4999999999500000         0.4999999999500000         0.9999999999000000E-10
      105468750.0000000          114431912.1037981          127367227.6563541         0.2555041916035430E+26     0.4999999999500000         0.4999999999500000         0.9999999999000000E-10
      107031250.0000000          106537687.7583632          124271022.7272727         0.2316747510056695E+26     0.4999999999500000         0.4999999999500000         0.9999999999000000E-10
      108593750.0000000          99135790.26060560          123286979.1666667         0.2099119826912770E+26     0.4999999999500000         0.4999999999500000         0.9999999999000000E-10
      110156250.0000000          92204171.05640274          122375520.8333333         0.1900487601180498E+26     0.4999999999500000         0.4999999999500000         0.9999999999000000E-10
      111718750.0000000          85715505.18358912          121464062.5000000         0.1719297290967241E+26     0.4999999999500000         0.4999999999500000         0.9999999999000000E-10
      113281250.0000000          79643088.40840347          120452604.1666667         0.1554113133716838E+26     0.4999999999500000         0.4999999999500000         0.9999999999000000E-10
      114843750.0000000          73961842.74353805          119561057.6923077         0.1403609940548582E+26     0.4999999999500000         0.4999999999500000         0.9999999999000000E-10
      116406250.0000000          68648791.62159638          118665384.6153846         0.1266564657174245E+26     0.4999999999500000         0.4999999999500000         0.9999999999000000E-10
      117968750.0000000          63681089.63433457          117778365.3846154         0.1141849678443048E+26     0.4999999999500000         0.4999999999500000         0.9999999999000000E-10
      119531250.0000000          59037998.90910076          116896428.5714286         0.1028426405188262E+26     0.4999999999500000         0.4999999999500000         0.9999999999000000E-10
      121093750.0000000          54699817.62739267          116056666.6666667         0.9253382121130110E+25     0.4999999999500000         0.4999999999500000         0.9999999999000000E-10
      122656250.0000000          50647651.08232048          115126250.0000000         0.8317049077907661E+25     0.4999999999500000         0.4999999999500000         0.9999999999000000E-10
      124218750.0000000          46863616.30074090          114340625.0000000         0.7467174424991694E+25     0.4999999999500000         0.4999999999500000         0.9999999999000000E-10
      125781250.0000000          43331597.83519403          113528869.0476190         0.6696320210044452E+25     0.4999999999500000         0.4999999999500000         0.9999999999000000E-10
      127343750.0000000          40035531.80624968          112728125.0000000         0.5997653213748299E+25     0.4999999999500000         0.4999999999500000         0.9999999999000000E-10
      128906250.0000000          36960852.45686401          111946875.0000000         0.5364901706874571E+25     0.4999999999500000         0.4999999999500000         0.9999999999000000E-10
      130468750.0000000          34093918.22765968          111113169.6428571         0.4792307158913007E+25     0.4999999999500000         0.4999999999500000         0.9999999999000000E-10
      132031250.0000000          31421366.82493960          110268958.3333333         0.4274588289669836E+25     0.4999999999500000         0.4999999999500000         0.9999999999000000E-10
      133593750.0000000          28931146.93927381          109383541.6666667         0.3806903872478672E+25     0.4999999999500000         0.4999999999500000         0.9999999999000000E-10
      135156250.0000000          26611714.71676364          108500919.1176471         0.3384815744989838E+25     0.4999999999500000         0.4999999999500000         0.9999999999000000E-10
      136718750.0000000          24452093.19604731          107627757.3529412         0.3004259485092942E+25     0.4999999999500000         0.4999999999500000         0.9999999999000000E-10
      138281250.0000000          22442313.40727061          106751250.0000000         0.2661512938472703E+25     0.4999999999500000         0.4999999999500000         0.9999999999000000E-10
      139843750.0000000          20572825.02339720          105813750.0000000         0.2353167612539524E+25     0.4999999999500000         0.4999999999500000         0.9999999999000000E-10
      141406250.0000000          18834588.96662762          104876250.0000000         0.2076105233388868E+25     0.4999999999500000         0.4999999999500000         0.9999999999000000E-10
      142968750.0000000          17219391.01824937          103871484.3750000         0.1827472769448313E+25     0.4999999999500000         0.4999999999500000         0.9999999999000000E-10
      144531250.0000000          15719222.61365989          102797265.6250000         0.1604661005794296E+25     0.4999999999500000         0.4999999999500000         0.9999999999000000E-10
      146093750.0000000          14326712.85216796          101723046.8750000         0.1405285611550624E+25     0.4999999999500000         0.4999999999500000         0.9999999999000000E-10
      147656250.0000000          13035005.82412016          100571772.5409836         0.1227167260767838E+25     0.4999999999500000         0.4999999999500000         0.9999999999000000E-10
      149218750.0000000          11837591.18516310          99314088.11475410         0.1068314841389134E+25     0.4999999999500000         0.4999999999500000         0.9999999999000000E-10
      150781250.0000000          10728371.84729106          98056403.68852459         0.9269102986021530E+24     0.4999999999500000         0.4999999999500000         0.9999999999000000E-10
      152343750.0000000          9701583.530384297          96798719.26229508         0.8012944484236183E+24     0.4999999999500000         0.4999999999500000         0.9999999999000000E-10
      153906250.0000000          8752106.138914498          95342137.09677419         0.6899522456530664E+24     0.4999999999500000         0.4999999999500000         0.9999999999000000E-10
      155468750.0000000          7874866.232295630          93698991.93548387         0.5915006801108505E+24     0.4999999999500000         0.4999999999500000         0.9999999999000000E-10
      157031250.0000000          7065087.988860209          92055846.77419356         0.5046794295235860E+24     0.4999999999500000         0.4999999999500000         0.9999999999000000E-10
      158593750.0000000          6318398.071529374          90412701.61290322         0.4283399980101586E+24     0.4999999999500000         0.4999999999500000         0.9999999999000000E-10
      160156250.0000000          5630726.444259305          88769556.45161290         0.3614355020677662E+24     0.4999999999500000         0.4999999999500000         0.9999999999000000E-10
      161718750.0000000          4998256.441527397          87126411.29032259         0.3030119265174614E+24     0.4999999999500000         0.4999999999500000         0.9999999999000000E-10
      163281250.0000000          4416988.925295719          86410000.00000000         0.2522025448703732E+24     0.4999999999500000         0.4999999999500000         0.9999999999000000E-10
      164843750.0000000          3883812.021632665          86410000.00000000         0.2082192625189610E+24     0.4999999999500000         0.4999999999500000         0.9999999999000000E-10
      166406250.0000000          3396026.816996214          86410000.00000000         0.1703414256095511E+24     0.4999999999500000         0.4999999999500000         0.9999999999000000E-10
      167968750.0000000          2950708.308763253          86410000.00000000         0.1379111369599109E+24     0.4999999999500000         0.4999999999500000         0.9999999999000000E-10
      169531250.0000000          2545165.644760362          86410000.00000000         0.1103297346861903E+24     0.4999999999500000         0.4999999999500000         0.9999999999000000E-10
      171093750.0000000          2176875.078639688          86410000.00000000         0.8705250156519504E+23     0.4999999999500000         0.4999999999500000         0.9999999999000000E-10
      172656250.0000000          1843503.217210027          86410000.00000000         0.6758392097234023E+23     0.4999999999500000         0.4999999999500000         0.9999999999000000E-10
      174218750.0000000          1542903.658922798          86410000.00000000         0.5147313598918957E+23     0.4999999999500000         0.4999999999500000         0.9999999999000000E-10
      175781250.0000000          1273095.230135252          86410000.00000000         0.3830981609018538E+23     0.4999999999500000         0.4999999999500000         0.9999999999000000E-10
      177343750.0000000          1032273.292176407          86410000.00000000         0.2772033597568084E+23     0.4999999999500000         0.4999999999500000         0.9999999999000000E-10
      178906250.0000000          818812.9628410724          86410000.00000000         0.1936413417576603E+23     0.4999999999500000         0.4999999999500000         0.9999999999000000E-10
      180468750.0000000          631280.6851370977          86410000.00000000         0.1293024332737181E+23     0.4999999999500000         0.4999999999500000         0.9999999999000000E-10
      182031250.0000000          468459.4771664509          86410000.00000000         0.8133889239407348E+22     0.4999999999500000         0.4999999999500000         0.9999999999000000E-10
      183593750.0000000          329401.6087077110          86410000.00000000         0.4712985452289912E+22     0.4999999999500000         0.4999999999500000         0.9999999999000000E-10
      185156250.0000000          213535.9685604917          86410000.00000000         0.2424197086025019E+22     0.4999999999500000         0.4999999999500000         0.9999999999000000E-10
      186718750.0000000          120942.3953505208          86410000.00000000         0.1037707626208883E+22     0.4999999999500000         0.4999999999500000         0.9999999999000000E-10
      188281250.0000000          53047.62059341755          86410000.00000000         0.3284281669589842E+21     0.4999999999500000         0.4999999999500000         0.9999999999000000E-10
      189843750.0000000          13414.97112583547          86410000.00000000         0.6194614594268735E+20     0.4999999999500000         0.4999999999500000         0.9999999999000000E-10
      191406250.0000000          1102.633941792612          86410000.00000000         0.4687879141536948E+19     0.4999999999500000         0.4999999999500000         0.9999999999000000E-10
      192968750.0000000          33.65202463604310          86410000.00000000         0.2788758114419604E+18     0.4999999999500000         0.4999999999500000         0.9999999999000000E-10
      194531250.0000000          1.234663369849630          86410000.00000000         0.1456834307478104E+18     0.4999999999500000         0.4999999999500000         0.9999999999000000E-10
      196093750.0000000         0.5604981004585430E-01      86410000.00000000         0.1408342013479251E+18     0.4999999999500000         0.4999999999500000         0.9999999999000000E-10
      197656250.0000000         0.2999422642943253E-02      86410000.00000000         0.1406158599034644E+18     0.4999999999500000         0.4999999999500000         0.9999999999000000E-10
      199218750.0000000         0.1842676216382124E-03      86410000.00000000         0.1406042724933505E+18     0.4999999999500000         0.4999999999500000         0.9999999999000000E-10
      200781250.0000000         0.1000000000000000E-03      5000000.000000000          1600042867924.364         0.4999999999500000         0.4999999999500000         0.9999999999000000E-10
      202343750.0000000         0.1000000000000000E-03      5000000.000000000          1600042867924.364         0.4999999999500000         0.4999999999500000         0.9999999999000000E-10
      203906250.0000000         0.1000000000000000E-03      5000000.000000000          1600042867924.364         0.4999999999500000         0.4999999999500000         0.9999999999000000E-10
      205468750.0000000         0.1000000000000000E-03      5000000.000000000          1600042867924.364         0.4999999999500000         0.4999999999500000         0.9999999999000000E-10
      207031250.0000000         0.1000000000000000E-03      5000000.000000000          1600042867924.364         0.4999999999500000         0.4999999999500000         0.9999999999000000E-10
      208593750.0000000         0.1000000000000000E-03      5000000.000000000          1600042867924.364         0.4999999999500000         0.4999999999500000         0.9999999999000000E-10
      210156250.0000000         0.1000000000000000E-03      5000000.000000000          1600042867924.364         0.4999999999500000         0.4999999999500000         0.9999999999000000E-10
      211718750.0000000         0.1000000000000000E-03      5000000.000000000          1600042867924.364         0.4999999999500000         0.4999999999500000         0.9999999999000000E-10
      213281250.0000000         0.1000000000000000E-03      5000000.000000000          1600042867924.364         0.4999999999500000         0.4999999999500000         0.9999999999000000E-10
      214843750.0000000         0.1000000000000000E-03      5000000.000000000          1600042867924.364         0.4999999999500000         0.4999999999500000         0.9999999999000000E-10
      216406250.0000000         0.1000000000000000E-03      5000000.000000000          1600042867924.364         0.4999999999500000         0.4999999999500000         0.9999999999000000E-10
      217968750.0000000         0.1000000000000000E-03      5000000.000000000          1600042867924.364         0.4999999999500000         0.4999999999500000         0.9999999999000000E-10
      219531250.0000000         0.1000000000000000E-03      5000000.000000000          1600042867924.364         0.4999999999500000         0.4999999999500000         0.9999999999000000E-10
      221093750.0000000         0.1000000000000000E-03      5000000.000000000          1600042867924.364         0.4999999999500000         0.4999999999500000         0.9999999999000000E-10
      222656250.0000000         0.1000000000000000E-03      5000000.000000000          1600042867924.364         0.4999999999500000         0.4999999999500000         0.9999999999000000E-10
      224218750.0000000         0.1000000000000000E-03      5000000.000000000          1600042867924.364         0.4999999999500000         0.4999999999500000         0.9999999999000000E-10
      225781250.0000000         0.1000000000000000E-03      5000000.000000000          1600042867924.364         0.4999999999500000         0.4999999999500000         0.9999999999000000E-10
      227343750.0000000         0.1000000000000000E-03      5000000.000000000          1600042867924.364         0.4999999999500000         0.4999999999500000         0.9999999999000000E-10
      228906250.0000000         0.1000000000000000E-03      5000000.000000000          1600042867924.364         0.4999999999500000         0.4999999999500000         0.9999999999000000E-10
      230468750.0000000         0.1000000000000000E-03      5000000.000000000          1600042867924.364         0.4999999999500000         0.4999999999500000         0.9999999999000000E-10
      232031250.0000000         0.1000000000000000E-03      5000000.000000000          1600042867924.364         0.4999999999500000         0.4999999999500000         0.9999999999000000E-10
      233593750.0000000         0.1000000000000000E-03      5000000.000000000          1600042867924.364         0.4999999999500000         0.4999999999500000         0.9999999999000000E-10
      235156250.0000000         0.1000000000000000E-03      5000000.000000000          1600042867924.364         0.4999999999500000         0.4999999999500000         0.9999999999000000E-10
      236718750.0000000         0.1000000000000000E-03      5000000.000000000          1600042867924.364         0.4999999999500000         0.4999999999500000         0.9999999999000000E-10
      238281250.0000000         0.1000000000000000E-03      5000000.000000000          1600042867924.364         0.4999999999500000         0.4999999999500000         0.9999999999000000E-10
      239843750.0000000         0.1000000000000000E-03      5000000.000000000          1600042867924.364         0.4999999999500000         0.4999999999500000         0.9999999999000000E-10
      241406250.0000000         0.1000000000000000E-03      5000000.000000000          1600042867924.364         0.4999999999500000         0.4999999999500000         0.9999999999000000E-10
      242968750.0000000         0.1000000000000000E-03      5000000.000000000          1600042867924.364         0.4999999999500000         0.4999999999500000         0.9999999999000000E-10
      244531250.0000000         0.1000000000000000E-03      5000000.000000000          1600042867924.364         0.4999999999500000         0.4999999999500000         0.9999999999000000E-10
      246093750.0000000         0.1000000000000000E-03      5000000.000000000          1600042867924.364         0.4999999999500000         0.4999999999500000         0.9999999999000000E-10
      247656250.0000000         0.1000000000000000E-03      5000000.000000000          1600042867924.364         0.4999999999500000         0.4999999999500000         0.9999999999000000E-10
      249218750.0000000         0.1000000000000000E-03      5000000.000000000          1600042867924.364         0.4999999999500000         0.4999999999500000         0.9999999999000000E-10
      250781250.0000000         0.1000000000000000E-03      5000000.000000000          1600042867924.364         0.4999999999500000         0.4999999999500000         0.9999999999000000E-10
      252343750.0000000         0.1000000000000000E-03      5000000.000000000          1600042867924.364         0.4999999999500000         0.4999999999500000         0.9999999999000000E-10
      253906250.0000000         0.1000000000000000E-03      5000000.000000000          1600042867924.364         0.4999999999500000         0.4999999999500000         0.9999999999000000E-10
      255468750.0000000         0.1000000000000000E-03      5000000.000000000          1600042867924.364         0.4999999999500000         0.4999999999500000         0.9999999999000000E-10
      257031250.0000000         0.1000000000000000E-03      5000000.000000000          1600042867924.364         0.4999999999500000         0.4999999999500000         0.9999999999000000E-10
      258593750.0000000         0.1000000000000000E-03      5000000.000000000          1600042867924.364         0.4999999999500000         0.4999999999500000         0.9999999999000000E-10
      260156250.0000000         0.1000000000000000E-03      5000000.000000000          1600042867924.364         0.4999999999500000         0.4999999999500000         0.9999999999000000E-10
      261718750.0000000         0.1000000000000000E-03      5000000.000000000          1600042867924.364         0.4999999999500000         0.4999999999500000         0.9999999999000000E-10
      263281250.0000000         0.1000000000000000E-03      5000000.000000000          1600042867924.364         0.4999999999500000         0.4999999999500000         0.9999999999000000E-10
      264843750.0000000         0.1000000000000000E-03      5000000.000000000          1600042867924.364         0.4999999999500000         0.4999999999500000         0.9999999999000000E-10
      266406250.0000000         0.1000000000000000E-03      5000000.000000000          1600042867924.364         0.4999999999500000         0.4999999999500000         0.9999999999000000E-10
      267968750.0000000         0.1000000000000000E-03      5000000.000000000          1600042867924.364         0.4999999999500000         0.4999999999500000         0.9999999999000000E-10
      269531250.0000000         0.1000000000000000E-03      5000000.000000000          1600042867924.364         0.4999999999500000         0.4999999999500000         0.9999999999000000E-10
      271093750.0000000         0.1000000000000000E-03      5000000.000000000          1600042867924.364         0.4999999999500000         0.4999999999500000         0.9999999999000000E-10
      272656250.0000000         0.1000000000000000E-03      5000000.000000000          1600042867924.364         0.4999999999500000         0.4999999999500000         0.9999999999000000E-10
      274218750.0000000         0.1000000000000000E-03      5000000.000000000          1600042867924.364         0.4999999999500000         0.4999999999500000         0.9999999999000000E-10
      275781250.0000000         0.1000000000000000E-03      5000000.000000000          1600042867924.364         0.4999999999500000         0.4999999999500000         0.9999999999000000E-10
      277343750.0000000         0.1000000000000000E-03      5000000.000000000          1600042867924.364         0.4999999999500000         0.4999999999500000         0.9999999999000000E-10
      278906250.0000000         0.1000000000000000E-03      5000000.000000000          1600042867924.364         0.4999999999500000         0.4999999999500000         0.9999999999000000E-10
      280468750.0000000         0.1000000000000000E-03      5000000.000000000          1600042867924.364         0.4999999999500000         0.4999999999500000         0.9999999999000000E-10
      282031250.0000000         0.1000000000000000E-03      5000000.000000000          1600042867924.364         0.4999999999500000         0.4999999999500000         0.9999999999000000E-10
      283593750.0000000         0.1000000000000000E-03      5000000.000000000          1600042867924.364         0.4999999999500000         0.4999999999500000         0.9999999999000000E-10
      285156250.0000000         0.1000000000000000E-03      5000000.000000000          1600042867924.364         0.4999999999500000         0.4999999999500000         0.9999999999000000E-10
      286718750.0000000         0.1000000000000000E-03      5000000.000000000          1600042867924.364         0.4999999999500000         0.4999999999500000         0.9999999999000000E-10
      288281250.0000000         0.1000000000000000E-03      5000000.000000000          1600042867924.364         0.4999999999500000         0.4999999999500000         0.9999999999000000E-10
      289843750.0000000         0.1000000000000000E-03      5000000.000000000          1600042867924.364         0.4999999999500000         0.4999999999500000         0.9999999999000000E-10
      291406250.0000000         0.1000000000000000E-03      5000000.000000000          1600042867924.364         0.4999999999500000         0.4999999999500000         0.9999999999000000E-10
      292968750.0000000         0.1000000000000000E-03      5000000.000000000          1600042867924.364         0.4999999999500000         0.4999999999500000         0.9999999999000000E-10
      294531250.0000000         0.1000000000000000E-03      5000000.000000000          1600042867924.364         0.4999999999500000         0.4999999999500000         0.9999999999000000E-10
      296093750.0000000         0.1000000000000000E-03      5000000.000000000          1600042867924.364         0.4999999999500000         0.4999999999500000         0.9999999999000000E-10
      297656250.0000000         0.1000000000000000E-03      5000000.000000000          1600042867924.364         0.4999999999500000         0.4999999999500000         0.9999999999000000E-10
      299218750.0000000         0.1000000000000000E-03      5000000.000000000          1600042867924.364         0.4999999999500000         0.4999999999500000         0.9999999999000000E-10
      300781250.0000000         0.1000000000000000E-03      5000000.000000000          1600042867924.364         0.4999999999500000         0.4999999999500000         0.9999999999000000E-10
      302343750.0000000         0.1000000000000000E-03      5000000.000000000          1600042867924.364         0.4999999999500000         0.4999999999500000         0.9999999999000000E-10
      303906250.0000000         0.1000000000000000E-03      5000000.000000000          1600042867924.364         0.4999999999500000         0.4999999999500000         0.9999999999000000E-10
      305468750.0000000         0.1000000000000000E-03      5000000.000000000          1600042867924.364         0.4999999999500000         0.4999999999500000         0.9999999999000000E-10
      307031250.0000000         0.1000000000000000E-03      5000000.000000000          1600042867924.364         0.4999999999500000         0.4999999999500000         0.9999999999000000E-10
      308593750.0000000         0.1000000000000000E-03      5000000.000000000          1600042867924.364         0.4999999999500000         0.4999999999500000         0.9999999999000000E-10
      310156250.0000000         0.1000000000000000E-03      5000000.000000000          1600042867924.364         0.4999999999500000         0.4999999999500000         0.9999999999000000E-10
      311718750.0000000         0.1000000000000000E-03      5000000.000000000          1600042867924.364         0.4999999999500000         0.4999999999500000         0.9999999999000000E-10
      313281250.0000000         0.1000000000000000E-03      5000000.000000000          1600042867924.364         0.4999999999500000         0.4999999999500000         0.9999999999000000E-10
      314843750.0000000         0.1000000000000000E-03      5000000.000000000          1600042867924.364         0.4999999999500000         0.4999999999500000         0.9999999999000000E-10
      316406250.0000000         0.1000000000000000E-03      5000000.000000000          1600042867924.364         0.4999999999500000         0.4999999999500000         0.9999999999000000E-10
      317968750.0000000         0.1000000000000000E-03      5000000.000000000          1600042867924.364         0.4999999999500000         0.4999999999500000         0.9999999999000000E-10
      319531250.0000000         0.1000000000000000E-03      5000000.000000000          1600042867924.364         0.4999999999500000         0.4999999999500000         0.9999999999000000E-10
      321093750.0000000         0.1000000000000000E-03      5000000.000000000          1600042867924.364         0.4999999999500000         0.4999999999500000         0.9999999999000000E-10
      322656250.0000000         0.1000000000000000E-03      5000000.000000000          1600042867924.364         0.4999999999500000         0.4999999999500000         0.9999999999000000E-10
      324218750.0000000         0.1000000000000000E-03      5000000.000000000          1600042867924.364         0.4999999999500000         0.4999999999500000         0.9999999999000000E-10
      325781250.0000000         0.1000000000000000E-03      5000000.000000000          1600042867924.364         0.4999999999500000         0.4999999999500000         0.9999999999000000E-10
      327343750.0000000         0.1000000000000000E-03      5000000.000000000          1600042867924.364         0.4999999999500000         0.4999999999500000         0.9999999999000000E-10
      328906250.0000000         0.1000000000000000E-03      5000000.000000000          1600042867924.364         0.4999999999500000         0.4999999999500000         0.9999999999000000E-10
      330468750.0000000         0.1000000000000000E-03      5000000.000000000          1600042867924.364         0.4999999999500000         0.4999999999500000         0.9999999999000000E-10
      332031250.0000000         0.1000000000000000E-03      5000000.000000000          1600042867924.364         0.4999999999500000         0.4999999999500000         0.9999999999000000E-10
      333593750.0000000         0.1000000000000000E-03      5000000.000000000          1600042867924.364         0.4999999999500000         0.4999999999500000         0.9999999999000000E-10
      335156250.0000000         0.1000000000000000E-03      5000000.000000000          1600042867924.364         0.4999999999500000         0.4999999999500000         0.9999999999000000E-10
      336718750.0000000         0.1000000000000000E-03      5000000.000000000          1600042867924.364         0.4999999999500000         0.4999999999500000         0.9999999999000000E-10
      338281250.0000000         0.1000000000000000E-03      5000000.000000000          1600042867924.364         0.4999999999500000         0.4999999999500000         0.9999999999000000E-10
      339843750.0000000         0.1000000000000000E-03      5000000.000000000          1600042867924.364         0.4999999999500000         0.4999999999500000         0.9999999999000000E-10
      341406250.0000000         0.1000000000000000E-03      5000000.000000000          1600042867924.364         0.4999999999500000         0.4999999999500000         0.9999999999000000E-10
      342968750.0000000         0.1000000000000000E-03      5000000.000000000          1600042867924.364         0.4999999999500000         0.4999999999500000         0.9999999999000000E-10
      344531250.0000000         0.1000000000000000E-03      5000000.000000000          1600042867924.364         0.4999999999500000         0.4999999999500000         0.9999999999000000E-10
      346093750.0000000         0.1000000000000000E-03      5000000.000000000          1600042867924.364         0.4999999999500000         0.4999999999500000         0.9999999999000000E-10
      347656250.0000000         0.1000000000000000E-03      5000000.000000000          1600042867924.364         0.4999999999500000         0.4999999999500000         0.9999999999000000E-10
      349218750.0000000         0.1000000000000000E-03      5000000.000000000          1600042867924.364         0.4999999999500000         0.4999999999500000         0.9999999999000000E-10
      350781250.0000000         0.1000000000000000E-03      5000000.000000000          1600042867924.364         0.4999999999500000         0.4999999999500000         0.9999999999000000E-10
      352343750.0000000         0.1000000000000000E-03      5000000.000000000          1600042867924.364         0.4999999999500000         0.4999999999500000         0.9999999999000000E-10
      353906250.0000000         0.1000000000000000E-03      5000000.000000000          1600042867924.364         0.4999999999500000         0.4999999999500000         0.9999999999000000E-10
      355468750.0000000         0.1000000000000000E-03      5000000.000000000          1600042867924.364         0.4999999999500000         0.4999999999500000         0.9999999999000000E-10
      357031250.0000000         0.1000000000000000E-03      5000000.000000000          1600042867924.364         0.4999999999500000         0.4999999999500000         0.9999999999000000E-10
      358593750.0000000         0.1000000000000000E-03      5000000.000000000          1600042867924.364         0.4999999999500000         0.4999999999500000         0.9999999999000000E-10
      360156250.0000000         0.1000000000000000E-03      5000000.000000000          1600042867924.364         0.4999999999500000         0.4999999999500000         0.9999999999000000E-10
      361718750.0000000         0.1000000000000000E-03      5000000.000000000          1600042867924.364         0.4999999999500000         0.4999999999500000         0.9999999999000000E-10
      363281250.0000000         0.1000000000000000E-03      5000000.000000000          1600042867924.364         0.4999999999500000         0.4999999999500000         0.9999999999000000E-10
      364843750.0000000         0.1000000000000000E-03      5000000.000000000          1600042867924.364         0.4999999999500000         0.4999999999500000         0.9999999999000000E-10
      366406250.0000000         0.1000000000000000E-03      5000000.000000000          1600042867924.364         0.4999999999500000         0.4999999999500000         0.9999999999000000E-10
      367968750.0000000         0.1000000000000000E-03      5000000.000000000          1600042867924.364         0.4999999999500000         0.4999999999500000         0.9999999999000000E-10
      369531250.0000000         0.1000000000000000E-03      5000000.000000000          1600042867924.364         0.4999999999500000         0.4999999999500000         0.9999999999000000E-10
      371093750.0000000         0.1000000000000000E-03      5000000.000000000          1600042867924.364         0.4999999999500000         0.4999999999500000         0.9999999999000000E-10
      372656250.0000000         0.1000000000000000E-03      5000000.000000000          1600042867924.364         0.4999999999500000         0.4999999999500000         0.9999999999000000E-10
      374218750.0000000         0.1000000000000000E-03      5000000.000000000          1600042867924.364         0.4999999999500000         0.4999999999500000         0.9999999999000000E-10
      375781250.0000000         0.1000000000000000E-03      5000000.000000000          1600042867924.364         0.4999999999500000         0.4999999999500000         0.9999999999000000E-10
      377343750.0000000         0.1000000000000000E-03      5000000.000000000          1600042867924.364         0.4999999999500000         0.4999999999500000         0.9999999999000000E-10
      378906250.0000000         0.1000000000000000E-03      5000000.000000000          1600042867924.364         0.4999999999500000         0.4999999999500000         0.9999999999000000E-10
      380468750.0000000         0.1000000000000000E-03      5000000.000000000          1600042867924.364         0.4999999999500000         0.4999999999500000         0.9999999999000000E-10
      382031250.0000000         0.1000000000000000E-03      5000000.000000000          1600042867924.364         0.4999999999500000         0.4999999999500000         0.9999999999000000E-10
      383593750.0000000         0.1000000000000000E-03      5000000.000000000          1600042867924.364         0.4999999999500000         0.4999999999500000         0.9999999999000000E-10
      385156250.0000000         0.1000000000000000E-03      5000000.000000000          1600042867924.364         0.4999999999500000         0.4999999999500000         0.9999999999000000E-10
      386718750.0000000         0.1000000000000000E-03      5000000.000000000          1600042867924.364         0.4999999999500000         0.4999999999500000         0.9999999999000000E-10
      388281250.0000000         0.1000000000000000E-03      5000000.000000000          1600042867924.364         0.4999999999500000         0.4999999999500000         0.9999999999000000E-10
      389843750.0000000         0.1000000000000000E-03      5000000.000000000          1600042867924.364         0.4999999999500000         0.4999999999500000         0.9999999999000000E-10
      391406250.0000000         0.1000000000000000E-03      5000000.000000000          1600042867924.364         0.4999999999500000         0.4999999999500000         0.9999999999000000E-10
      392968750.0000000         0.1000000000000000E-03      5000000.000000000          1600042867924.364         0.4999999999500000         0.4999999999500000         0.9999999999000000E-10
      394531250.0000000         0.1000000000000000E-03      5000000.000000000          1600042867924.364         0.4999999999500000         0.4999999999500000         0.9999999999000000E-10
      396093750.0000000         0.1000000000000000E-03      5000000.000000000          1600042867924.364         0.4999999999500000         0.4999999999500000         0.9999999999000000E-10
      397656250.0000000         0.1000000000000000E-03      5000000.000000000          1600042867924.364         0.4999999999500000         0.4999999999500000         0.9999999999000000E-10
      399218750.0000000         0.1000000000000000E-03      5000000.000000000          1600042867924.364         0.4999999999500000         0.4999999999500000         0.9999999999000000E-10
      400781250.0000000         0.1000000000000000E-03      5000000.000000000          1600042867924.364         0.4999999999500000         0.4999999999500000         0.9999999999000000E-10
      402343750.0000000         0.1000000000000000E-03      5000000.000000000          1600042867924.364         0.4999999999500000         0.4999999999500000         0.9999999999000000E-10
      403906250.0000000         0.1000000000000000E-03      5000000.000000000          1600042867924.364         0.4999999999500000         0.4999999999500000         0.9999999999000000E-10
      405468750.0000000         0.1000000000000000E-03      5000000.000000000          1600042867924.364         0.4999999999500000         0.4999999999500000         0.9999999999000000E-10
      407031250.0000000         0.1000000000000000E-03      5000000.000000000          1600042867924.364         0.4999999999500000         0.4999999999500000         0.9999999999000000E-10
      408593750.0000000         0.1000000000000000E-03      5000000.000000000          1600042867924.364         0.4999999999500000         0.4999999999500000         0.9999999999000000E-10
      410156250.0000000         0.1000000000000000E-03      5000000.000000000          1600042867924.364         0.4999999999500000         0.4999999999500000         0.9999999999000000E-10
      411718750.0000000         0.1000000000000000E-03      5000000.000000000          1600042867924.364         0.4999999999500000         0.4999999999500000         0.9999999999000000E-10
      413281250.0000000         0.1000000000000000E-03      5000000.000000000          1600042867924.364         0.4999999999500000         0.4999999999500000         0.9999999999000000E-10
      414843750.0000000         0.1000000000000000E-03      5000000.000000000          1600042867924.364         0.4999999999500000         0.4999999999500000         0.9999999999000000E-10
      416406250.0000000         0.1000000000000000E-03      5000000.000000000          1600042867924.364         0.4999999999500000         0.4999999999500000         0.9999999999000000E-10
      417968750.0000000         0.1000000000000000E-03      5000000.000000000          1600042867924.364         0.4999999999500000         0.4999999999500000         0.9999999999000000E-10
      419531250.0000000         0.1000000000000000E-03      5000000.000000000          1600042867924.364         0.4999999999500000         0.4999999999500000         0.9999999999000000E-10
      421093750.0000000         0.1000000000000000E-03      5000000.000000000          1600042867924.364         0.4999999999500000         0.4999999999500000         0.9999999999000000E-10
      422656250.0000000         0.1000000000000000E-03      5000000.000000000          1600042867924.364         0.4999999999500000         0.4999999999500000         0.9999999999000000E-10
      424218750.0000000         0.1000000000000000E-03      5000000.000000000          1600042867924.364         0.4999999999500000         0.4999999999500000         0.9999999999000000E-10
      425781250.0000000         0.1000000000000000E-03      5000000.000000000          1600042867924.364         0.4999999999500000         0.4999999999500000         0.9999999999000000E-10
      427343750.0000000         0.1000000000000000E-03      5000000.000000000          1600042867924.364         0.4999999999500000         0.4999999999500000         0.9999999999000000E-10
      428906250.0000000         0.1000000000000000E-03      5000000.000000000          1600042867924.364         0.4999999999500000         0.4999999999500000         0.9999999999000000E-10
      430468750.0000000         0.1000000000000000E-03      5000000.000000000          1600042867924.364         0.4999999999500000         0.4999999999500000         0.9999999999000000E-10
      432031250.0000000         0.1000000000000000E-03      5000000.000000000          1600042867924.364         0.4999999999500000         0.4999999999500000         0.9999999999000000E-10
      433593750.0000000         0.1000000000000000E-03      5000000.000000000          1600042867924.364         0.4999999999500000         0.4999999999500000         0.9999999999000000E-10
      435156250.0000000         0.1000000000000000E-03      5000000.000000000          1600042867924.364         0.4999999999500000         0.4999999999500000         0.9999999999000000E-10
      436718750.0000000         0.1000000000000000E-03      5000000.000000000          1600042867924.364         0.4999999999500000         0.4999999999500000         0.9999999999000000E-10
      438281250.0000000         0.1000000000000000E-03      5000000.000000000          1600042867924.364         0.4999999999500000         0.4999999999500000         0.9999999999000000E-10
      439843750.0000000         0.1000000000000000E-03      5000000.000000000          1600042867924.364         0.4999999999500000         0.4999999999500000         0.9999999999000000E-10
      441406250.0000000         0.1000000000000000E-03      5000000.000000000          1600042867924.364         0.4999999999500000         0.4999999999500000         0.9999999999000000E-10
      442968750.0000000         0.1000000000000000E-03      5000000.000000000          1600042867924.364         0.4999999999500000         0.4999999999500000         0.9999999999000000E-10
      444531250.0000000         0.1000000000000000E-03      5000000.000000000          1600042867924.364         0.4999999999500000         0.4999999999500000         0.9999999999000000E-10
      446093750.0000000         0.1000000000000000E-03      5000000.000000000          1600042867924.364         0.4999999999500000         0.4999999999500000         0.9999999999000000E-10
      447656250.0000000         0.1000000000000000E-03      5000000.000000000          1600042867924.364         0.4999999999500000         0.4999999999500000         0.9999999999000000E-10
      449218750.0000000         0.1000000000000000E-03      5000000.000000000          1600042867924.364         0.4999999999500000         0.4999999999500000         0.9999999999000000E-10
      450781250.0000000         0.1000000000000000E-03      5000000.000000000          1600042867924.364         0.4999999999500000         0.4999999999500000         0.9999999999000000E-10
      452343750.0000000         0.1000000000000000E-03      5000000.000000000          1600042867924.364         0.4999999999500000         0.4999999999500000         0.9999999999000000E-10
      453906250.0000000         0.1000000000000000E-03      5000000.000000000          1600042867924.364         0.4999999999500000         0.4999999999500000         0.9999999999000000E-10
      455468750.0000000         0.1000000000000000E-03      5000000.000000000          1600042867924.364         0.4999999999500000         0.4999999999500000         0.9999999999000000E-10
      457031250.0000000         0.1000000000000000E-03      5000000.000000000          1600042867924.364         0.4999999999500000         0.4999999999500000         0.9999999999000000E-10
      458593750.0000000         0.1000000000000000E-03      5000000.000000000          1600042867924.364         0.4999999999500000         0.4999999999500000         0.9999999999000000E-10
      460156250.0000000         0.1000000000000000E-03      5000000.000000000          1600042867924.364         0.4999999999500000         0.4999999999500000         0.9999999999000000E-10
      461718750.0000000         0.1000000000000000E-03      5000000.000000000          1600042867924.364         0.4999999999500000         0.4999999999500000         0.9999999999000000E-10
      463281250.0000000         0.1000000000000000E-03      5000000.000000000          1600042867924.364         0.4999999999500000         0.4999999999500000         0.9999999999000000E-10
      464843750.0000000         0.1000000000000000E-03      5000000.000000000          1600042867924.364         0.4999999999500000         0.4999999999500000         0.9999999999000000E-10
      466406250.0000000         0.1000000000000000E-03      5000000.000000000          1600042867924.364         0.4999999999500000         0.4999999999500000         0.9999999999000000E-10
      467968750.0000000         0.1000000000000000E-03      5000000.000000000          1600042867924.364         0.4999999999500000         0.4999999999500000         0.9999999999000000E-10
      469531250.0000000         0.1000000000000000E-03      5000000.000000000          1600042867924.364         0.4999999999500000         0.4999999999500000         0.9999999999000000E-10
      471093750.0000000         0.1000000000000000E-03      5000000.000000000          1600042867924.364         0.4999999999500000         0.4999999999500000         0.9999999999000000E-10
      472656250.0000000         0.1000000000000000E-03      5000000.000000000          1600042867924.364         0.4999999999500000         0.4999999999500000         0.9999999999000000E-10
      474218750.0000000         0.1000000000000000E-03      5000000.000000000          1600042867924.364         0.4999999999500000         0.4999999999500000         0.9999999999000000E-10
      475781250.0000000         0.1000000000000000E-03      5000000.000000000          1600042867924.364         0.4999999999500000         0.4999999999500000         0.9999999999000000E-10
      477343750.0000000         0.1000000000000000E-03      5000000.000000000          1600042867924.364         0.4999999999500000         0.4999999999500000         0.9999999999000000E-10
      478906250.0000000         0.1000000000000000E-03      5000000.000000000          1600042867924.364         0.4999999999500000         0.4999999999500000         0.9999999999000000E-10
      480468750.0000000         0.1000000000000000E-03      5000000.000000000          1600042867924.364         0.4999999999500000         0.4999999999500000         0.9999999999000000E-10
      482031250.0000000         0.1000000000000000E-03      5000000.000000000          1600042867924.364         0.4999999999500000         0.4999999999500000         0.9999999999000000E-10
      483593750.0000000         0.1000000000000000E-03      5000000.000000000          1600042867924.364         0.4999999999500000         0.4999999999500000         0.9999999999000000E-10
      485156250.0000000         0.1000000000000000E-03      5000000.000000000          1600042867924.364         0.4999999999500000         0.4999999999500000         0.9999999999000000E-10
      486718750.0000000         0.1000000000000000E-03      5000000.000000000          1600042867924.364         0.4999999999500000         0.4999999999500000         0.9999999999000000E-10
      488281250.0000000         0.1000000000000000E-03      5000000.000000000          1600042867924.364         0.4999999999500000         0.4999999999500000         0.9999999999000000E-10
      489843750.0000000         0.1000000000000000E-03      5000000.000000000          1600042867924.364         0.4999999999500000         0.4999999999500000         0.9999999999000000E-10
      491406250.0000000         0.1000000000000000E-03      5000000.000000000          1600042867924.364         0.4999999999500000         0.4999999999500000         0.9999999999000000E-10
      492968750.0000000         0.1000000000000000E-03      5000000.000000000          1600042867924.364         0.4999999999500000         0.4999999999500000         0.9999999999000000E-10
      494531250.0000000         0.1000000000000000E-03      5000000.000000000          1600042867924.364         0.4999999999500000         0.4999999999500000         0.9999999999000000E-10
      496093750.0000000         0.1000000000000000E-03      5000000.000000000          1600042867924.364         0.4999999999500000         0.4999999999500000         0.9999999999000000E-10
      497656250.0000000         0.1000000000000000E-03      5000000.000000000          1600042867924.364         0.4999999999500000         0.4999999999500000         0.9999999999000000E-10
      499218750.0000000         0.1000000000000000E-03      5000000.000000000          1600042867924.364         0.4999999999500000         0.4999999999500000         0.9999999999000000E-10
