# npts =   240
# num of variables =     6
# density
# temperature
# pressure
# carbon-12       
# oxygen-16       
# ash             
      1041666.666666667          2606729843.361997          654097973.5617681         0.1741631840815438E+28     0.4964104196547086         0.4976104448432372         0.5979135502054188E-02
      3125000.000000000          2597531604.538241          652906320.9077252         0.1733401161303050E+28     0.4964104196547086         0.4976104448432372         0.5979135502054188E-02
      5208333.333333333          2579256005.721112          650531852.5423820         0.1717077260778005E+28     0.4964111764294091         0.4976112034473689         0.5977620123222014E-02
      7291666.666666666          2552145420.000813          646993706.2339976         0.1692933755967948E+28     0.4964128338020143         0.4976128648265156         0.5974301371470100E-02
      9375000.000000000          2516555260.920586          642320543.3499230         0.1661369490289557E+28     0.4964151277327821         0.4976151643026437         0.5969707964574152E-02
      11458333.33333333          2472942506.968428          636548961.7172624         0.1622895976714472E+28     0.4964183604467431         0.4976184048313847         0.5963234721872217E-02
      13541666.66666667          2421856713.590137          629724478.1182231         0.1578121486889561E+28     0.4964218263890440         0.4976218791522730         0.5956294458682954E-02
      15625000.00000000          2363927590.783935          621898972.7560624         0.1527732646154226E+28     0.4964262645839460         0.4976263280760909         0.5947407339963230E-02
      17708333.33333333          2299846397.178294          613131996.2331526         0.1472474458383840E+28     0.4964305619608539         0.4976306358415005         0.5938802197645535E-02
      19791666.66666666          2230348172.147727          603506786.0232935         0.1413129751909697E+28     0.4963917077489448         0.4976802973340952         0.5927994916960023E-02
      21875000.00000000          2156196743.021214          593053530.0311710         0.1350498894411054E+28     0.4963909360368873         0.4976909122996753         0.5918151663437395E-02
      23958333.33333333          2078170333.878921          581858175.1420385         0.1285380496391522E+28     0.4963963098869533         0.4976963002230795         0.5907389889967178E-02
      26041666.66666666          1997051638.240346          569997800.7432832         0.1218553670085349E+28     0.4964017073036670         0.4977017117748490         0.5896580921484151E-02
      28125000.00000000          1913606286.189506          557547861.7959310         0.1150762450126668E+28     0.4964066159898079         0.4977066333161309         0.5886750694061125E-02
      30208333.33333333          1828577188.586301          544562728.4793900         0.1082702789523784E+28     0.4964618493271307         0.4976617571200664         0.5876393552802887E-02
      32291666.66666666          1742663367.037712          531160208.3205711         0.1015012346499822E+28     0.4964668940613280         0.4976668140469747         0.5866291891697320E-02
      34375000.00000000          1656511710.274936          517390823.9633041         0.9482633243452098E+27     0.4964720021509831         0.4976719344824659         0.5856063366550976E-02
      36458333.33333333          1570726059.967530          503326598.7354857         0.8829577622595239E+27     0.4964766942987747         0.4976766379707959         0.5846667730429482E-02
      38541666.66666666          1485853021.330433          489036263.6429375         0.8195251288207254E+27     0.4964815716505657         0.4976815271107483         0.5836901238686156E-02
      40625000.00000000          1402381846.146412          474586436.9196350         0.7583222791012949E+27     0.4964865316466276         0.4976864990947161         0.5826969258656329E-02
      42708333.33333333          1320725836.757489          460037735.7340369         0.6996356311405103E+27     0.4964912559614971         0.4976912348278693         0.5817509210633619E-02
      44791666.66666666          1241245902.857849          445447582.0082291         0.6436848695284338E+27     0.4964965023353807         0.4976964938818106         0.5807003782808660E-02
      46875000.00000000          1164247893.180635          430871066.6927686         0.5906273777251090E+27     0.4965014878981354         0.4977014914942638         0.5797020607600874E-02
      48958333.33333333          1089978972.883046          416358288.4005592         0.5405637215895756E+27     0.4965062895498440         0.4977063047511729         0.5787405698982988E-02
      51041666.66666666          1018620516.962969          401952275.8360360         0.4935440557237847E+27     0.4965114214637050         0.4977114490684512         0.5777129467843853E-02
      53125000.00000000          950317663.0173998          387694781.1347172         0.4495744996629085E+27     0.4965164334526562         0.4977164731709708         0.5767093376373025E-02
      55208333.33333333          885170625.6841328          373623245.1847391         0.4086231912327987E+27     0.4965213290841552         0.4977213806348118         0.5757290281032893E-02
      57291666.66666666          823227630.2396915          359768306.9630133         0.3706267221402080E+27     0.4965264698175746         0.4977265337929645         0.5746996389460907E-02
      59375000.00000000          764507751.2006137          346158095.2024026         0.3354961404871596E+27     0.4965317842408387         0.4977318610607561         0.5736354698405132E-02
      61458333.33333333          709003546.7695702          332818188.7924427         0.3031221349064635E+27     0.4965370211216943         0.4977371105987256         0.5725868279580239E-02
      63541666.66666666          656671326.0261493          319755582.7719952         0.2733800664768396E+27     0.4965901541768384         0.4976959785750185         0.5713867248143146E-02
      65625000.00000000          607447806.9906851          307011762.2050278         0.2461345206555914E+27     0.4965987612095603         0.4976987584655621         0.5702480324877706E-02
      67708333.33333333          561256926.2452388          294590483.8041413         0.2212429605647790E+27     0.4966045106339398         0.4977045206252756         0.5690968740784524E-02
      69791666.66666666          517999074.4488658          282503120.8099939         0.1985590752554326E+27     0.4966011453344631         0.4977194980821226         0.5679356583414375E-02
      71875000.00000000          477566407.1168555          270762253.7880691         0.1779356704893983E+27     0.4965669105798672         0.4977668306215424         0.5666258798590416E-02
      73958333.33333333          439846474.1255681          259358819.1275329         0.1592267953185926E+27     0.4965732835638509         0.4977732190054067         0.5653497430742432E-02
      76041666.66666666          404712700.0605167          248304428.7722962         0.1422896578751003E+27     0.4965799968447708         0.4977799485085116         0.5640054646717630E-02
      78125000.00000000          372040235.7309844          237601138.3396136         0.1269861199574215E+27     0.4965867005546507         0.4977866684174490         0.5626631027900300E-02
      80208333.33333333          341702984.3160446          227249369.3763587         0.1131836575392970E+27     0.4965937238655623         0.4977937086997118         0.5612567434726026E-02
      82291666.66666666          313568934.9336768          217246070.2203653         0.1007562411464486E+27     0.4966012523499477         0.4978012553761659         0.5597492273886438E-02
      84375000.00000000          287513119.3104701          207589132.1706651         0.8958485667275533E+26     0.4966084279416306         0.4978084483071763         0.5583123751193182E-02
      86458333.33333333          263410579.7927772          198274012.7184548         0.7955773911492132E+26     0.4966162766333169         0.4978163159646903         0.5567407401992857E-02
      88541666.66666666          241137688.4472453          189289690.8442659         0.7057057567197313E+26     0.4966562177089537         0.4977924852779743         0.5551297013072080E-02
      90625000.00000000          220578916.6393738          180638729.8342946         0.6252644523113594E+26     0.4966819963529231         0.4977819564817498         0.5536047165327060E-02
      92708333.33333333          201618699.7928291          172313638.6113826         0.5533568909484283E+26     0.4966894631807350         0.4977894398457215         0.5521096973543662E-02
      94791666.66666666          184149100.4361347          164304264.2689090         0.4891572095028835E+26     0.4966968279886966         0.4977968209639081         0.5506351047395410E-02
      96875000.00000000          168067210.8800205          156603210.7132913         0.4319069435597160E+26     0.4967030038114156         0.4978030104637058         0.5493985724878672E-02
      98958333.33333333          153273075.3390411          149201294.9013040         0.3809121069417927E+26     0.4967079533874127         0.4978079710011155         0.5484075611471808E-02
      101041666.6666667          139674757.4783616          142072642.5592727         0.3355395089883218E+26     0.4968046847870839         0.4978827515591530         0.5312563653763146E-02
      103125000.0000000          127170150.5816730          134670395.5005800         0.2952148814437946E+26     0.4999999999500000         0.4999999999500000         0.9999999999000000E-10
      105208333.3333333          115707775.2915472          128143017.0173826         0.2594144776202224E+26     0.4999999999500000         0.4999999999500000         0.9999999999000000E-10
      107291666.6666667          105187093.3123780          124105303.0303030         0.2276625931888169E+26     0.4999999999500000         0.4999999999500000         0.9999999999000000E-10
      109375000.0000000          95535850.73110944          122831250.0000000         0.1995323485154508E+26     0.4999999999500000         0.4999999999500000         0.9999999999000000E-10
      111458333.3333333          86695991.96399724          121615972.2222222         0.1746372326623883E+26     0.4999999999500000         0.4999999999500000         0.9999999999000000E-10
      113541666.6666667          78603587.68295915          120300694.4444444         0.1526278588777398E+26     0.4999999999500000         0.4999999999500000         0.9999999999000000E-10
      115625000.0000000          71199518.26550300          119140384.6153846         0.1331900846228300E+26     0.4999999999500000         0.4999999999500000         0.9999999999000000E-10
      117708333.3333333          64429376.19523174          117918589.7435897         0.1160417568807275E+26     0.4999999999500000         0.4999999999500000         0.9999999999000000E-10
      119791666.6666667          58242007.48594213          116751111.1111111         0.1009298111790400E+26     0.4999999999500000         0.4999999999500000         0.9999999999000000E-10
      121875000.0000000          52590770.41664414          115595000.0000000         0.8762754458943117E+25     0.4999999999500000         0.4999999999500000         0.9999999999000000E-10
      123958333.3333333          47431689.69310230          114470833.3333333         0.7593210764465372E+25     0.4999999999500000         0.4999999999500000         0.9999999999000000E-10
      126041666.6666667          42725039.20552080          113392460.3174603         0.6566217503893341E+25     0.4999999999500000         0.4999999999500000         0.9999999999000000E-10
      128125000.0000000          38433314.09286179          112337500.0000000         0.5665580876918117E+25     0.4999999999500000         0.4999999999500000         0.9999999999000000E-10
      130208333.3333333          34522766.92138203          111252678.5714286         0.4876851419347211E+25     0.4999999999500000         0.4999999999500000         0.9999999999000000E-10
      132291666.6666667          30961572.46578484          110121388.8888889         0.4187145601580685E+25     0.4999999999500000         0.4999999999500000         0.9999999999000000E-10
      134375000.0000000          27720906.19764674          108940833.3333333         0.3584987630951605E+25     0.4999999999500000         0.4999999999500000         0.9999999999000000E-10
      136458333.3333333          24773800.06648014          107773284.3137255         0.3060162845302577E+25     0.4999999999500000         0.4999999999500000         0.9999999999000000E-10
      138541666.6666667          22095838.63932852          106595000.0000000         0.2603586110988728E+25     0.4999999999500000         0.4999999999500000         0.9999999999000000E-10
      140625000.0000000          19664407.28547403          105345000.0000000         0.2207180347517896E+25     0.4999999999500000         0.4999999999500000         0.9999999999000000E-10
      142708333.3333333          17458797.23188543          104050520.8333333         0.1863770239910878E+25     0.4999999999500000         0.4999999999500000         0.9999999999000000E-10
      144791666.6666667          15459953.87531042          102618229.1666667         0.1566985271780197E+25     0.4999999999500000         0.4999999999500000         0.9999999999000000E-10
      146875000.0000000          13650331.90231728          101185937.5000000         0.1311173706079515E+25     0.4999999999500000         0.4999999999500000         0.9999999999000000E-10
      148958333.3333333          12013989.20020992          99523702.18579237         0.1091323644761994E+25     0.4999999999500000         0.4999999999500000         0.9999999999000000E-10
      151041666.6666667          10536105.15601650          97846789.61748634         0.9029935531361138E+24     0.4999999999500000         0.4999999999500000         0.9999999999000000E-10
      153125000.0000000          9203120.686357772          96163709.67741935         0.7422510559189188E+24     0.4999999999500000         0.4999999999500000         0.9999999999000000E-10
      155208333.3333333          8003068.829183929          93972849.46236561         0.6056128105423437E+24     0.4999999999500000         0.4999999999500000         0.9999999999000000E-10
      157291666.6666667          6924217.891779223          91781989.24731183         0.4899973128581414E+24     0.4999999999500000         0.4999999999500000         0.9999999999000000E-10
      159375000.0000000          5956225.731461014          89591129.03225806         0.3926829610649128E+24     0.4999999999500000         0.4999999999500000         0.9999999999000000E-10
      161458333.3333333          5089674.654674452          87400268.81720433         0.3112643136176098E+24     0.4999999999500000         0.4999999999500000         0.9999999999000000E-10
      163541666.6666667          4315354.900598141          86410000.00000000         0.2436205499882574E+24     0.4999999999500000         0.4999999999500000         0.9999999999000000E-10
      165625000.0000000          3625686.875067558          86410000.00000000         0.1878814151545238E+24     0.4999999999500000         0.4999999999500000         0.9999999999000000E-10
      167708333.3333333          3014039.294253022          86410000.00000000         0.1423909448062765E+24     0.4999999999500000         0.4999999999500000         0.9999999999000000E-10
      169791666.6666667          2473840.080886590          86410000.00000000         0.1056849734051978E+24     0.4999999999500000         0.4999999999500000         0.9999999999000000E-10
      171875000.0000000          1999125.632554773          86410000.00000000         0.7647265970045912E+23     0.4999999999500000         0.4999999999500000         0.9999999999000000E-10
      173958333.3333333          1584515.917321666          86410000.00000000         0.5361607535888630E+23     0.4999999999500000         0.4999999999500000         0.9999999999000000E-10
      176041666.6666667          1225187.233250874          86410000.00000000         0.3611182453828308E+23     0.4999999999500000         0.4999999999500000         0.9999999999000000E-10
      178125000.0000000          916868.4587675009          86410000.00000000         0.2307439864593374E+23     0.4999999999500000         0.4999999999500000         0.9999999999000000E-10
      180208333.3333333          655859.6269499089          86410000.00000000         0.1372085549626834E+23     0.4999999999500000         0.4999999999500000         0.9999999999000000E-10
      182291666.6666667          439102.7627829838          86410000.00000000         0.7356296873732877E+22     0.4999999999500000         0.4999999999500000         0.9999999999000000E-10
      184375000.0000000          264370.5886004075          86410000.00000000         0.3359148219346990E+22     0.4999999999500000         0.4999999999500000         0.9999999999000000E-10
      186458333.3333333          130792.1908275740          86410000.00000000         0.1163811160022898E+22     0.4999999999500000         0.4999999999500000         0.9999999999000000E-10
      188541666.6666667          40663.10321005658          86410000.00000000         0.2322960789373649E+21     0.4999999999500000         0.4999999999500000         0.9999999999000000E-10
      190625000.0000000          1698.097411583600          86410000.00000000         0.7175359458752973E+19     0.4999999999500000         0.4999999999500000         0.9999999999000000E-10
      192708333.3333333         0.1000000000000000E-03      5000000.000000000          1600042867924.364         0.4999999999500000         0.4999999999500000         0.9999999999000000E-10
      194791666.6666667         0.1000000000000000E-03      5000000.000000000          1600042867924.364         0.4999999999500000         0.4999999999500000         0.9999999999000000E-10
      196875000.0000000         0.1000000000000000E-03      5000000.000000000          1600042867924.364         0.4999999999500000         0.4999999999500000         0.9999999999000000E-10
      198958333.3333333         0.1000000000000000E-03      5000000.000000000          1600042867924.364         0.4999999999500000         0.4999999999500000         0.9999999999000000E-10
      201041666.6666667         0.1000000000000000E-03      5000000.000000000          1600042867924.364         0.4999999999500000         0.4999999999500000         0.9999999999000000E-10
      203125000.0000000         0.1000000000000000E-03      5000000.000000000          1600042867924.364         0.4999999999500000         0.4999999999500000         0.9999999999000000E-10
      205208333.3333333         0.1000000000000000E-03      5000000.000000000          1600042867924.364         0.4999999999500000         0.4999999999500000         0.9999999999000000E-10
      207291666.6666667         0.1000000000000000E-03      5000000.000000000          1600042867924.364         0.4999999999500000         0.4999999999500000         0.9999999999000000E-10
      209375000.0000000         0.1000000000000000E-03      5000000.000000000          1600042867924.364         0.4999999999500000         0.4999999999500000         0.9999999999000000E-10
      211458333.3333333         0.1000000000000000E-03      5000000.000000000          1600042867924.364         0.4999999999500000         0.4999999999500000         0.9999999999000000E-10
      213541666.6666667         0.1000000000000000E-03      5000000.000000000          1600042867924.364         0.4999999999500000         0.4999999999500000         0.9999999999000000E-10
      215625000.0000000         0.1000000000000000E-03      5000000.000000000          1600042867924.364         0.4999999999500000         0.4999999999500000         0.9999999999000000E-10
      217708333.3333333         0.1000000000000000E-03      5000000.000000000          1600042867924.364         0.4999999999500000         0.4999999999500000         0.9999999999000000E-10
      219791666.6666667         0.1000000000000000E-03      5000000.000000000          1600042867924.364         0.4999999999500000         0.4999999999500000         0.9999999999000000E-10
      221875000.0000000         0.1000000000000000E-03      5000000.000000000          1600042867924.364         0.4999999999500000         0.4999999999500000         0.9999999999000000E-10
      223958333.3333333         0.1000000000000000E-03      5000000.000000000          1600042867924.364         0.4999999999500000         0.4999999999500000         0.9999999999000000E-10
      226041666.6666667         0.1000000000000000E-03      5000000.000000000          1600042867924.364         0.4999999999500000         0.4999999999500000         0.9999999999000000E-10
      228125000.0000000         0.1000000000000000E-03      5000000.000000000          1600042867924.364         0.4999999999500000         0.4999999999500000         0.9999999999000000E-10
      230208333.3333333         0.1000000000000000E-03      5000000.000000000          1600042867924.364         0.4999999999500000         0.4999999999500000         0.9999999999000000E-10
      232291666.6666667         0.1000000000000000E-03      5000000.000000000          1600042867924.364         0.4999999999500000         0.4999999999500000         0.9999999999000000E-10
      234375000.0000000         0.1000000000000000E-03      5000000.000000000          1600042867924.364         0.4999999999500000         0.4999999999500000         0.9999999999000000E-10
      236458333.3333333         0.1000000000000000E-03      5000000.000000000          1600042867924.364         0.4999999999500000         0.4999999999500000         0.9999999999000000E-10
      238541666.6666667         0.1000000000000000E-03      5000000.000000000          1600042867924.364         0.4999999999500000         0.4999999999500000         0.9999999999000000E-10
      240625000.0000000         0.1000000000000000E-03      5000000.000000000          1600042867924.364         0.4999999999500000         0.4999999999500000         0.9999999999000000E-10
      242708333.3333333         0.1000000000000000E-03      5000000.000000000          1600042867924.364         0.4999999999500000         0.4999999999500000         0.9999999999000000E-10
      244791666.6666667         0.1000000000000000E-03      5000000.000000000          1600042867924.364         0.4999999999500000         0.4999999999500000         0.9999999999000000E-10
      246875000.0000000         0.1000000000000000E-03      5000000.000000000          1600042867924.364         0.4999999999500000         0.4999999999500000         0.9999999999000000E-10
      248958333.3333333         0.1000000000000000E-03      5000000.000000000          1600042867924.364         0.4999999999500000         0.4999999999500000         0.9999999999000000E-10
      251041666.6666667         0.1000000000000000E-03      5000000.000000000          1600042867924.364         0.4999999999500000         0.4999999999500000         0.9999999999000000E-10
      253125000.0000000         0.1000000000000000E-03      5000000.000000000          1600042867924.364         0.4999999999500000         0.4999999999500000         0.9999999999000000E-10
      255208333.3333333         0.1000000000000000E-03      5000000.000000000          1600042867924.364         0.4999999999500000         0.4999999999500000         0.9999999999000000E-10
      257291666.6666667         0.1000000000000000E-03      5000000.000000000          1600042867924.364         0.4999999999500000         0.4999999999500000         0.9999999999000000E-10
      259375000.0000000         0.1000000000000000E-03      5000000.000000000          1600042867924.364         0.4999999999500000         0.4999999999500000         0.9999999999000000E-10
      261458333.3333333         0.1000000000000000E-03      5000000.000000000          1600042867924.364         0.4999999999500000         0.4999999999500000         0.9999999999000000E-10
      263541666.6666667         0.1000000000000000E-03      5000000.000000000          1600042867924.364         0.4999999999500000         0.4999999999500000         0.9999999999000000E-10
      265625000.0000000         0.1000000000000000E-03      5000000.000000000          1600042867924.364         0.4999999999500000         0.4999999999500000         0.9999999999000000E-10
      267708333.3333333         0.1000000000000000E-03      5000000.000000000          1600042867924.364         0.4999999999500000         0.4999999999500000         0.9999999999000000E-10
      269791666.6666666         0.1000000000000000E-03      5000000.000000000          1600042867924.364         0.4999999999500000         0.4999999999500000         0.9999999999000000E-10
      271875000.0000000         0.1000000000000000E-03      5000000.000000000          1600042867924.364         0.4999999999500000         0.4999999999500000         0.9999999999000000E-10
      273958333.3333333         0.1000000000000000E-03      5000000.000000000          1600042867924.364         0.4999999999500000         0.4999999999500000         0.9999999999000000E-10
      276041666.6666666         0.1000000000000000E-03      5000000.000000000          1600042867924.364         0.4999999999500000         0.4999999999500000         0.9999999999000000E-10
      278125000.0000000         0.1000000000000000E-03      5000000.000000000          1600042867924.364         0.4999999999500000         0.4999999999500000         0.9999999999000000E-10
      280208333.3333333         0.1000000000000000E-03      5000000.000000000          1600042867924.364         0.4999999999500000         0.4999999999500000         0.9999999999000000E-10
      282291666.6666666         0.1000000000000000E-03      5000000.000000000          1600042867924.364         0.4999999999500000         0.4999999999500000         0.9999999999000000E-10
      284375000.0000000         0.1000000000000000E-03      5000000.000000000          1600042867924.364         0.4999999999500000         0.4999999999500000         0.9999999999000000E-10
      286458333.3333333         0.1000000000000000E-03      5000000.000000000          1600042867924.364         0.4999999999500000         0.4999999999500000         0.9999999999000000E-10
      288541666.6666666         0.1000000000000000E-03      5000000.000000000          1600042867924.364         0.4999999999500000         0.4999999999500000         0.9999999999000000E-10
      290625000.0000000         0.1000000000000000E-03      5000000.000000000          1600042867924.364         0.4999999999500000         0.4999999999500000         0.9999999999000000E-10
      292708333.3333333         0.1000000000000000E-03      5000000.000000000          1600042867924.364         0.4999999999500000         0.4999999999500000         0.9999999999000000E-10
      294791666.6666666         0.1000000000000000E-03      5000000.000000000          1600042867924.364         0.4999999999500000         0.4999999999500000         0.9999999999000000E-10
      296875000.0000000         0.1000000000000000E-03      5000000.000000000          1600042867924.364         0.4999999999500000         0.4999999999500000         0.9999999999000000E-10
      298958333.3333333         0.1000000000000000E-03      5000000.000000000          1600042867924.364         0.4999999999500000         0.4999999999500000         0.9999999999000000E-10
      301041666.6666666         0.1000000000000000E-03      5000000.000000000          1600042867924.364         0.4999999999500000         0.4999999999500000         0.9999999999000000E-10
      303125000.0000000         0.1000000000000000E-03      5000000.000000000          1600042867924.364         0.4999999999500000         0.4999999999500000         0.9999999999000000E-10
      305208333.3333333         0.1000000000000000E-03      5000000.000000000          1600042867924.364         0.4999999999500000         0.4999999999500000         0.9999999999000000E-10
      307291666.6666666         0.1000000000000000E-03      5000000.000000000          1600042867924.364         0.4999999999500000         0.4999999999500000         0.9999999999000000E-10
      309375000.0000000         0.1000000000000000E-03      5000000.000000000          1600042867924.364         0.4999999999500000         0.4999999999500000         0.9999999999000000E-10
      311458333.3333333         0.1000000000000000E-03      5000000.000000000          1600042867924.364         0.4999999999500000         0.4999999999500000         0.9999999999000000E-10
      313541666.6666666         0.1000000000000000E-03      5000000.000000000          1600042867924.364         0.4999999999500000         0.4999999999500000         0.9999999999000000E-10
      315625000.0000000         0.1000000000000000E-03      5000000.000000000          1600042867924.364         0.4999999999500000         0.4999999999500000         0.9999999999000000E-10
      317708333.3333333         0.1000000000000000E-03      5000000.000000000          1600042867924.364         0.4999999999500000         0.4999999999500000         0.9999999999000000E-10
      319791666.6666666         0.1000000000000000E-03      5000000.000000000          1600042867924.364         0.4999999999500000         0.4999999999500000         0.9999999999000000E-10
      321875000.0000000         0.1000000000000000E-03      5000000.000000000          1600042867924.364         0.4999999999500000         0.4999999999500000         0.9999999999000000E-10
      323958333.3333333         0.1000000000000000E-03      5000000.000000000          1600042867924.364         0.4999999999500000         0.4999999999500000         0.9999999999000000E-10
      326041666.6666666         0.1000000000000000E-03      5000000.000000000          1600042867924.364         0.4999999999500000         0.4999999999500000         0.9999999999000000E-10
      328125000.0000000         0.1000000000000000E-03      5000000.000000000          1600042867924.364         0.4999999999500000         0.4999999999500000         0.9999999999000000E-10
      330208333.3333333         0.1000000000000000E-03      5000000.000000000          1600042867924.364         0.4999999999500000         0.4999999999500000         0.9999999999000000E-10
      332291666.6666666         0.1000000000000000E-03      5000000.000000000          1600042867924.364         0.4999999999500000         0.4999999999500000         0.9999999999000000E-10
      334375000.0000000         0.1000000000000000E-03      5000000.000000000          1600042867924.364         0.4999999999500000         0.4999999999500000         0.9999999999000000E-10
      336458333.3333333         0.1000000000000000E-03      5000000.000000000          1600042867924.364         0.4999999999500000         0.4999999999500000         0.9999999999000000E-10
      338541666.6666666         0.1000000000000000E-03      5000000.000000000          1600042867924.364         0.4999999999500000         0.4999999999500000         0.9999999999000000E-10
      340625000.0000000         0.1000000000000000E-03      5000000.000000000          1600042867924.364         0.4999999999500000         0.4999999999500000         0.9999999999000000E-10
      342708333.3333333         0.1000000000000000E-03      5000000.000000000          1600042867924.364         0.4999999999500000         0.4999999999500000         0.9999999999000000E-10
      344791666.6666666         0.1000000000000000E-03      5000000.000000000          1600042867924.364         0.4999999999500000         0.4999999999500000         0.9999999999000000E-10
      346875000.0000000         0.1000000000000000E-03      5000000.000000000          1600042867924.364         0.4999999999500000         0.4999999999500000         0.9999999999000000E-10
      348958333.3333333         0.1000000000000000E-03      5000000.000000000          1600042867924.364         0.4999999999500000         0.4999999999500000         0.9999999999000000E-10
      351041666.6666666         0.1000000000000000E-03      5000000.000000000          1600042867924.364         0.4999999999500000         0.4999999999500000         0.9999999999000000E-10
      353125000.0000000         0.1000000000000000E-03      5000000.000000000          1600042867924.364         0.4999999999500000         0.4999999999500000         0.9999999999000000E-10
      355208333.3333333         0.1000000000000000E-03      5000000.000000000          1600042867924.364         0.4999999999500000         0.4999999999500000         0.9999999999000000E-10
      357291666.6666666         0.1000000000000000E-03      5000000.000000000          1600042867924.364         0.4999999999500000         0.4999999999500000         0.9999999999000000E-10
      359375000.0000000         0.1000000000000000E-03      5000000.000000000          1600042867924.364         0.4999999999500000         0.4999999999500000         0.9999999999000000E-10
      361458333.3333333         0.1000000000000000E-03      5000000.000000000          1600042867924.364         0.4999999999500000         0.4999999999500000         0.9999999999000000E-10
      363541666.6666666         0.1000000000000000E-03      5000000.000000000          1600042867924.364         0.4999999999500000         0.4999999999500000         0.9999999999000000E-10
      365625000.0000000         0.1000000000000000E-03      5000000.000000000          1600042867924.364         0.4999999999500000         0.4999999999500000         0.9999999999000000E-10
      367708333.3333333         0.1000000000000000E-03      5000000.000000000          1600042867924.364         0.4999999999500000         0.4999999999500000         0.9999999999000000E-10
      369791666.6666666         0.1000000000000000E-03      5000000.000000000          1600042867924.364         0.4999999999500000         0.4999999999500000         0.9999999999000000E-10
      371875000.0000000         0.1000000000000000E-03      5000000.000000000          1600042867924.364         0.4999999999500000         0.4999999999500000         0.9999999999000000E-10
      373958333.3333333         0.1000000000000000E-03      5000000.000000000          1600042867924.364         0.4999999999500000         0.4999999999500000         0.9999999999000000E-10
      376041666.6666666         0.1000000000000000E-03      5000000.000000000          1600042867924.364         0.4999999999500000         0.4999999999500000         0.9999999999000000E-10
      378125000.0000000         0.1000000000000000E-03      5000000.000000000          1600042867924.364         0.4999999999500000         0.4999999999500000         0.9999999999000000E-10
      380208333.3333333         0.1000000000000000E-03      5000000.000000000          1600042867924.364         0.4999999999500000         0.4999999999500000         0.9999999999000000E-10
      382291666.6666666         0.1000000000000000E-03      5000000.000000000          1600042867924.364         0.4999999999500000         0.4999999999500000         0.9999999999000000E-10
      384375000.0000000         0.1000000000000000E-03      5000000.000000000          1600042867924.364         0.4999999999500000         0.4999999999500000         0.9999999999000000E-10
      386458333.3333333         0.1000000000000000E-03      5000000.000000000          1600042867924.364         0.4999999999500000         0.4999999999500000         0.9999999999000000E-10
      388541666.6666666         0.1000000000000000E-03      5000000.000000000          1600042867924.364         0.4999999999500000         0.4999999999500000         0.9999999999000000E-10
      390625000.0000000         0.1000000000000000E-03      5000000.000000000          1600042867924.364         0.4999999999500000         0.4999999999500000         0.9999999999000000E-10
      392708333.3333333         0.1000000000000000E-03      5000000.000000000          1600042867924.364         0.4999999999500000         0.4999999999500000         0.9999999999000000E-10
      394791666.6666666         0.1000000000000000E-03      5000000.000000000          1600042867924.364         0.4999999999500000         0.4999999999500000         0.9999999999000000E-10
      396875000.0000000         0.1000000000000000E-03      5000000.000000000          1600042867924.364         0.4999999999500000         0.4999999999500000         0.9999999999000000E-10
      398958333.3333333         0.1000000000000000E-03      5000000.000000000          1600042867924.364         0.4999999999500000         0.4999999999500000         0.9999999999000000E-10
      401041666.6666666         0.1000000000000000E-03      5000000.000000000          1600042867924.364         0.4999999999500000         0.4999999999500000         0.9999999999000000E-10
      403125000.0000000         0.1000000000000000E-03      5000000.000000000          1600042867924.364         0.4999999999500000         0.4999999999500000         0.9999999999000000E-10
      405208333.3333333         0.1000000000000000E-03      5000000.000000000          1600042867924.364         0.4999999999500000         0.4999999999500000         0.9999999999000000E-10
      407291666.6666666         0.1000000000000000E-03      5000000.000000000          1600042867924.364         0.4999999999500000         0.4999999999500000         0.9999999999000000E-10
      409375000.0000000         0.1000000000000000E-03      5000000.000000000          1600042867924.364         0.4999999999500000         0.4999999999500000         0.9999999999000000E-10
      411458333.3333333         0.1000000000000000E-03      5000000.000000000          1600042867924.364         0.4999999999500000         0.4999999999500000         0.9999999999000000E-10
      413541666.6666666         0.1000000000000000E-03      5000000.000000000          1600042867924.364         0.4999999999500000         0.4999999999500000         0.9999999999000000E-10
      415625000.0000000         0.1000000000000000E-03      5000000.000000000          1600042867924.364         0.4999999999500000         0.4999999999500000         0.9999999999000000E-10
      417708333.3333333         0.1000000000000000E-03      5000000.000000000          1600042867924.364         0.4999999999500000         0.4999999999500000         0.9999999999000000E-10
      419791666.6666666         0.1000000000000000E-03      5000000.000000000          1600042867924.364         0.4999999999500000         0.4999999999500000         0.9999999999000000E-10
      421875000.0000000         0.1000000000000000E-03      5000000.000000000          1600042867924.364         0.4999999999500000         0.4999999999500000         0.9999999999000000E-10
      423958333.3333333         0.1000000000000000E-03      5000000.000000000          1600042867924.364         0.4999999999500000         0.4999999999500000         0.9999999999000000E-10
      426041666.6666666         0.1000000000000000E-03      5000000.000000000          1600042867924.364         0.4999999999500000         0.4999999999500000         0.9999999999000000E-10
      428125000.0000000         0.1000000000000000E-03      5000000.000000000          1600042867924.364         0.4999999999500000         0.4999999999500000         0.9999999999000000E-10
      430208333.3333333         0.1000000000000000E-03      5000000.000000000          1600042867924.364         0.4999999999500000         0.4999999999500000         0.9999999999000000E-10
      432291666.6666666         0.1000000000000000E-03      5000000.000000000          1600042867924.364         0.4999999999500000         0.4999999999500000         0.9999999999000000E-10
      434375000.0000000         0.1000000000000000E-03      5000000.000000000          1600042867924.364         0.4999999999500000         0.4999999999500000         0.9999999999000000E-10
      436458333.3333333         0.1000000000000000E-03      5000000.000000000          1600042867924.364         0.4999999999500000         0.4999999999500000         0.9999999999000000E-10
      438541666.6666666         0.1000000000000000E-03      5000000.000000000          1600042867924.364         0.4999999999500000         0.4999999999500000         0.9999999999000000E-10
      440625000.0000000         0.1000000000000000E-03      5000000.000000000          1600042867924.364         0.4999999999500000         0.4999999999500000         0.9999999999000000E-10
      442708333.3333333         0.1000000000000000E-03      5000000.000000000          1600042867924.364         0.4999999999500000         0.4999999999500000         0.9999999999000000E-10
      444791666.6666666         0.1000000000000000E-03      5000000.000000000          1600042867924.364         0.4999999999500000         0.4999999999500000         0.9999999999000000E-10
      446875000.0000000         0.1000000000000000E-03      5000000.000000000          1600042867924.364         0.4999999999500000         0.4999999999500000         0.9999999999000000E-10
      448958333.3333333         0.1000000000000000E-03      5000000.000000000          1600042867924.364         0.4999999999500000         0.4999999999500000         0.9999999999000000E-10
      451041666.6666666         0.1000000000000000E-03      5000000.000000000          1600042867924.364         0.4999999999500000         0.4999999999500000         0.9999999999000000E-10
      453125000.0000000         0.1000000000000000E-03      5000000.000000000          1600042867924.364         0.4999999999500000         0.4999999999500000         0.9999999999000000E-10
      455208333.3333333         0.1000000000000000E-03      5000000.000000000          1600042867924.364         0.4999999999500000         0.4999999999500000         0.9999999999000000E-10
      457291666.6666666         0.1000000000000000E-03      5000000.000000000          1600042867924.364         0.4999999999500000         0.4999999999500000         0.9999999999000000E-10
      459375000.0000000         0.1000000000000000E-03      5000000.000000000          1600042867924.364         0.4999999999500000         0.4999999999500000         0.9999999999000000E-10
      461458333.3333333         0.1000000000000000E-03      5000000.000000000          1600042867924.364         0.4999999999500000         0.4999999999500000         0.9999999999000000E-10
      463541666.6666666         0.1000000000000000E-03      5000000.000000000          1600042867924.364         0.4999999999500000         0.4999999999500000         0.9999999999000000E-10
      465625000.0000000         0.1000000000000000E-03      5000000.000000000          1600042867924.364         0.4999999999500000         0.4999999999500000         0.9999999999000000E-10
      467708333.3333333         0.1000000000000000E-03      5000000.000000000          1600042867924.364         0.4999999999500000         0.4999999999500000         0.9999999999000000E-10
      469791666.6666666         0.1000000000000000E-03      5000000.000000000          1600042867924.364         0.4999999999500000         0.4999999999500000         0.9999999999000000E-10
      471875000.0000000         0.1000000000000000E-03      5000000.000000000          1600042867924.364         0.4999999999500000         0.4999999999500000         0.9999999999000000E-10
      473958333.3333333         0.1000000000000000E-03      5000000.000000000          1600042867924.364         0.4999999999500000         0.4999999999500000         0.9999999999000000E-10
      476041666.6666666         0.1000000000000000E-03      5000000.000000000          1600042867924.364         0.4999999999500000         0.4999999999500000         0.9999999999000000E-10
      478125000.0000000         0.1000000000000000E-03      5000000.000000000          1600042867924.364         0.4999999999500000         0.4999999999500000         0.9999999999000000E-10
      480208333.3333333         0.1000000000000000E-03      5000000.000000000          1600042867924.364         0.4999999999500000         0.4999999999500000         0.9999999999000000E-10
      482291666.6666666         0.1000000000000000E-03      5000000.000000000          1600042867924.364         0.4999999999500000         0.4999999999500000         0.9999999999000000E-10
      484375000.0000000         0.1000000000000000E-03      5000000.000000000          1600042867924.364         0.4999999999500000         0.4999999999500000         0.9999999999000000E-10
      486458333.3333333         0.1000000000000000E-03      5000000.000000000          1600042867924.364         0.4999999999500000         0.4999999999500000         0.9999999999000000E-10
      488541666.6666666         0.1000000000000000E-03      5000000.000000000          1600042867924.364         0.4999999999500000         0.4999999999500000         0.9999999999000000E-10
      490625000.0000000         0.1000000000000000E-03      5000000.000000000          1600042867924.364         0.4999999999500000         0.4999999999500000         0.9999999999000000E-10
      492708333.3333333         0.1000000000000000E-03      5000000.000000000          1600042867924.364         0.4999999999500000         0.4999999999500000         0.9999999999000000E-10
      494791666.6666666         0.1000000000000000E-03      5000000.000000000          1600042867924.364         0.4999999999500000         0.4999999999500000         0.9999999999000000E-10
      496875000.0000000         0.1000000000000000E-03      5000000.000000000          1600042867924.364         0.4999999999500000         0.4999999999500000         0.9999999999000000E-10
      498958333.3333333         0.1000000000000000E-03      5000000.000000000          1600042867924.364         0.4999999999500000         0.4999999999500000         0.9999999999000000E-10
