# npts =   320
# num of variables =     6
# density
# temperature
# pressure
# carbon-12       
# oxygen-16       
# ash             
      781250.0000000000          2677931283.957878          600343821.2716655         0.1804339099012337E+28     0.4974201554646994         0.4983201919341772         0.4259652601123398E-02
      2343750.000000000          2672513139.695767          599714142.4619697         0.1799449284625402E+28     0.4974201554646994         0.4983201919341772         0.4259652601123398E-02
      3906250.000000000          2661717711.272683          598457664.8229313         0.1789716552184499E+28     0.4974201554646994         0.4983201919341772         0.4259652601123398E-02
      5468750.000000000          2645627252.076320          596579879.7801945         0.1775234905639533E+28     0.4974206578799217         0.4983206952584741         0.4258646861604163E-02
      7031250.000000000          2624363625.941630          594090264.8916359         0.1756143002016435E+28     0.4974206578799217         0.4983206952584741         0.4258646861604163E-02
      8593750.000000000          2598086171.096717          590999547.6899940         0.1732621637312212E+28     0.4974211553217358         0.4983211936003638         0.4257651077900344E-02
      10156250.00000000          2566989753.114920          587321912.3031095         0.1704890439027330E+28     0.4974221051221935         0.4983221451193989         0.4255749758407559E-02
      11718750.00000000          2531302014.683671          583074680.0482386         0.1673203903909633E+28     0.4974226576020537         0.4983226985989212         0.4254643799025046E-02
      13281250.00000000          2491279050.058984          578276363.4913952         0.1637846907403675E+28     0.4974234225700101         0.4983234649510174         0.4253112478972549E-02
      14843750.00000000          2447200675.012854          572948040.3526325         0.1599129830101323E+28     0.4974241549169628         0.4983241986230851         0.4251646459952096E-02
      16406250.00000000          2399371394.497256          567112719.5754290         0.1557383396258897E+28     0.4974251547900777         0.4983252003053795         0.4249644904542823E-02
      17968750.00000000          2348112810.450812          560795459.0518845         0.1512953339499145E+28     0.4974262282487109         0.4983262757063383         0.4247496044950833E-02
      19531250.00000000          2293758617.403071          554022687.1658310         0.1466195097915783E+28     0.4974271545483668         0.4983272036820490         0.4245641769584202E-02
      21093750.00000000          2236650286.617003          546821466.6585819         0.1417468647039790E+28     0.4974283671616594         0.4983284184894549         0.4243214348885651E-02
      22656250.00000000          2177133597.446270          539220455.4380887         0.1367133567941216E+28     0.4974293197276780         0.4983293727790550         0.4241307493266922E-02
      24218750.00000000          2115555508.912886          531248383.5460432         0.1315544429429622E+28     0.4974304806744914         0.4983305358264959         0.4238983499012632E-02
      25781250.00000000          2052262025.077881          522935181.5702027         0.1263046543286298E+28     0.4974316515759898         0.4983317088466339         0.4236639577376308E-02
      27343750.00000000          1987596005.244536          514311464.4205874         0.1209972135711550E+28     0.4974326540156616         0.4983327131001291         0.4234632884209365E-02
      28906250.00000000          1921886467.787704          505407099.8235816         0.1156637094084319E+28     0.4974336546102353         0.4983337155051875         0.4232629884577089E-02
      30468750.00000000          1855456022.251870          496252701.1161065         0.1103338240326731E+28     0.4974346545158140         0.4983347172200042         0.4230628264181759E-02
      32031250.00000000          1788609958.917276          486878200.8713143         0.1050351104466477E+28     0.4974356527406838         0.4983357172510711         0.4228630008245169E-02
      33593750.00000000          1721632915.413216          477312415.9886165         0.9979283962526570E+27     0.4974366539002604         0.4983367202221547         0.4226625877584956E-02
      35156250.00000000          1654792517.118348          467583597.5909654         0.9462989675563200E+27     0.4974376532922654         0.4983377214224685         0.4224625285266092E-02
      36718750.00000000          1588342526.392655          457702082.8306655         0.8956671125039112E+27     0.4974889494674851         0.4982889316977845         0.4222118834730369E-02
      38281250.00000000          1522515337.952077          447731132.3579714         0.8462123240773065E+27     0.4974899083893638         0.4982898921616482         0.4220199448988122E-02
      39843750.00000000          1457525144.748290          437679030.0496560         0.7980895032997886E+27     0.4974907931883876         0.4982907783834644         0.4218428428148021E-02
      41406250.00000000          1393561581.321028          427570470.6319587         0.7514295557757480E+27     0.4974918674953999         0.4982918544180056         0.4216278086594522E-02
      42968750.00000000          1330788922.938698          417428461.9120116         0.7063404196718453E+27     0.4974928855609939         0.4982928741206900         0.4214240318316165E-02
      44531250.00000000          1269356170.441058          407275377.2811995         0.6629082100854325E+27     0.4974938691653967         0.4982938593067682         0.4212271527835094E-02
      46093750.00000000          1209395305.007785          397132819.2036516         0.6211984130840544E+27     0.4974948179920792         0.4982948096592022         0.4210372348718527E-02
      47656250.00000000          1151018786.048729          387021064.0897549         0.5812573060367121E+27     0.4974957389562269         0.4982957321042972         0.4208528939475920E-02
      49218750.00000000          1094317266.983845          376958497.9559408         0.5431135881709957E+27     0.4974966331985221         0.4982966277845700         0.4206739016907842E-02
      50781250.00000000          1039360013.877051          366961375.6543363         0.5067801430264299E+27     0.4974975036473527         0.4982974996331173         0.4204996719530142E-02
      52343750.00000000          986207232.2756734          357045874.1669704         0.4722556474258731E+27     0.4974983613647722         0.4982983587297809         0.4203279905446811E-02
      53906250.00000000          934903198.3204883          347226769.9668670         0.4395260953287098E+27     0.4974991995820058         0.4982991982949015         0.4201602123092583E-02
      55468750.00000000          885479717.2076256          337517891.9167637         0.4085663840853442E+27     0.4975000250059223         0.4983000250461329         0.4199949947944853E-02
      57031250.00000000          837947961.7360629          327930256.2954907         0.3793419595992616E+27     0.4975008430372033         0.4983008443928410         0.4198312569955679E-02
      58593750.00000000          792312243.8831047          318474307.4432266         0.3518103423135055E+27     0.4975021458333626         0.4983021492839489         0.4195704882688524E-02
      60156250.00000000          748568829.0810037          309160456.9672076         0.3259223789473446E+27     0.4975029440244369         0.4983029487585465         0.4194107217016611E-02
      61718750.00000000          706705508.6214602          299997600.4115356         0.3016234594196094E+27     0.4975037371764633         0.4983037431859933         0.4192519637543442E-02
      63281250.00000000          666695185.1465104          290992306.3776929         0.2788547811597602E+27     0.4975045240884838         0.4983045313634000         0.4190944548116182E-02
      64843750.00000000          628506924.3577462          282150751.6039799         0.2575544711124589E+27     0.4975053092610784         0.4983053177985837         0.4189372940337963E-02
      66406250.00000000          592106324.6707423          273478784.7228596         0.2376584380251930E+27     0.4975060944245301         0.4983061042246097         0.4187801350860093E-02
      67968750.00000000          557454160.0577371          264981510.5681941         0.2191011661986694E+27     0.4975068843583004         0.4983068954286253         0.4186220213074291E-02
      69531250.00000000          524500975.8523960          256661732.7842901         0.2018165463134357E+27     0.4975076724540237         0.4983076847916382         0.4184642754338173E-02
      71093750.00000000          493197705.8171788          248522348.0896930         0.1857385546463333E+27     0.4975084668183511         0.4983084804333354         0.4183052748313583E-02
      72656250.00000000          463493999.5070828          240565951.2287524         0.1708017173513461E+27     0.4975092726239838         0.4983092875347360         0.4181439841280226E-02
      74218750.00000000          435336737.1667882          232794359.7576392         0.1569415631517289E+27     0.4975100807720996         0.4983100969823865         0.4179822245513884E-02
      75781250.00000000          408667029.5728306          225207548.9331455         0.1440950870136504E+27     0.4975108953655263         0.4983109128857122         0.4178191748761464E-02
      77343750.00000000          383429568.8025960          217806246.8113756         0.1322010627246446E+27     0.4975114109937308         0.4983114293430674         0.4177159663201782E-02
      78906250.00000000          359568722.7020423          210590572.9921020         0.1212002211855629E+27     0.4975120393985808         0.4983120587584177         0.4175901843001520E-02
      80468750.00000000          337026260.3384103          203559560.2290027         0.1110354796529136E+27     0.4975128621934801         0.4983128828764043         0.4174254930115679E-02
      82031250.00000000          315743820.9412519          196711762.3490070         0.1016521281608710E+27     0.4975134107685675         0.4983134323336225         0.4173156897809865E-02
      83593750.00000000          295666333.6463553          190045993.4545633         0.9299789442742511E+26     0.4975140130379109         0.4983140355714393         0.4171951390649800E-02
      85156250.00000000          276739365.5440181          183560885.7660153         0.8502296819571310E+26     0.4975144122920762         0.4983144354676212         0.4171152240302595E-02
      86718750.00000000          258906264.4194257          177253480.9914954         0.7768007795657406E+26     0.4975149105218683         0.4983149344985869         0.4170154979544737E-02
      88281250.00000000          242114427.2749313          171121572.4461769         0.7092449710533139E+26     0.4975154087324052         0.4983154335102664         0.4169157757328264E-02
      89843750.00000000          226313169.8049258          165162958.8703148         0.6471397389356569E+26     0.4975157933019987         0.4983158186982632         0.4168387999738039E-02
      91406250.00000000          211451500.3863046          159374578.2916228         0.5900870593437756E+26     0.4975159105588196         0.4983159361436378         0.4168153297542455E-02
      92968750.00000000          197480014.1178334          153752939.8367169         0.5377130540855514E+26     0.4975164023796652         0.4983164287553511         0.4167168864983606E-02
      94531250.00000000          184343138.0205899          148019599.5830402         0.4896682533694994E+26     0.4989495107710291         0.4992878993298793         0.1762589899091640E-02
      96093750.00000000          172010004.1609935          142537970.1167711         0.4456248580375824E+26     0.4999999999500000         0.4999999999500000         0.9999999999000000E-10
      97656250.00000000          160438868.8141247          137414702.0900749         0.4052745916200838E+26     0.4999999999500000         0.4999999999500000         0.9999999999000000E-10
      99218750.00000000          149581335.1076540          132444731.1149396         0.3683304157110450E+26     0.4999999999500000         0.4999999999500000         0.9999999999000000E-10
      100781250.0000000          139392858.2220185          129175000.0000000         0.3345262835426670E+26     0.4999999999500000         0.4999999999500000         0.9999999999000000E-10
      102343750.0000000          129833697.2430342          128144886.3636364         0.3036154773989358E+26     0.4999999999500000         0.4999999999500000         0.9999999999000000E-10
      103906250.0000000          120876212.2379509          127105625.0000000         0.2753680535008494E+26     0.4999999999500000         0.4999999999500000         0.9999999999000000E-10
      105468750.0000000          112486159.0413617          126077272.7272727         0.2495696671819378E+26     0.4999999999500000         0.4999999999500000         0.9999999999000000E-10
      107031250.0000000          104629985.5789181          125031770.8333333         0.2260216898408668E+26     0.4999999999500000         0.4999999999500000         0.9999999999000000E-10
      108593750.0000000          97275790.94647470          124067613.6363636         0.2045403648173756E+26     0.4999999999500000         0.4999999999500000         0.9999999999000000E-10
      110156250.0000000          90394501.24980982          123129166.6666667         0.1849557482385495E+26     0.4999999999500000         0.4999999999500000         0.9999999999000000E-10
      111718750.0000000          83957870.57818654          122139062.5000000         0.1671107663087342E+26     0.4999999999500000         0.4999999999500000         0.9999999999000000E-10
      113281250.0000000          77938643.64140287          121145833.3333333         0.1508604884508335E+26     0.4999999999500000         0.4999999999500000         0.9999999999000000E-10
      114843750.0000000          72311680.69448587          120273076.9230769         0.1360712892030665E+26     0.4999999999500000         0.4999999999500000         0.9999999999000000E-10
      116406250.0000000          67053559.03911939          119311538.4615385         0.1226199687774000E+26     0.4999999999500000         0.4999999999500000         0.9999999999000000E-10
      117968750.0000000          62140963.04035069          118415625.0000000         0.1103931020327722E+26     0.4999999999500000         0.4999999999500000         0.9999999999000000E-10
      119531250.0000000          57553082.79453398          117529910.7142857         0.9928633700770051E+25     0.4999999999500000         0.4999999999500000         0.9999999999000000E-10
      121093750.0000000          53269850.15529995          116653125.0000000         0.8920366353950053E+25     0.4999999999500000         0.4999999999500000         0.9999999999000000E-10
      122656250.0000000          49272007.26697791          115796323.5294118         0.8005686975563187E+25     0.4999999999500000         0.4999999999500000         0.9999999999000000E-10
      124218750.0000000          45542089.32854332          114923511.9047619         0.7176492806074123E+25     0.4999999999500000         0.4999999999500000         0.9999999999000000E-10
      125781250.0000000          42063179.41895765          114101822.9166667         0.6425343355258771E+25     0.4999999999500000         0.4999999999500000         0.9999999999000000E-10
      127343750.0000000          38819413.70806491          113255468.7500000         0.5745413346718436E+25     0.4999999999500000         0.4999999999500000         0.9999999999000000E-10
      128906250.0000000          35796099.41258503          112446875.0000000         0.5130442707798959E+25     0.4999999999500000         0.4999999999500000         0.9999999999000000E-10
      130468750.0000000          32979215.00650967          111665625.0000000         0.4574692312819474E+25     0.4999999999500000         0.4999999999500000         0.9999999999000000E-10
      132031250.0000000          30355715.69340674          110802291.6666667         0.4072903616493231E+25     0.4999999999500000         0.4999999999500000         0.9999999999000000E-10
      133593750.0000000          27913391.91857937          109916875.0000000         0.3620259139028941E+25     0.4999999999500000         0.4999999999500000         0.9999999999000000E-10
      135156250.0000000          25640519.52452606          109002205.8823529         0.3212348906592128E+25     0.4999999999500000         0.4999999999500000         0.9999999999000000E-10
      136718750.0000000          23526258.17170389          108083088.2352941         0.2845138331603569E+25     0.4999999999500000         0.4999999999500000         0.9999999999000000E-10
      138281250.0000000          21560597.88072754          107106891.0256410         0.2514935331840859E+25     0.4999999999500000         0.4999999999500000         0.9999999999000000E-10
      139843750.0000000          19733785.60294193          106105288.4615385         0.2218363914337989E+25     0.4999999999500000         0.4999999999500000         0.9999999999000000E-10
      141406250.0000000          18036968.55869060          105089453.1250000         0.1952338745533442E+25     0.4999999999500000         0.4999999999500000         0.9999999999000000E-10
      142968750.0000000          16461785.77410311          104015234.3750000         0.1714039545890219E+25     0.4999999999500000         0.4999999999500000         0.9999999999000000E-10
      144531250.0000000          15000258.20333897          102941015.6250000         0.1500890564698404E+25     0.4999999999500000         0.4999999999500000         0.9999999999000000E-10
      146093750.0000000          13645145.86933291          101839375.0000000         0.1310539579759041E+25     0.4999999999500000         0.4999999999500000         0.9999999999000000E-10
      147656250.0000000          12389576.86571914          100544012.0967742         0.1140838256299974E+25     0.4999999999500000         0.4999999999500000         0.9999999999000000E-10
      149218750.0000000          11226978.96714718          99248649.19354838         0.9898265332789504E+24     0.4999999999500000         0.4999999999500000         0.9999999999000000E-10
      150781250.0000000          10151278.23130091          97953286.29032259         0.8557170892355000E+24     0.4999999999500000         0.4999999999500000         0.9999999999000000E-10
      152343750.0000000          9156864.181374414          96595020.16129032         0.7368797313312840E+24     0.4999999999500000         0.4999999999500000         0.9999999999000000E-10
      153906250.0000000          8238632.188330661          94896431.45161290         0.6318267247383271E+24     0.4999999999500000         0.4999999999500000         0.9999999999000000E-10
      155468750.0000000          7391328.485735069          93197842.74193549         0.5392026947919472E+24     0.4999999999500000         0.4999999999500000         0.9999999999000000E-10
      157031250.0000000          6610368.112919942          91499254.03225806         0.4577741487154068E+24     0.4999999999500000         0.4999999999500000         0.9999999999000000E-10
      158593750.0000000          5891384.927716493          89800665.32258065         0.3864175139141504E+24     0.4999999999500000         0.4999999999500000         0.9999999999000000E-10
      160156250.0000000          5230374.904044962          88102076.61290322         0.3241096847805513E+24     0.4999999999500000         0.4999999999500000         0.9999999999000000E-10
      161718750.0000000          4623362.800697309          86750000.00000000         0.2699202028256356E+24     0.4999999999500000         0.4999999999500000         0.9999999999000000E-10
      163281250.0000000          4066435.321602315          86750000.00000000         0.2230055239358547E+24     0.4999999999500000         0.4999999999500000         0.9999999999000000E-10
      164843750.0000000          3557060.093609631          86750000.00000000         0.1825964134801436E+24     0.4999999999500000         0.4999999999500000         0.9999999999000000E-10
      166406250.0000000          3092160.818086372          86750000.00000000         0.1479894172034817E+24     0.4999999999500000         0.4999999999500000         0.9999999999000000E-10
      167968750.0000000          2668877.060063709          86750000.00000000         0.1185448866523237E+24     0.4999999999500000         0.4999999999500000         0.9999999999000000E-10
      169531250.0000000          2284536.207597038          86750000.00000000         0.9368135540828359E+23     0.4999999999500000         0.4999999999500000         0.9999999999000000E-10
      171093750.0000000          1936678.468019070          86750000.00000000         0.7287028572456113E+23     0.4999999999500000         0.4999999999500000         0.9999999999000000E-10
      172656250.0000000          1623022.514963980          86750000.00000000         0.5563119536482107E+23     0.4999999999500000         0.4999999999500000         0.9999999999000000E-10
      174218750.0000000          1341469.310780255          86750000.00000000         0.4152724256025015E+23     0.4999999999500000         0.4999999999500000         0.9999999999000000E-10
      175781250.0000000          1090104.097331699          86750000.00000000         0.3016106667307811E+23     0.4999999999500000         0.4999999999500000         0.9999999999000000E-10
      177343750.0000000          867198.7901203112          86750000.00000000         0.2117087830929813E+23     0.4999999999500000         0.4999999999500000         0.9999999999000000E-10
      178906250.0000000          671220.5462644082          86750000.00000000         0.1422675611061945E+23     0.4999999999500000         0.4999999999500000         0.9999999999000000E-10
      180468750.0000000          500855.5833828520          86750000.00000000         0.9027045611982410E+22     0.4999999999500000         0.4999999999500000         0.9999999999000000E-10
      182031250.0000000          355058.2600427037          86750000.00000000         0.5294683861126840E+22     0.4999999999500000         0.4999999999500000         0.9999999999000000E-10
      183593750.0000000          233147.8350042758          86750000.00000000         0.2773154844746385E+22     0.4999999999500000         0.4999999999500000         0.9999999999000000E-10
      185156250.0000000          135052.4340804240          86750000.00000000         0.1221301596745563E+22     0.4999999999500000         0.4999999999500000         0.9999999999000000E-10
      186718750.0000000          61935.28713990264          86750000.00000000         0.4049257173500440E+21     0.4999999999500000         0.4999999999500000         0.9999999999000000E-10
      188281250.0000000          17208.61557041099          86750000.00000000         0.8236862007371244E+20     0.4999999999500000         0.4999999999500000         0.9999999999000000E-10
      189843750.0000000          1622.187171666887          86750000.00000000         0.6885191440567338E+19     0.4999999999500000         0.4999999999500000         0.9999999999000000E-10
      191406250.0000000          42.88439917381729          86750000.00000000         0.3197043598127389E+18     0.4999999999500000         0.4999999999500000         0.9999999999000000E-10
      192968750.0000000          1.313041539341348          86750000.00000000         0.1482531276660139E+18     0.4999999999500000         0.4999999999500000         0.9999999999000000E-10
      194531250.0000000         0.5180967078342026E-01      86750000.00000000         0.1430436323667762E+18     0.4999999999500000         0.4999999999500000         0.9999999999000000E-10
      196093750.0000000         0.2468823956789046E-02      86750000.00000000         0.1428397585371636E+18     0.4999999999500000         0.4999999999500000         0.9999999999000000E-10
      197656250.0000000         0.1373605840396579E-03      86750000.00000000         0.1428301242899564E+18     0.4999999999500000         0.4999999999500000         0.9999999999000000E-10
      199218750.0000000         0.1000000000000000E-03      5000000.000000000          1600042867924.364         0.4999999999500000         0.4999999999500000         0.9999999999000000E-10
      200781250.0000000         0.1000000000000000E-03      5000000.000000000          1600042867924.364         0.4999999999500000         0.4999999999500000         0.9999999999000000E-10
      202343750.0000000         0.1000000000000000E-03      5000000.000000000          1600042867924.364         0.4999999999500000         0.4999999999500000         0.9999999999000000E-10
      203906250.0000000         0.1000000000000000E-03      5000000.000000000          1600042867924.364         0.4999999999500000         0.4999999999500000         0.9999999999000000E-10
      205468750.0000000         0.1000000000000000E-03      5000000.000000000          1600042867924.364         0.4999999999500000         0.4999999999500000         0.9999999999000000E-10
      207031250.0000000         0.1000000000000000E-03      5000000.000000000          1600042867924.364         0.4999999999500000         0.4999999999500000         0.9999999999000000E-10
      208593750.0000000         0.1000000000000000E-03      5000000.000000000          1600042867924.364         0.4999999999500000         0.4999999999500000         0.9999999999000000E-10
      210156250.0000000         0.1000000000000000E-03      5000000.000000000          1600042867924.364         0.4999999999500000         0.4999999999500000         0.9999999999000000E-10
      211718750.0000000         0.1000000000000000E-03      5000000.000000000          1600042867924.364         0.4999999999500000         0.4999999999500000         0.9999999999000000E-10
      213281250.0000000         0.1000000000000000E-03      5000000.000000000          1600042867924.364         0.4999999999500000         0.4999999999500000         0.9999999999000000E-10
      214843750.0000000         0.1000000000000000E-03      5000000.000000000          1600042867924.364         0.4999999999500000         0.4999999999500000         0.9999999999000000E-10
      216406250.0000000         0.1000000000000000E-03      5000000.000000000          1600042867924.364         0.4999999999500000         0.4999999999500000         0.9999999999000000E-10
      217968750.0000000         0.1000000000000000E-03      5000000.000000000          1600042867924.364         0.4999999999500000         0.4999999999500000         0.9999999999000000E-10
      219531250.0000000         0.1000000000000000E-03      5000000.000000000          1600042867924.364         0.4999999999500000         0.4999999999500000         0.9999999999000000E-10
      221093750.0000000         0.1000000000000000E-03      5000000.000000000          1600042867924.364         0.4999999999500000         0.4999999999500000         0.9999999999000000E-10
      222656250.0000000         0.1000000000000000E-03      5000000.000000000          1600042867924.364         0.4999999999500000         0.4999999999500000         0.9999999999000000E-10
      224218750.0000000         0.1000000000000000E-03      5000000.000000000          1600042867924.364         0.4999999999500000         0.4999999999500000         0.9999999999000000E-10
      225781250.0000000         0.1000000000000000E-03      5000000.000000000          1600042867924.364         0.4999999999500000         0.4999999999500000         0.9999999999000000E-10
      227343750.0000000         0.1000000000000000E-03      5000000.000000000          1600042867924.364         0.4999999999500000         0.4999999999500000         0.9999999999000000E-10
      228906250.0000000         0.1000000000000000E-03      5000000.000000000          1600042867924.364         0.4999999999500000         0.4999999999500000         0.9999999999000000E-10
      230468750.0000000         0.1000000000000000E-03      5000000.000000000          1600042867924.364         0.4999999999500000         0.4999999999500000         0.9999999999000000E-10
      232031250.0000000         0.1000000000000000E-03      5000000.000000000          1600042867924.364         0.4999999999500000         0.4999999999500000         0.9999999999000000E-10
      233593750.0000000         0.1000000000000000E-03      5000000.000000000          1600042867924.364         0.4999999999500000         0.4999999999500000         0.9999999999000000E-10
      235156250.0000000         0.1000000000000000E-03      5000000.000000000          1600042867924.364         0.4999999999500000         0.4999999999500000         0.9999999999000000E-10
      236718750.0000000         0.1000000000000000E-03      5000000.000000000          1600042867924.364         0.4999999999500000         0.4999999999500000         0.9999999999000000E-10
      238281250.0000000         0.1000000000000000E-03      5000000.000000000          1600042867924.364         0.4999999999500000         0.4999999999500000         0.9999999999000000E-10
      239843750.0000000         0.1000000000000000E-03      5000000.000000000          1600042867924.364         0.4999999999500000         0.4999999999500000         0.9999999999000000E-10
      241406250.0000000         0.1000000000000000E-03      5000000.000000000          1600042867924.364         0.4999999999500000         0.4999999999500000         0.9999999999000000E-10
      242968750.0000000         0.1000000000000000E-03      5000000.000000000          1600042867924.364         0.4999999999500000         0.4999999999500000         0.9999999999000000E-10
      244531250.0000000         0.1000000000000000E-03      5000000.000000000          1600042867924.364         0.4999999999500000         0.4999999999500000         0.9999999999000000E-10
      246093750.0000000         0.1000000000000000E-03      5000000.000000000          1600042867924.364         0.4999999999500000         0.4999999999500000         0.9999999999000000E-10
      247656250.0000000         0.1000000000000000E-03      5000000.000000000          1600042867924.364         0.4999999999500000         0.4999999999500000         0.9999999999000000E-10
      249218750.0000000         0.1000000000000000E-03      5000000.000000000          1600042867924.364         0.4999999999500000         0.4999999999500000         0.9999999999000000E-10
      250781250.0000000         0.1000000000000000E-03      5000000.000000000          1600042867924.364         0.4999999999500000         0.4999999999500000         0.9999999999000000E-10
      252343750.0000000         0.1000000000000000E-03      5000000.000000000          1600042867924.364         0.4999999999500000         0.4999999999500000         0.9999999999000000E-10
      253906250.0000000         0.1000000000000000E-03      5000000.000000000          1600042867924.364         0.4999999999500000         0.4999999999500000         0.9999999999000000E-10
      255468750.0000000         0.1000000000000000E-03      5000000.000000000          1600042867924.364         0.4999999999500000         0.4999999999500000         0.9999999999000000E-10
      257031250.0000000         0.1000000000000000E-03      5000000.000000000          1600042867924.364         0.4999999999500000         0.4999999999500000         0.9999999999000000E-10
      258593750.0000000         0.1000000000000000E-03      5000000.000000000          1600042867924.364         0.4999999999500000         0.4999999999500000         0.9999999999000000E-10
      260156250.0000000         0.1000000000000000E-03      5000000.000000000          1600042867924.364         0.4999999999500000         0.4999999999500000         0.9999999999000000E-10
      261718750.0000000         0.1000000000000000E-03      5000000.000000000          1600042867924.364         0.4999999999500000         0.4999999999500000         0.9999999999000000E-10
      263281250.0000000         0.1000000000000000E-03      5000000.000000000          1600042867924.364         0.4999999999500000         0.4999999999500000         0.9999999999000000E-10
      264843750.0000000         0.1000000000000000E-03      5000000.000000000          1600042867924.364         0.4999999999500000         0.4999999999500000         0.9999999999000000E-10
      266406250.0000000         0.1000000000000000E-03      5000000.000000000          1600042867924.364         0.4999999999500000         0.4999999999500000         0.9999999999000000E-10
      267968750.0000000         0.1000000000000000E-03      5000000.000000000          1600042867924.364         0.4999999999500000         0.4999999999500000         0.9999999999000000E-10
      269531250.0000000         0.1000000000000000E-03      5000000.000000000          1600042867924.364         0.4999999999500000         0.4999999999500000         0.9999999999000000E-10
      271093750.0000000         0.1000000000000000E-03      5000000.000000000          1600042867924.364         0.4999999999500000         0.4999999999500000         0.9999999999000000E-10
      272656250.0000000         0.1000000000000000E-03      5000000.000000000          1600042867924.364         0.4999999999500000         0.4999999999500000         0.9999999999000000E-10
      274218750.0000000         0.1000000000000000E-03      5000000.000000000          1600042867924.364         0.4999999999500000         0.4999999999500000         0.9999999999000000E-10
      275781250.0000000         0.1000000000000000E-03      5000000.000000000          1600042867924.364         0.4999999999500000         0.4999999999500000         0.9999999999000000E-10
      277343750.0000000         0.1000000000000000E-03      5000000.000000000          1600042867924.364         0.4999999999500000         0.4999999999500000         0.9999999999000000E-10
      278906250.0000000         0.1000000000000000E-03      5000000.000000000          1600042867924.364         0.4999999999500000         0.4999999999500000         0.9999999999000000E-10
      280468750.0000000         0.1000000000000000E-03      5000000.000000000          1600042867924.364         0.4999999999500000         0.4999999999500000         0.9999999999000000E-10
      282031250.0000000         0.1000000000000000E-03      5000000.000000000          1600042867924.364         0.4999999999500000         0.4999999999500000         0.9999999999000000E-10
      283593750.0000000         0.1000000000000000E-03      5000000.000000000          1600042867924.364         0.4999999999500000         0.4999999999500000         0.9999999999000000E-10
      285156250.0000000         0.1000000000000000E-03      5000000.000000000          1600042867924.364         0.4999999999500000         0.4999999999500000         0.9999999999000000E-10
      286718750.0000000         0.1000000000000000E-03      5000000.000000000          1600042867924.364         0.4999999999500000         0.4999999999500000         0.9999999999000000E-10
      288281250.0000000         0.1000000000000000E-03      5000000.000000000          1600042867924.364         0.4999999999500000         0.4999999999500000         0.9999999999000000E-10
      289843750.0000000         0.1000000000000000E-03      5000000.000000000          1600042867924.364         0.4999999999500000         0.4999999999500000         0.9999999999000000E-10
      291406250.0000000         0.1000000000000000E-03      5000000.000000000          1600042867924.364         0.4999999999500000         0.4999999999500000         0.9999999999000000E-10
      292968750.0000000         0.1000000000000000E-03      5000000.000000000          1600042867924.364         0.4999999999500000         0.4999999999500000         0.9999999999000000E-10
      294531250.0000000         0.1000000000000000E-03      5000000.000000000          1600042867924.364         0.4999999999500000         0.4999999999500000         0.9999999999000000E-10
      296093750.0000000         0.1000000000000000E-03      5000000.000000000          1600042867924.364         0.4999999999500000         0.4999999999500000         0.9999999999000000E-10
      297656250.0000000         0.1000000000000000E-03      5000000.000000000          1600042867924.364         0.4999999999500000         0.4999999999500000         0.9999999999000000E-10
      299218750.0000000         0.1000000000000000E-03      5000000.000000000          1600042867924.364         0.4999999999500000         0.4999999999500000         0.9999999999000000E-10
      300781250.0000000         0.1000000000000000E-03      5000000.000000000          1600042867924.364         0.4999999999500000         0.4999999999500000         0.9999999999000000E-10
      302343750.0000000         0.1000000000000000E-03      5000000.000000000          1600042867924.364         0.4999999999500000         0.4999999999500000         0.9999999999000000E-10
      303906250.0000000         0.1000000000000000E-03      5000000.000000000          1600042867924.364         0.4999999999500000         0.4999999999500000         0.9999999999000000E-10
      305468750.0000000         0.1000000000000000E-03      5000000.000000000          1600042867924.364         0.4999999999500000         0.4999999999500000         0.9999999999000000E-10
      307031250.0000000         0.1000000000000000E-03      5000000.000000000          1600042867924.364         0.4999999999500000         0.4999999999500000         0.9999999999000000E-10
      308593750.0000000         0.1000000000000000E-03      5000000.000000000          1600042867924.364         0.4999999999500000         0.4999999999500000         0.9999999999000000E-10
      310156250.0000000         0.1000000000000000E-03      5000000.000000000          1600042867924.364         0.4999999999500000         0.4999999999500000         0.9999999999000000E-10
      311718750.0000000         0.1000000000000000E-03      5000000.000000000          1600042867924.364         0.4999999999500000         0.4999999999500000         0.9999999999000000E-10
      313281250.0000000         0.1000000000000000E-03      5000000.000000000          1600042867924.364         0.4999999999500000         0.4999999999500000         0.9999999999000000E-10
      314843750.0000000         0.1000000000000000E-03      5000000.000000000          1600042867924.364         0.4999999999500000         0.4999999999500000         0.9999999999000000E-10
      316406250.0000000         0.1000000000000000E-03      5000000.000000000          1600042867924.364         0.4999999999500000         0.4999999999500000         0.9999999999000000E-10
      317968750.0000000         0.1000000000000000E-03      5000000.000000000          1600042867924.364         0.4999999999500000         0.4999999999500000         0.9999999999000000E-10
      319531250.0000000         0.1000000000000000E-03      5000000.000000000          1600042867924.364         0.4999999999500000         0.4999999999500000         0.9999999999000000E-10
      321093750.0000000         0.1000000000000000E-03      5000000.000000000          1600042867924.364         0.4999999999500000         0.4999999999500000         0.9999999999000000E-10
      322656250.0000000         0.1000000000000000E-03      5000000.000000000          1600042867924.364         0.4999999999500000         0.4999999999500000         0.9999999999000000E-10
      324218750.0000000         0.1000000000000000E-03      5000000.000000000          1600042867924.364         0.4999999999500000         0.4999999999500000         0.9999999999000000E-10
      325781250.0000000         0.1000000000000000E-03      5000000.000000000          1600042867924.364         0.4999999999500000         0.4999999999500000         0.9999999999000000E-10
      327343750.0000000         0.1000000000000000E-03      5000000.000000000          1600042867924.364         0.4999999999500000         0.4999999999500000         0.9999999999000000E-10
      328906250.0000000         0.1000000000000000E-03      5000000.000000000          1600042867924.364         0.4999999999500000         0.4999999999500000         0.9999999999000000E-10
      330468750.0000000         0.1000000000000000E-03      5000000.000000000          1600042867924.364         0.4999999999500000         0.4999999999500000         0.9999999999000000E-10
      332031250.0000000         0.1000000000000000E-03      5000000.000000000          1600042867924.364         0.4999999999500000         0.4999999999500000         0.9999999999000000E-10
      333593750.0000000         0.1000000000000000E-03      5000000.000000000          1600042867924.364         0.4999999999500000         0.4999999999500000         0.9999999999000000E-10
      335156250.0000000         0.1000000000000000E-03      5000000.000000000          1600042867924.364         0.4999999999500000         0.4999999999500000         0.9999999999000000E-10
      336718750.0000000         0.1000000000000000E-03      5000000.000000000          1600042867924.364         0.4999999999500000         0.4999999999500000         0.9999999999000000E-10
      338281250.0000000         0.1000000000000000E-03      5000000.000000000          1600042867924.364         0.4999999999500000         0.4999999999500000         0.9999999999000000E-10
      339843750.0000000         0.1000000000000000E-03      5000000.000000000          1600042867924.364         0.4999999999500000         0.4999999999500000         0.9999999999000000E-10
      341406250.0000000         0.1000000000000000E-03      5000000.000000000          1600042867924.364         0.4999999999500000         0.4999999999500000         0.9999999999000000E-10
      342968750.0000000         0.1000000000000000E-03      5000000.000000000          1600042867924.364         0.4999999999500000         0.4999999999500000         0.9999999999000000E-10
      344531250.0000000         0.1000000000000000E-03      5000000.000000000          1600042867924.364         0.4999999999500000         0.4999999999500000         0.9999999999000000E-10
      346093750.0000000         0.1000000000000000E-03      5000000.000000000          1600042867924.364         0.4999999999500000         0.4999999999500000         0.9999999999000000E-10
      347656250.0000000         0.1000000000000000E-03      5000000.000000000          1600042867924.364         0.4999999999500000         0.4999999999500000         0.9999999999000000E-10
      349218750.0000000         0.1000000000000000E-03      5000000.000000000          1600042867924.364         0.4999999999500000         0.4999999999500000         0.9999999999000000E-10
      350781250.0000000         0.1000000000000000E-03      5000000.000000000          1600042867924.364         0.4999999999500000         0.4999999999500000         0.9999999999000000E-10
      352343750.0000000         0.1000000000000000E-03      5000000.000000000          1600042867924.364         0.4999999999500000         0.4999999999500000         0.9999999999000000E-10
      353906250.0000000         0.1000000000000000E-03      5000000.000000000          1600042867924.364         0.4999999999500000         0.4999999999500000         0.9999999999000000E-10
      355468750.0000000         0.1000000000000000E-03      5000000.000000000          1600042867924.364         0.4999999999500000         0.4999999999500000         0.9999999999000000E-10
      357031250.0000000         0.1000000000000000E-03      5000000.000000000          1600042867924.364         0.4999999999500000         0.4999999999500000         0.9999999999000000E-10
      358593750.0000000         0.1000000000000000E-03      5000000.000000000          1600042867924.364         0.4999999999500000         0.4999999999500000         0.9999999999000000E-10
      360156250.0000000         0.1000000000000000E-03      5000000.000000000          1600042867924.364         0.4999999999500000         0.4999999999500000         0.9999999999000000E-10
      361718750.0000000         0.1000000000000000E-03      5000000.000000000          1600042867924.364         0.4999999999500000         0.4999999999500000         0.9999999999000000E-10
      363281250.0000000         0.1000000000000000E-03      5000000.000000000          1600042867924.364         0.4999999999500000         0.4999999999500000         0.9999999999000000E-10
      364843750.0000000         0.1000000000000000E-03      5000000.000000000          1600042867924.364         0.4999999999500000         0.4999999999500000         0.9999999999000000E-10
      366406250.0000000         0.1000000000000000E-03      5000000.000000000          1600042867924.364         0.4999999999500000         0.4999999999500000         0.9999999999000000E-10
      367968750.0000000         0.1000000000000000E-03      5000000.000000000          1600042867924.364         0.4999999999500000         0.4999999999500000         0.9999999999000000E-10
      369531250.0000000         0.1000000000000000E-03      5000000.000000000          1600042867924.364         0.4999999999500000         0.4999999999500000         0.9999999999000000E-10
      371093750.0000000         0.1000000000000000E-03      5000000.000000000          1600042867924.364         0.4999999999500000         0.4999999999500000         0.9999999999000000E-10
      372656250.0000000         0.1000000000000000E-03      5000000.000000000          1600042867924.364         0.4999999999500000         0.4999999999500000         0.9999999999000000E-10
      374218750.0000000         0.1000000000000000E-03      5000000.000000000          1600042867924.364         0.4999999999500000         0.4999999999500000         0.9999999999000000E-10
      375781250.0000000         0.1000000000000000E-03      5000000.000000000          1600042867924.364         0.4999999999500000         0.4999999999500000         0.9999999999000000E-10
      377343750.0000000         0.1000000000000000E-03      5000000.000000000          1600042867924.364         0.4999999999500000         0.4999999999500000         0.9999999999000000E-10
      378906250.0000000         0.1000000000000000E-03      5000000.000000000          1600042867924.364         0.4999999999500000         0.4999999999500000         0.9999999999000000E-10
      380468750.0000000         0.1000000000000000E-03      5000000.000000000          1600042867924.364         0.4999999999500000         0.4999999999500000         0.9999999999000000E-10
      382031250.0000000         0.1000000000000000E-03      5000000.000000000          1600042867924.364         0.4999999999500000         0.4999999999500000         0.9999999999000000E-10
      383593750.0000000         0.1000000000000000E-03      5000000.000000000          1600042867924.364         0.4999999999500000         0.4999999999500000         0.9999999999000000E-10
      385156250.0000000         0.1000000000000000E-03      5000000.000000000          1600042867924.364         0.4999999999500000         0.4999999999500000         0.9999999999000000E-10
      386718750.0000000         0.1000000000000000E-03      5000000.000000000          1600042867924.364         0.4999999999500000         0.4999999999500000         0.9999999999000000E-10
      388281250.0000000         0.1000000000000000E-03      5000000.000000000          1600042867924.364         0.4999999999500000         0.4999999999500000         0.9999999999000000E-10
      389843750.0000000         0.1000000000000000E-03      5000000.000000000          1600042867924.364         0.4999999999500000         0.4999999999500000         0.9999999999000000E-10
      391406250.0000000         0.1000000000000000E-03      5000000.000000000          1600042867924.364         0.4999999999500000         0.4999999999500000         0.9999999999000000E-10
      392968750.0000000         0.1000000000000000E-03      5000000.000000000          1600042867924.364         0.4999999999500000         0.4999999999500000         0.9999999999000000E-10
      394531250.0000000         0.1000000000000000E-03      5000000.000000000          1600042867924.364         0.4999999999500000         0.4999999999500000         0.9999999999000000E-10
      396093750.0000000         0.1000000000000000E-03      5000000.000000000          1600042867924.364         0.4999999999500000         0.4999999999500000         0.9999999999000000E-10
      397656250.0000000         0.1000000000000000E-03      5000000.000000000          1600042867924.364         0.4999999999500000         0.4999999999500000         0.9999999999000000E-10
      399218750.0000000         0.1000000000000000E-03      5000000.000000000          1600042867924.364         0.4999999999500000         0.4999999999500000         0.9999999999000000E-10
      400781250.0000000         0.1000000000000000E-03      5000000.000000000          1600042867924.364         0.4999999999500000         0.4999999999500000         0.9999999999000000E-10
      402343750.0000000         0.1000000000000000E-03      5000000.000000000          1600042867924.364         0.4999999999500000         0.4999999999500000         0.9999999999000000E-10
      403906250.0000000         0.1000000000000000E-03      5000000.000000000          1600042867924.364         0.4999999999500000         0.4999999999500000         0.9999999999000000E-10
      405468750.0000000         0.1000000000000000E-03      5000000.000000000          1600042867924.364         0.4999999999500000         0.4999999999500000         0.9999999999000000E-10
      407031250.0000000         0.1000000000000000E-03      5000000.000000000          1600042867924.364         0.4999999999500000         0.4999999999500000         0.9999999999000000E-10
      408593750.0000000         0.1000000000000000E-03      5000000.000000000          1600042867924.364         0.4999999999500000         0.4999999999500000         0.9999999999000000E-10
      410156250.0000000         0.1000000000000000E-03      5000000.000000000          1600042867924.364         0.4999999999500000         0.4999999999500000         0.9999999999000000E-10
      411718750.0000000         0.1000000000000000E-03      5000000.000000000          1600042867924.364         0.4999999999500000         0.4999999999500000         0.9999999999000000E-10
      413281250.0000000         0.1000000000000000E-03      5000000.000000000          1600042867924.364         0.4999999999500000         0.4999999999500000         0.9999999999000000E-10
      414843750.0000000         0.1000000000000000E-03      5000000.000000000          1600042867924.364         0.4999999999500000         0.4999999999500000         0.9999999999000000E-10
      416406250.0000000         0.1000000000000000E-03      5000000.000000000          1600042867924.364         0.4999999999500000         0.4999999999500000         0.9999999999000000E-10
      417968750.0000000         0.1000000000000000E-03      5000000.000000000          1600042867924.364         0.4999999999500000         0.4999999999500000         0.9999999999000000E-10
      419531250.0000000         0.1000000000000000E-03      5000000.000000000          1600042867924.364         0.4999999999500000         0.4999999999500000         0.9999999999000000E-10
      421093750.0000000         0.1000000000000000E-03      5000000.000000000          1600042867924.364         0.4999999999500000         0.4999999999500000         0.9999999999000000E-10
      422656250.0000000         0.1000000000000000E-03      5000000.000000000          1600042867924.364         0.4999999999500000         0.4999999999500000         0.9999999999000000E-10
      424218750.0000000         0.1000000000000000E-03      5000000.000000000          1600042867924.364         0.4999999999500000         0.4999999999500000         0.9999999999000000E-10
      425781250.0000000         0.1000000000000000E-03      5000000.000000000          1600042867924.364         0.4999999999500000         0.4999999999500000         0.9999999999000000E-10
      427343750.0000000         0.1000000000000000E-03      5000000.000000000          1600042867924.364         0.4999999999500000         0.4999999999500000         0.9999999999000000E-10
      428906250.0000000         0.1000000000000000E-03      5000000.000000000          1600042867924.364         0.4999999999500000         0.4999999999500000         0.9999999999000000E-10
      430468750.0000000         0.1000000000000000E-03      5000000.000000000          1600042867924.364         0.4999999999500000         0.4999999999500000         0.9999999999000000E-10
      432031250.0000000         0.1000000000000000E-03      5000000.000000000          1600042867924.364         0.4999999999500000         0.4999999999500000         0.9999999999000000E-10
      433593750.0000000         0.1000000000000000E-03      5000000.000000000          1600042867924.364         0.4999999999500000         0.4999999999500000         0.9999999999000000E-10
      435156250.0000000         0.1000000000000000E-03      5000000.000000000          1600042867924.364         0.4999999999500000         0.4999999999500000         0.9999999999000000E-10
      436718750.0000000         0.1000000000000000E-03      5000000.000000000          1600042867924.364         0.4999999999500000         0.4999999999500000         0.9999999999000000E-10
      438281250.0000000         0.1000000000000000E-03      5000000.000000000          1600042867924.364         0.4999999999500000         0.4999999999500000         0.9999999999000000E-10
      439843750.0000000         0.1000000000000000E-03      5000000.000000000          1600042867924.364         0.4999999999500000         0.4999999999500000         0.9999999999000000E-10
      441406250.0000000         0.1000000000000000E-03      5000000.000000000          1600042867924.364         0.4999999999500000         0.4999999999500000         0.9999999999000000E-10
      442968750.0000000         0.1000000000000000E-03      5000000.000000000          1600042867924.364         0.4999999999500000         0.4999999999500000         0.9999999999000000E-10
      444531250.0000000         0.1000000000000000E-03      5000000.000000000          1600042867924.364         0.4999999999500000         0.4999999999500000         0.9999999999000000E-10
      446093750.0000000         0.1000000000000000E-03      5000000.000000000          1600042867924.364         0.4999999999500000         0.4999999999500000         0.9999999999000000E-10
      447656250.0000000         0.1000000000000000E-03      5000000.000000000          1600042867924.364         0.4999999999500000         0.4999999999500000         0.9999999999000000E-10
      449218750.0000000         0.1000000000000000E-03      5000000.000000000          1600042867924.364         0.4999999999500000         0.4999999999500000         0.9999999999000000E-10
      450781250.0000000         0.1000000000000000E-03      5000000.000000000          1600042867924.364         0.4999999999500000         0.4999999999500000         0.9999999999000000E-10
      452343750.0000000         0.1000000000000000E-03      5000000.000000000          1600042867924.364         0.4999999999500000         0.4999999999500000         0.9999999999000000E-10
      453906250.0000000         0.1000000000000000E-03      5000000.000000000          1600042867924.364         0.4999999999500000         0.4999999999500000         0.9999999999000000E-10
      455468750.0000000         0.1000000000000000E-03      5000000.000000000          1600042867924.364         0.4999999999500000         0.4999999999500000         0.9999999999000000E-10
      457031250.0000000         0.1000000000000000E-03      5000000.000000000          1600042867924.364         0.4999999999500000         0.4999999999500000         0.9999999999000000E-10
      458593750.0000000         0.1000000000000000E-03      5000000.000000000          1600042867924.364         0.4999999999500000         0.4999999999500000         0.9999999999000000E-10
      460156250.0000000         0.1000000000000000E-03      5000000.000000000          1600042867924.364         0.4999999999500000         0.4999999999500000         0.9999999999000000E-10
      461718750.0000000         0.1000000000000000E-03      5000000.000000000          1600042867924.364         0.4999999999500000         0.4999999999500000         0.9999999999000000E-10
      463281250.0000000         0.1000000000000000E-03      5000000.000000000          1600042867924.364         0.4999999999500000         0.4999999999500000         0.9999999999000000E-10
      464843750.0000000         0.1000000000000000E-03      5000000.000000000          1600042867924.364         0.4999999999500000         0.4999999999500000         0.9999999999000000E-10
      466406250.0000000         0.1000000000000000E-03      5000000.000000000          1600042867924.364         0.4999999999500000         0.4999999999500000         0.9999999999000000E-10
      467968750.0000000         0.1000000000000000E-03      5000000.000000000          1600042867924.364         0.4999999999500000         0.4999999999500000         0.9999999999000000E-10
      469531250.0000000         0.1000000000000000E-03      5000000.000000000          1600042867924.364         0.4999999999500000         0.4999999999500000         0.9999999999000000E-10
      471093750.0000000         0.1000000000000000E-03      5000000.000000000          1600042867924.364         0.4999999999500000         0.4999999999500000         0.9999999999000000E-10
      472656250.0000000         0.1000000000000000E-03      5000000.000000000          1600042867924.364         0.4999999999500000         0.4999999999500000         0.9999999999000000E-10
      474218750.0000000         0.1000000000000000E-03      5000000.000000000          1600042867924.364         0.4999999999500000         0.4999999999500000         0.9999999999000000E-10
      475781250.0000000         0.1000000000000000E-03      5000000.000000000          1600042867924.364         0.4999999999500000         0.4999999999500000         0.9999999999000000E-10
      477343750.0000000         0.1000000000000000E-03      5000000.000000000          1600042867924.364         0.4999999999500000         0.4999999999500000         0.9999999999000000E-10
      478906250.0000000         0.1000000000000000E-03      5000000.000000000          1600042867924.364         0.4999999999500000         0.4999999999500000         0.9999999999000000E-10
      480468750.0000000         0.1000000000000000E-03      5000000.000000000          1600042867924.364         0.4999999999500000         0.4999999999500000         0.9999999999000000E-10
      482031250.0000000         0.1000000000000000E-03      5000000.000000000          1600042867924.364         0.4999999999500000         0.4999999999500000         0.9999999999000000E-10
      483593750.0000000         0.1000000000000000E-03      5000000.000000000          1600042867924.364         0.4999999999500000         0.4999999999500000         0.9999999999000000E-10
      485156250.0000000         0.1000000000000000E-03      5000000.000000000          1600042867924.364         0.4999999999500000         0.4999999999500000         0.9999999999000000E-10
      486718750.0000000         0.1000000000000000E-03      5000000.000000000          1600042867924.364         0.4999999999500000         0.4999999999500000         0.9999999999000000E-10
      488281250.0000000         0.1000000000000000E-03      5000000.000000000          1600042867924.364         0.4999999999500000         0.4999999999500000         0.9999999999000000E-10
      489843750.0000000         0.1000000000000000E-03      5000000.000000000          1600042867924.364         0.4999999999500000         0.4999999999500000         0.9999999999000000E-10
      491406250.0000000         0.1000000000000000E-03      5000000.000000000          1600042867924.364         0.4999999999500000         0.4999999999500000         0.9999999999000000E-10
      492968750.0000000         0.1000000000000000E-03      5000000.000000000          1600042867924.364         0.4999999999500000         0.4999999999500000         0.9999999999000000E-10
      494531250.0000000         0.1000000000000000E-03      5000000.000000000          1600042867924.364         0.4999999999500000         0.4999999999500000         0.9999999999000000E-10
      496093750.0000000         0.1000000000000000E-03      5000000.000000000          1600042867924.364         0.4999999999500000         0.4999999999500000         0.9999999999000000E-10
      497656250.0000000         0.1000000000000000E-03      5000000.000000000          1600042867924.364         0.4999999999500000         0.4999999999500000         0.9999999999000000E-10
      499218750.0000000         0.1000000000000000E-03      5000000.000000000          1600042867924.364         0.4999999999500000         0.4999999999500000         0.9999999999000000E-10
