1
   ((  0,  0) (255,255) (  0,  0))    1
         ((  0,  0) (255,255) (  0,  0))

1
   ((  0,  0) (255,255) (  0,  0))    4
         ((  0,  0) (127,127) (  0,  0))
         ((  0,128) (127,255) (  0,  0))
         ((128,  0) (255,127) (  0,  0))
         ((128,128) (255,255) (  0,  0))

1
   ((  0,  0) (255,255) (  0,  0))   16
         ((  0,  0) ( 63, 63) (  0,  0))
         ((  0, 64) ( 63,127) (  0,  0))
         ((  0,128) ( 63,191) (  0,  0))
         ((  0,192) ( 63,255) (  0,  0))
         (( 64,  0) (127, 63) (  0,  0))
         (( 64, 64) (127,127) (  0,  0))
         (( 64,128) (127,191) (  0,  0))
         (( 64,192) (127,255) (  0,  0))
         ((128,  0) (191, 63) (  0,  0))
         ((128, 64) (191,127) (  0,  0))
         ((128,128) (191,191) (  0,  0))
         ((128,192) (191,255) (  0,  0))
         ((192,  0) (255, 63) (  0,  0))
         ((192, 64) (255,127) (  0,  0))
         ((192,128) (255,191) (  0,  0))
         ((192,192) (255,255) (  0,  0))
