3
   ((  0,  0) (127,127) (  0,  0))    4
         ((  0,  0) ( 63, 63) (  0,  0))
         ((  0, 64) ( 63,127) (  0,  0))
         (( 64,  0) (127, 63) (  0,  0))
         (( 64, 64) (127,127) (  0,  0))
   ((  0,  0) (255,255) (  0,  0))    8
         ((  0,100) ( 63,163) (  0,  0))
         ((  0,164) ( 63,227) (  0,  0))
         (( 64,100) (127,163) (  0,  0))
         (( 64,164) (127,227) (  0,  0))
         ((128,100) (191,163) (  0,  0))
         ((128,164) (191,227) (  0,  0))
         ((192,100) (255,163) (  0,  0))
         ((192,164) (255,227) (  0,  0))
   ((  0,  0) (511,511) (  0,  0))    16
         ((  0,300) ( 63,363) (  0,  0))
         ((  0,364) ( 63,427) (  0,  0))
         (( 64,300) (127,363) (  0,  0))
         (( 64,364) (127,427) (  0,  0))
         ((128,300) (191,363) (  0,  0))
         ((128,364) (191,427) (  0,  0))
         ((192,300) (255,363) (  0,  0))
         ((192,364) (255,427) (  0,  0))
         ((256,300) (319,363) (  0,  0))
         ((256,364) (319,427) (  0,  0))
         ((320,300) (383,363) (  0,  0))
         ((320,364) (383,427) (  0,  0))
         ((384,300) (447,363) (  0,  0))
         ((384,364) (447,427) (  0,  0))
         ((448,300) (511,363) (  0,  0))
         ((448,364) (511,427) (  0,  0))

3
   ((  0,  0) (127,127) (  0,  0))    1
         ((  0,  0) (127,127) (  0,  0))
   ((  0,  0) (255,255) (  0,  0))    1
         ((  0,100) (255,227) (  0,  0))
   ((  0,  0) (511,511) (  0,  0))    1
         ((  0,300) (511,427) (  0,  0))
