1
   ((  0,  0) (639,639) (  0,  0))       1
         ((  0,  0) (639,639) (  0,  0))

1
   ((  0,  0) (639,639) (  0,  0))      25
         ((  0,  0) (127,127) (  0,  0))
         ((  0,128) (127,255) (  0,  0))
         ((  0,256) (127,383) (  0,  0))
         ((  0,384) (127,511) (  0,  0))
         ((  0,512) (127,639) (  0,  0))
         ((128,  0) (255,127) (  0,  0))
         ((128,128) (255,255) (  0,  0))
         ((128,256) (255,383) (  0,  0))
         ((128,384) (255,511) (  0,  0))
         ((128,512) (255,639) (  0,  0))
         ((256,  0) (383,127) (  0,  0))
         ((256,128) (383,255) (  0,  0))
         ((256,256) (383,383) (  0,  0))
         ((256,384) (383,511) (  0,  0))
         ((256,512) (383,639) (  0,  0))
         ((384,  0) (511,127) (  0,  0))
         ((384,128) (511,255) (  0,  0))
         ((384,256) (511,383) (  0,  0))
         ((384,384) (511,511) (  0,  0))
         ((384,512) (511,639) (  0,  0))
         ((512,  0) (639,127) (  0,  0))
         ((512,128) (639,255) (  0,  0))
         ((512,256) (639,383) (  0,  0))
         ((512,384) (639,511) (  0,  0))
         ((512,512) (639,639) (  0,  0))

1
   ((  0,  0) (639,639) (  0,  0))     100
         ((  0,  0) ( 63, 63) (  0,  0))
         ((  0, 64) ( 63,127) (  0,  0))
         ((  0,128) ( 63,191) (  0,  0))
         ((  0,192) ( 63,255) (  0,  0))
         ((  0,256) ( 63,319) (  0,  0))
         ((  0,320) ( 63,383) (  0,  0))
         ((  0,384) ( 63,447) (  0,  0))
         ((  0,448) ( 63,511) (  0,  0))
         ((  0,512) ( 63,575) (  0,  0))
         ((  0,576) ( 63,639) (  0,  0))
         (( 64,  0) (127, 63) (  0,  0))
         (( 64, 64) (127,127) (  0,  0))
         (( 64,128) (127,191) (  0,  0))
         (( 64,192) (127,255) (  0,  0))
         (( 64,256) (127,319) (  0,  0))
         (( 64,320) (127,383) (  0,  0))
         (( 64,384) (127,447) (  0,  0))
         (( 64,448) (127,511) (  0,  0))
         (( 64,512) (127,575) (  0,  0))
         (( 64,576) (127,639) (  0,  0))
         ((128,  0) (191, 63) (  0,  0))
         ((128, 64) (191,127) (  0,  0))
         ((128,128) (191,191) (  0,  0))
         ((128,192) (191,255) (  0,  0))
         ((128,256) (191,319) (  0,  0))
         ((128,320) (191,383) (  0,  0))
         ((128,384) (191,447) (  0,  0))
         ((128,448) (191,511) (  0,  0))
         ((128,512) (191,575) (  0,  0))
         ((128,576) (191,639) (  0,  0))
         ((192,  0) (255, 63) (  0,  0))
         ((192, 64) (255,127) (  0,  0))
         ((192,128) (255,191) (  0,  0))
         ((192,192) (255,255) (  0,  0))
         ((192,256) (255,319) (  0,  0))
         ((192,320) (255,383) (  0,  0))
         ((192,384) (255,447) (  0,  0))
         ((192,448) (255,511) (  0,  0))
         ((192,512) (255,575) (  0,  0))
         ((192,576) (255,639) (  0,  0))
         ((256,  0) (319, 63) (  0,  0))
         ((256, 64) (319,127) (  0,  0))
         ((256,128) (319,191) (  0,  0))
         ((256,192) (319,255) (  0,  0))
         ((256,256) (319,319) (  0,  0))
         ((256,320) (319,383) (  0,  0))
         ((256,384) (319,447) (  0,  0))
         ((256,448) (319,511) (  0,  0))
         ((256,512) (319,575) (  0,  0))
         ((256,576) (319,639) (  0,  0))
         ((320,  0) (383, 63) (  0,  0))
         ((320, 64) (383,127) (  0,  0))
         ((320,128) (383,191) (  0,  0))
         ((320,192) (383,255) (  0,  0))
         ((320,256) (383,319) (  0,  0))
         ((320,320) (383,383) (  0,  0))
         ((320,384) (383,447) (  0,  0))
         ((320,448) (383,511) (  0,  0))
         ((320,512) (383,575) (  0,  0))
         ((320,576) (383,639) (  0,  0))
         ((384,  0) (447, 63) (  0,  0))
         ((384, 64) (447,127) (  0,  0))
         ((384,128) (447,191) (  0,  0))
         ((384,192) (447,255) (  0,  0))
         ((384,256) (447,319) (  0,  0))
         ((384,320) (447,383) (  0,  0))
         ((384,384) (447,447) (  0,  0))
         ((384,448) (447,511) (  0,  0))
         ((384,512) (447,575) (  0,  0))
         ((384,576) (447,639) (  0,  0))
         ((448,  0) (511, 63) (  0,  0))
         ((448, 64) (511,127) (  0,  0))
         ((448,128) (511,191) (  0,  0))
         ((448,192) (511,255) (  0,  0))
         ((448,256) (511,319) (  0,  0))
         ((448,320) (511,383) (  0,  0))
         ((448,384) (511,447) (  0,  0))
         ((448,448) (511,511) (  0,  0))
         ((448,512) (511,575) (  0,  0))
         ((448,576) (511,639) (  0,  0))
         ((512,  0) (575, 63) (  0,  0))
         ((512, 64) (575,127) (  0,  0))
         ((512,128) (575,191) (  0,  0))
         ((512,192) (575,255) (  0,  0))
         ((512,256) (575,319) (  0,  0))
         ((512,320) (575,383) (  0,  0))
         ((512,384) (575,447) (  0,  0))
         ((512,448) (575,511) (  0,  0))
         ((512,512) (575,575) (  0,  0))
         ((512,576) (575,639) (  0,  0))
         ((576,  0) (639, 63) (  0,  0))
         ((576, 64) (639,127) (  0,  0))
         ((576,128) (639,191) (  0,  0))
         ((576,192) (639,255) (  0,  0))
         ((576,256) (639,319) (  0,  0))
         ((576,320) (639,383) (  0,  0))
         ((576,384) (639,447) (  0,  0))
         ((576,448) (639,511) (  0,  0))
         ((576,512) (639,575) (  0,  0))
         ((576,576) (639,639) (  0,  0))

