1
   ((  0,  0,  0) (127,127,511) (  0,  0,  0))      256
         ((  0,  0,  0) ( 31, 31, 31) (  0,  0,  0))
         ((  0,  0, 32) ( 31, 31, 63) (  0,  0,  0))
         ((  0,  0, 64) ( 31, 31, 95) (  0,  0,  0))
         ((  0,  0, 96) ( 31, 31,127) (  0,  0,  0))
         ((  0,  0,128) ( 31, 31,159) (  0,  0,  0))
         ((  0,  0,160) ( 31, 31,191) (  0,  0,  0))
         ((  0,  0,192) ( 31, 31,223) (  0,  0,  0))
         ((  0,  0,224) ( 31, 31,255) (  0,  0,  0))
         ((  0,  0,256) ( 31, 31,287) (  0,  0,  0))
         ((  0,  0,288) ( 31, 31,319) (  0,  0,  0))
         ((  0,  0,320) ( 31, 31,351) (  0,  0,  0))
         ((  0,  0,352) ( 31, 31,383) (  0,  0,  0))
         ((  0,  0,384) ( 31, 31,415) (  0,  0,  0))
         ((  0,  0,416) ( 31, 31,447) (  0,  0,  0))
         ((  0,  0,448) ( 31, 31,479) (  0,  0,  0))
         ((  0,  0,480) ( 31, 31,511) (  0,  0,  0))
         ((  0, 32,  0) ( 31, 63, 31) (  0,  0,  0))
         ((  0, 32, 32) ( 31, 63, 63) (  0,  0,  0))
         ((  0, 32, 64) ( 31, 63, 95) (  0,  0,  0))
         ((  0, 32, 96) ( 31, 63,127) (  0,  0,  0))
         ((  0, 32,128) ( 31, 63,159) (  0,  0,  0))
         ((  0, 32,160) ( 31, 63,191) (  0,  0,  0))
         ((  0, 32,192) ( 31, 63,223) (  0,  0,  0))
         ((  0, 32,224) ( 31, 63,255) (  0,  0,  0))
         ((  0, 32,256) ( 31, 63,287) (  0,  0,  0))
         ((  0, 32,288) ( 31, 63,319) (  0,  0,  0))
         ((  0, 32,320) ( 31, 63,351) (  0,  0,  0))
         ((  0, 32,352) ( 31, 63,383) (  0,  0,  0))
         ((  0, 32,384) ( 31, 63,415) (  0,  0,  0))
         ((  0, 32,416) ( 31, 63,447) (  0,  0,  0))
         ((  0, 32,448) ( 31, 63,479) (  0,  0,  0))
         ((  0, 32,480) ( 31, 63,511) (  0,  0,  0))
         ((  0, 64,  0) ( 31, 95, 31) (  0,  0,  0))
         ((  0, 64, 32) ( 31, 95, 63) (  0,  0,  0))
         ((  0, 64, 64) ( 31, 95, 95) (  0,  0,  0))
         ((  0, 64, 96) ( 31, 95,127) (  0,  0,  0))
         ((  0, 64,128) ( 31, 95,159) (  0,  0,  0))
         ((  0, 64,160) ( 31, 95,191) (  0,  0,  0))
         ((  0, 64,192) ( 31, 95,223) (  0,  0,  0))
         ((  0, 64,224) ( 31, 95,255) (  0,  0,  0))
         ((  0, 64,256) ( 31, 95,287) (  0,  0,  0))
         ((  0, 64,288) ( 31, 95,319) (  0,  0,  0))
         ((  0, 64,320) ( 31, 95,351) (  0,  0,  0))
         ((  0, 64,352) ( 31, 95,383) (  0,  0,  0))
         ((  0, 64,384) ( 31, 95,415) (  0,  0,  0))
         ((  0, 64,416) ( 31, 95,447) (  0,  0,  0))
         ((  0, 64,448) ( 31, 95,479) (  0,  0,  0))
         ((  0, 64,480) ( 31, 95,511) (  0,  0,  0))
         ((  0, 96,  0) ( 31,127, 31) (  0,  0,  0))
         ((  0, 96, 32) ( 31,127, 63) (  0,  0,  0))
         ((  0, 96, 64) ( 31,127, 95) (  0,  0,  0))
         ((  0, 96, 96) ( 31,127,127) (  0,  0,  0))
         ((  0, 96,128) ( 31,127,159) (  0,  0,  0))
         ((  0, 96,160) ( 31,127,191) (  0,  0,  0))
         ((  0, 96,192) ( 31,127,223) (  0,  0,  0))
         ((  0, 96,224) ( 31,127,255) (  0,  0,  0))
         ((  0, 96,256) ( 31,127,287) (  0,  0,  0))
         ((  0, 96,288) ( 31,127,319) (  0,  0,  0))
         ((  0, 96,320) ( 31,127,351) (  0,  0,  0))
         ((  0, 96,352) ( 31,127,383) (  0,  0,  0))
         ((  0, 96,384) ( 31,127,415) (  0,  0,  0))
         ((  0, 96,416) ( 31,127,447) (  0,  0,  0))
         ((  0, 96,448) ( 31,127,479) (  0,  0,  0))
         ((  0, 96,480) ( 31,127,511) (  0,  0,  0))
         (( 32,  0,  0) ( 63, 31, 31) (  0,  0,  0))
         (( 32,  0, 32) ( 63, 31, 63) (  0,  0,  0))
         (( 32,  0, 64) ( 63, 31, 95) (  0,  0,  0))
         (( 32,  0, 96) ( 63, 31,127) (  0,  0,  0))
         (( 32,  0,128) ( 63, 31,159) (  0,  0,  0))
         (( 32,  0,160) ( 63, 31,191) (  0,  0,  0))
         (( 32,  0,192) ( 63, 31,223) (  0,  0,  0))
         (( 32,  0,224) ( 63, 31,255) (  0,  0,  0))
         (( 32,  0,256) ( 63, 31,287) (  0,  0,  0))
         (( 32,  0,288) ( 63, 31,319) (  0,  0,  0))
         (( 32,  0,320) ( 63, 31,351) (  0,  0,  0))
         (( 32,  0,352) ( 63, 31,383) (  0,  0,  0))
         (( 32,  0,384) ( 63, 31,415) (  0,  0,  0))
         (( 32,  0,416) ( 63, 31,447) (  0,  0,  0))
         (( 32,  0,448) ( 63, 31,479) (  0,  0,  0))
         (( 32,  0,480) ( 63, 31,511) (  0,  0,  0))
         (( 32, 32,  0) ( 63, 63, 31) (  0,  0,  0))
         (( 32, 32, 32) ( 63, 63, 63) (  0,  0,  0))
         (( 32, 32, 64) ( 63, 63, 95) (  0,  0,  0))
         (( 32, 32, 96) ( 63, 63,127) (  0,  0,  0))
         (( 32, 32,128) ( 63, 63,159) (  0,  0,  0))
         (( 32, 32,160) ( 63, 63,191) (  0,  0,  0))
         (( 32, 32,192) ( 63, 63,223) (  0,  0,  0))
         (( 32, 32,224) ( 63, 63,255) (  0,  0,  0))
         (( 32, 32,256) ( 63, 63,287) (  0,  0,  0))
         (( 32, 32,288) ( 63, 63,319) (  0,  0,  0))
         (( 32, 32,320) ( 63, 63,351) (  0,  0,  0))
         (( 32, 32,352) ( 63, 63,383) (  0,  0,  0))
         (( 32, 32,384) ( 63, 63,415) (  0,  0,  0))
         (( 32, 32,416) ( 63, 63,447) (  0,  0,  0))
         (( 32, 32,448) ( 63, 63,479) (  0,  0,  0))
         (( 32, 32,480) ( 63, 63,511) (  0,  0,  0))
         (( 32, 64,  0) ( 63, 95, 31) (  0,  0,  0))
         (( 32, 64, 32) ( 63, 95, 63) (  0,  0,  0))
         (( 32, 64, 64) ( 63, 95, 95) (  0,  0,  0))
         (( 32, 64, 96) ( 63, 95,127) (  0,  0,  0))
         (( 32, 64,128) ( 63, 95,159) (  0,  0,  0))
         (( 32, 64,160) ( 63, 95,191) (  0,  0,  0))
         (( 32, 64,192) ( 63, 95,223) (  0,  0,  0))
         (( 32, 64,224) ( 63, 95,255) (  0,  0,  0))
         (( 32, 64,256) ( 63, 95,287) (  0,  0,  0))
         (( 32, 64,288) ( 63, 95,319) (  0,  0,  0))
         (( 32, 64,320) ( 63, 95,351) (  0,  0,  0))
         (( 32, 64,352) ( 63, 95,383) (  0,  0,  0))
         (( 32, 64,384) ( 63, 95,415) (  0,  0,  0))
         (( 32, 64,416) ( 63, 95,447) (  0,  0,  0))
         (( 32, 64,448) ( 63, 95,479) (  0,  0,  0))
         (( 32, 64,480) ( 63, 95,511) (  0,  0,  0))
         (( 32, 96,  0) ( 63,127, 31) (  0,  0,  0))
         (( 32, 96, 32) ( 63,127, 63) (  0,  0,  0))
         (( 32, 96, 64) ( 63,127, 95) (  0,  0,  0))
         (( 32, 96, 96) ( 63,127,127) (  0,  0,  0))
         (( 32, 96,128) ( 63,127,159) (  0,  0,  0))
         (( 32, 96,160) ( 63,127,191) (  0,  0,  0))
         (( 32, 96,192) ( 63,127,223) (  0,  0,  0))
         (( 32, 96,224) ( 63,127,255) (  0,  0,  0))
         (( 32, 96,256) ( 63,127,287) (  0,  0,  0))
         (( 32, 96,288) ( 63,127,319) (  0,  0,  0))
         (( 32, 96,320) ( 63,127,351) (  0,  0,  0))
         (( 32, 96,352) ( 63,127,383) (  0,  0,  0))
         (( 32, 96,384) ( 63,127,415) (  0,  0,  0))
         (( 32, 96,416) ( 63,127,447) (  0,  0,  0))
         (( 32, 96,448) ( 63,127,479) (  0,  0,  0))
         (( 32, 96,480) ( 63,127,511) (  0,  0,  0))
         (( 64,  0,  0) ( 95, 31, 31) (  0,  0,  0))
         (( 64,  0, 32) ( 95, 31, 63) (  0,  0,  0))
         (( 64,  0, 64) ( 95, 31, 95) (  0,  0,  0))
         (( 64,  0, 96) ( 95, 31,127) (  0,  0,  0))
         (( 64,  0,128) ( 95, 31,159) (  0,  0,  0))
         (( 64,  0,160) ( 95, 31,191) (  0,  0,  0))
         (( 64,  0,192) ( 95, 31,223) (  0,  0,  0))
         (( 64,  0,224) ( 95, 31,255) (  0,  0,  0))
         (( 64,  0,256) ( 95, 31,287) (  0,  0,  0))
         (( 64,  0,288) ( 95, 31,319) (  0,  0,  0))
         (( 64,  0,320) ( 95, 31,351) (  0,  0,  0))
         (( 64,  0,352) ( 95, 31,383) (  0,  0,  0))
         (( 64,  0,384) ( 95, 31,415) (  0,  0,  0))
         (( 64,  0,416) ( 95, 31,447) (  0,  0,  0))
         (( 64,  0,448) ( 95, 31,479) (  0,  0,  0))
         (( 64,  0,480) ( 95, 31,511) (  0,  0,  0))
         (( 64, 32,  0) ( 95, 63, 31) (  0,  0,  0))
         (( 64, 32, 32) ( 95, 63, 63) (  0,  0,  0))
         (( 64, 32, 64) ( 95, 63, 95) (  0,  0,  0))
         (( 64, 32, 96) ( 95, 63,127) (  0,  0,  0))
         (( 64, 32,128) ( 95, 63,159) (  0,  0,  0))
         (( 64, 32,160) ( 95, 63,191) (  0,  0,  0))
         (( 64, 32,192) ( 95, 63,223) (  0,  0,  0))
         (( 64, 32,224) ( 95, 63,255) (  0,  0,  0))
         (( 64, 32,256) ( 95, 63,287) (  0,  0,  0))
         (( 64, 32,288) ( 95, 63,319) (  0,  0,  0))
         (( 64, 32,320) ( 95, 63,351) (  0,  0,  0))
         (( 64, 32,352) ( 95, 63,383) (  0,  0,  0))
         (( 64, 32,384) ( 95, 63,415) (  0,  0,  0))
         (( 64, 32,416) ( 95, 63,447) (  0,  0,  0))
         (( 64, 32,448) ( 95, 63,479) (  0,  0,  0))
         (( 64, 32,480) ( 95, 63,511) (  0,  0,  0))
         (( 64, 64,  0) ( 95, 95, 31) (  0,  0,  0))
         (( 64, 64, 32) ( 95, 95, 63) (  0,  0,  0))
         (( 64, 64, 64) ( 95, 95, 95) (  0,  0,  0))
         (( 64, 64, 96) ( 95, 95,127) (  0,  0,  0))
         (( 64, 64,128) ( 95, 95,159) (  0,  0,  0))
         (( 64, 64,160) ( 95, 95,191) (  0,  0,  0))
         (( 64, 64,192) ( 95, 95,223) (  0,  0,  0))
         (( 64, 64,224) ( 95, 95,255) (  0,  0,  0))
         (( 64, 64,256) ( 95, 95,287) (  0,  0,  0))
         (( 64, 64,288) ( 95, 95,319) (  0,  0,  0))
         (( 64, 64,320) ( 95, 95,351) (  0,  0,  0))
         (( 64, 64,352) ( 95, 95,383) (  0,  0,  0))
         (( 64, 64,384) ( 95, 95,415) (  0,  0,  0))
         (( 64, 64,416) ( 95, 95,447) (  0,  0,  0))
         (( 64, 64,448) ( 95, 95,479) (  0,  0,  0))
         (( 64, 64,480) ( 95, 95,511) (  0,  0,  0))
         (( 64, 96,  0) ( 95,127, 31) (  0,  0,  0))
         (( 64, 96, 32) ( 95,127, 63) (  0,  0,  0))
         (( 64, 96, 64) ( 95,127, 95) (  0,  0,  0))
         (( 64, 96, 96) ( 95,127,127) (  0,  0,  0))
         (( 64, 96,128) ( 95,127,159) (  0,  0,  0))
         (( 64, 96,160) ( 95,127,191) (  0,  0,  0))
         (( 64, 96,192) ( 95,127,223) (  0,  0,  0))
         (( 64, 96,224) ( 95,127,255) (  0,  0,  0))
         (( 64, 96,256) ( 95,127,287) (  0,  0,  0))
         (( 64, 96,288) ( 95,127,319) (  0,  0,  0))
         (( 64, 96,320) ( 95,127,351) (  0,  0,  0))
         (( 64, 96,352) ( 95,127,383) (  0,  0,  0))
         (( 64, 96,384) ( 95,127,415) (  0,  0,  0))
         (( 64, 96,416) ( 95,127,447) (  0,  0,  0))
         (( 64, 96,448) ( 95,127,479) (  0,  0,  0))
         (( 64, 96,480) ( 95,127,511) (  0,  0,  0))
         (( 96,  0,  0) (127, 31, 31) (  0,  0,  0))
         (( 96,  0, 32) (127, 31, 63) (  0,  0,  0))
         (( 96,  0, 64) (127, 31, 95) (  0,  0,  0))
         (( 96,  0, 96) (127, 31,127) (  0,  0,  0))
         (( 96,  0,128) (127, 31,159) (  0,  0,  0))
         (( 96,  0,160) (127, 31,191) (  0,  0,  0))
         (( 96,  0,192) (127, 31,223) (  0,  0,  0))
         (( 96,  0,224) (127, 31,255) (  0,  0,  0))
         (( 96,  0,256) (127, 31,287) (  0,  0,  0))
         (( 96,  0,288) (127, 31,319) (  0,  0,  0))
         (( 96,  0,320) (127, 31,351) (  0,  0,  0))
         (( 96,  0,352) (127, 31,383) (  0,  0,  0))
         (( 96,  0,384) (127, 31,415) (  0,  0,  0))
         (( 96,  0,416) (127, 31,447) (  0,  0,  0))
         (( 96,  0,448) (127, 31,479) (  0,  0,  0))
         (( 96,  0,480) (127, 31,511) (  0,  0,  0))
         (( 96, 32,  0) (127, 63, 31) (  0,  0,  0))
         (( 96, 32, 32) (127, 63, 63) (  0,  0,  0))
         (( 96, 32, 64) (127, 63, 95) (  0,  0,  0))
         (( 96, 32, 96) (127, 63,127) (  0,  0,  0))
         (( 96, 32,128) (127, 63,159) (  0,  0,  0))
         (( 96, 32,160) (127, 63,191) (  0,  0,  0))
         (( 96, 32,192) (127, 63,223) (  0,  0,  0))
         (( 96, 32,224) (127, 63,255) (  0,  0,  0))
         (( 96, 32,256) (127, 63,287) (  0,  0,  0))
         (( 96, 32,288) (127, 63,319) (  0,  0,  0))
         (( 96, 32,320) (127, 63,351) (  0,  0,  0))
         (( 96, 32,352) (127, 63,383) (  0,  0,  0))
         (( 96, 32,384) (127, 63,415) (  0,  0,  0))
         (( 96, 32,416) (127, 63,447) (  0,  0,  0))
         (( 96, 32,448) (127, 63,479) (  0,  0,  0))
         (( 96, 32,480) (127, 63,511) (  0,  0,  0))
         (( 96, 64,  0) (127, 95, 31) (  0,  0,  0))
         (( 96, 64, 32) (127, 95, 63) (  0,  0,  0))
         (( 96, 64, 64) (127, 95, 95) (  0,  0,  0))
         (( 96, 64, 96) (127, 95,127) (  0,  0,  0))
         (( 96, 64,128) (127, 95,159) (  0,  0,  0))
         (( 96, 64,160) (127, 95,191) (  0,  0,  0))
         (( 96, 64,192) (127, 95,223) (  0,  0,  0))
         (( 96, 64,224) (127, 95,255) (  0,  0,  0))
         (( 96, 64,256) (127, 95,287) (  0,  0,  0))
         (( 96, 64,288) (127, 95,319) (  0,  0,  0))
         (( 96, 64,320) (127, 95,351) (  0,  0,  0))
         (( 96, 64,352) (127, 95,383) (  0,  0,  0))
         (( 96, 64,384) (127, 95,415) (  0,  0,  0))
         (( 96, 64,416) (127, 95,447) (  0,  0,  0))
         (( 96, 64,448) (127, 95,479) (  0,  0,  0))
         (( 96, 64,480) (127, 95,511) (  0,  0,  0))
         (( 96, 96,  0) (127,127, 31) (  0,  0,  0))
         (( 96, 96, 32) (127,127, 63) (  0,  0,  0))
         (( 96, 96, 64) (127,127, 95) (  0,  0,  0))
         (( 96, 96, 96) (127,127,127) (  0,  0,  0))
         (( 96, 96,128) (127,127,159) (  0,  0,  0))
         (( 96, 96,160) (127,127,191) (  0,  0,  0))
         (( 96, 96,192) (127,127,223) (  0,  0,  0))
         (( 96, 96,224) (127,127,255) (  0,  0,  0))
         (( 96, 96,256) (127,127,287) (  0,  0,  0))
         (( 96, 96,288) (127,127,319) (  0,  0,  0))
         (( 96, 96,320) (127,127,351) (  0,  0,  0))
         (( 96, 96,352) (127,127,383) (  0,  0,  0))
         (( 96, 96,384) (127,127,415) (  0,  0,  0))
         (( 96, 96,416) (127,127,447) (  0,  0,  0))
         (( 96, 96,448) (127,127,479) (  0,  0,  0))
         (( 96, 96,480) (127,127,511) (  0,  0,  0))
