1
   ((  0,  0,  0) (127,127,127) (  0,  0,  0))       64
         ((  0,  0,  0) ( 31, 31, 31) (  0,  0,  0))
         ((  0,  0, 32) ( 31, 31, 63) (  0,  0,  0))
         ((  0,  0, 64) ( 31, 31, 95) (  0,  0,  0))
         ((  0,  0, 96) ( 31, 31,127) (  0,  0,  0))
         ((  0, 32,  0) ( 31, 63, 31) (  0,  0,  0))
         ((  0, 32, 32) ( 31, 63, 63) (  0,  0,  0))
         ((  0, 32, 64) ( 31, 63, 95) (  0,  0,  0))
         ((  0, 32, 96) ( 31, 63,127) (  0,  0,  0))
         ((  0, 64,  0) ( 31, 95, 31) (  0,  0,  0))
         ((  0, 64, 32) ( 31, 95, 63) (  0,  0,  0))
         ((  0, 64, 64) ( 31, 95, 95) (  0,  0,  0))
         ((  0, 64, 96) ( 31, 95,127) (  0,  0,  0))
         ((  0, 96,  0) ( 31,127, 31) (  0,  0,  0))
         ((  0, 96, 32) ( 31,127, 63) (  0,  0,  0))
         ((  0, 96, 64) ( 31,127, 95) (  0,  0,  0))
         ((  0, 96, 96) ( 31,127,127) (  0,  0,  0))
         (( 32,  0,  0) ( 63, 31, 31) (  0,  0,  0))
         (( 32,  0, 32) ( 63, 31, 63) (  0,  0,  0))
         (( 32,  0, 64) ( 63, 31, 95) (  0,  0,  0))
         (( 32,  0, 96) ( 63, 31,127) (  0,  0,  0))
         (( 32, 32,  0) ( 63, 63, 31) (  0,  0,  0))
         (( 32, 32, 32) ( 63, 63, 63) (  0,  0,  0))
         (( 32, 32, 64) ( 63, 63, 95) (  0,  0,  0))
         (( 32, 32, 96) ( 63, 63,127) (  0,  0,  0))
         (( 32, 64,  0) ( 63, 95, 31) (  0,  0,  0))
         (( 32, 64, 32) ( 63, 95, 63) (  0,  0,  0))
         (( 32, 64, 64) ( 63, 95, 95) (  0,  0,  0))
         (( 32, 64, 96) ( 63, 95,127) (  0,  0,  0))
         (( 32, 96,  0) ( 63,127, 31) (  0,  0,  0))
         (( 32, 96, 32) ( 63,127, 63) (  0,  0,  0))
         (( 32, 96, 64) ( 63,127, 95) (  0,  0,  0))
         (( 32, 96, 96) ( 63,127,127) (  0,  0,  0))
         (( 64,  0,  0) ( 95, 31, 31) (  0,  0,  0))
         (( 64,  0, 32) ( 95, 31, 63) (  0,  0,  0))
         (( 64,  0, 64) ( 95, 31, 95) (  0,  0,  0))
         (( 64,  0, 96) ( 95, 31,127) (  0,  0,  0))
         (( 64, 32,  0) ( 95, 63, 31) (  0,  0,  0))
         (( 64, 32, 32) ( 95, 63, 63) (  0,  0,  0))
         (( 64, 32, 64) ( 95, 63, 95) (  0,  0,  0))
         (( 64, 32, 96) ( 95, 63,127) (  0,  0,  0))
         (( 64, 64,  0) ( 95, 95, 31) (  0,  0,  0))
         (( 64, 64, 32) ( 95, 95, 63) (  0,  0,  0))
         (( 64, 64, 64) ( 95, 95, 95) (  0,  0,  0))
         (( 64, 64, 96) ( 95, 95,127) (  0,  0,  0))
         (( 64, 96,  0) ( 95,127, 31) (  0,  0,  0))
         (( 64, 96, 32) ( 95,127, 63) (  0,  0,  0))
         (( 64, 96, 64) ( 95,127, 95) (  0,  0,  0))
         (( 64, 96, 96) ( 95,127,127) (  0,  0,  0))
         (( 96,  0,  0) (127, 31, 31) (  0,  0,  0))
         (( 96,  0, 32) (127, 31, 63) (  0,  0,  0))
         (( 96,  0, 64) (127, 31, 95) (  0,  0,  0))
         (( 96,  0, 96) (127, 31,127) (  0,  0,  0))
         (( 96, 32,  0) (127, 63, 31) (  0,  0,  0))
         (( 96, 32, 32) (127, 63, 63) (  0,  0,  0))
         (( 96, 32, 64) (127, 63, 95) (  0,  0,  0))
         (( 96, 32, 96) (127, 63,127) (  0,  0,  0))
         (( 96, 64,  0) (127, 95, 31) (  0,  0,  0))
         (( 96, 64, 32) (127, 95, 63) (  0,  0,  0))
         (( 96, 64, 64) (127, 95, 95) (  0,  0,  0))
         (( 96, 64, 96) (127, 95,127) (  0,  0,  0))
         (( 96, 96,  0) (127,127, 31) (  0,  0,  0))
         (( 96, 96, 32) (127,127, 63) (  0,  0,  0))
         (( 96, 96, 64) (127,127, 95) (  0,  0,  0))
         (( 96, 96, 96) (127,127,127) (  0,  0,  0))

1
   ((  0,  0,  0) (127,127,127) (  0,  0,  0))      512
         ((  0,  0,  0) ( 15, 15, 15) (  0,  0,  0))
         ((  0,  0, 16) ( 15, 15, 31) (  0,  0,  0))
         ((  0,  0, 32) ( 15, 15, 47) (  0,  0,  0))
         ((  0,  0, 48) ( 15, 15, 63) (  0,  0,  0))
         ((  0,  0, 64) ( 15, 15, 79) (  0,  0,  0))
         ((  0,  0, 80) ( 15, 15, 95) (  0,  0,  0))
         ((  0,  0, 96) ( 15, 15,111) (  0,  0,  0))
         ((  0,  0,112) ( 15, 15,127) (  0,  0,  0))
         ((  0, 16,  0) ( 15, 31, 15) (  0,  0,  0))
         ((  0, 16, 16) ( 15, 31, 31) (  0,  0,  0))
         ((  0, 16, 32) ( 15, 31, 47) (  0,  0,  0))
         ((  0, 16, 48) ( 15, 31, 63) (  0,  0,  0))
         ((  0, 16, 64) ( 15, 31, 79) (  0,  0,  0))
         ((  0, 16, 80) ( 15, 31, 95) (  0,  0,  0))
         ((  0, 16, 96) ( 15, 31,111) (  0,  0,  0))
         ((  0, 16,112) ( 15, 31,127) (  0,  0,  0))
         ((  0, 32,  0) ( 15, 47, 15) (  0,  0,  0))
         ((  0, 32, 16) ( 15, 47, 31) (  0,  0,  0))
         ((  0, 32, 32) ( 15, 47, 47) (  0,  0,  0))
         ((  0, 32, 48) ( 15, 47, 63) (  0,  0,  0))
         ((  0, 32, 64) ( 15, 47, 79) (  0,  0,  0))
         ((  0, 32, 80) ( 15, 47, 95) (  0,  0,  0))
         ((  0, 32, 96) ( 15, 47,111) (  0,  0,  0))
         ((  0, 32,112) ( 15, 47,127) (  0,  0,  0))
         ((  0, 48,  0) ( 15, 63, 15) (  0,  0,  0))
         ((  0, 48, 16) ( 15, 63, 31) (  0,  0,  0))
         ((  0, 48, 32) ( 15, 63, 47) (  0,  0,  0))
         ((  0, 48, 48) ( 15, 63, 63) (  0,  0,  0))
         ((  0, 48, 64) ( 15, 63, 79) (  0,  0,  0))
         ((  0, 48, 80) ( 15, 63, 95) (  0,  0,  0))
         ((  0, 48, 96) ( 15, 63,111) (  0,  0,  0))
         ((  0, 48,112) ( 15, 63,127) (  0,  0,  0))
         ((  0, 64,  0) ( 15, 79, 15) (  0,  0,  0))
         ((  0, 64, 16) ( 15, 79, 31) (  0,  0,  0))
         ((  0, 64, 32) ( 15, 79, 47) (  0,  0,  0))
         ((  0, 64, 48) ( 15, 79, 63) (  0,  0,  0))
         ((  0, 64, 64) ( 15, 79, 79) (  0,  0,  0))
         ((  0, 64, 80) ( 15, 79, 95) (  0,  0,  0))
         ((  0, 64, 96) ( 15, 79,111) (  0,  0,  0))
         ((  0, 64,112) ( 15, 79,127) (  0,  0,  0))
         ((  0, 80,  0) ( 15, 95, 15) (  0,  0,  0))
         ((  0, 80, 16) ( 15, 95, 31) (  0,  0,  0))
         ((  0, 80, 32) ( 15, 95, 47) (  0,  0,  0))
         ((  0, 80, 48) ( 15, 95, 63) (  0,  0,  0))
         ((  0, 80, 64) ( 15, 95, 79) (  0,  0,  0))
         ((  0, 80, 80) ( 15, 95, 95) (  0,  0,  0))
         ((  0, 80, 96) ( 15, 95,111) (  0,  0,  0))
         ((  0, 80,112) ( 15, 95,127) (  0,  0,  0))
         ((  0, 96,  0) ( 15,111, 15) (  0,  0,  0))
         ((  0, 96, 16) ( 15,111, 31) (  0,  0,  0))
         ((  0, 96, 32) ( 15,111, 47) (  0,  0,  0))
         ((  0, 96, 48) ( 15,111, 63) (  0,  0,  0))
         ((  0, 96, 64) ( 15,111, 79) (  0,  0,  0))
         ((  0, 96, 80) ( 15,111, 95) (  0,  0,  0))
         ((  0, 96, 96) ( 15,111,111) (  0,  0,  0))
         ((  0, 96,112) ( 15,111,127) (  0,  0,  0))
         ((  0,112,  0) ( 15,127, 15) (  0,  0,  0))
         ((  0,112, 16) ( 15,127, 31) (  0,  0,  0))
         ((  0,112, 32) ( 15,127, 47) (  0,  0,  0))
         ((  0,112, 48) ( 15,127, 63) (  0,  0,  0))
         ((  0,112, 64) ( 15,127, 79) (  0,  0,  0))
         ((  0,112, 80) ( 15,127, 95) (  0,  0,  0))
         ((  0,112, 96) ( 15,127,111) (  0,  0,  0))
         ((  0,112,112) ( 15,127,127) (  0,  0,  0))
         (( 16,  0,  0) ( 31, 15, 15) (  0,  0,  0))
         (( 16,  0, 16) ( 31, 15, 31) (  0,  0,  0))
         (( 16,  0, 32) ( 31, 15, 47) (  0,  0,  0))
         (( 16,  0, 48) ( 31, 15, 63) (  0,  0,  0))
         (( 16,  0, 64) ( 31, 15, 79) (  0,  0,  0))
         (( 16,  0, 80) ( 31, 15, 95) (  0,  0,  0))
         (( 16,  0, 96) ( 31, 15,111) (  0,  0,  0))
         (( 16,  0,112) ( 31, 15,127) (  0,  0,  0))
         (( 16, 16,  0) ( 31, 31, 15) (  0,  0,  0))
         (( 16, 16, 16) ( 31, 31, 31) (  0,  0,  0))
         (( 16, 16, 32) ( 31, 31, 47) (  0,  0,  0))
         (( 16, 16, 48) ( 31, 31, 63) (  0,  0,  0))
         (( 16, 16, 64) ( 31, 31, 79) (  0,  0,  0))
         (( 16, 16, 80) ( 31, 31, 95) (  0,  0,  0))
         (( 16, 16, 96) ( 31, 31,111) (  0,  0,  0))
         (( 16, 16,112) ( 31, 31,127) (  0,  0,  0))
         (( 16, 32,  0) ( 31, 47, 15) (  0,  0,  0))
         (( 16, 32, 16) ( 31, 47, 31) (  0,  0,  0))
         (( 16, 32, 32) ( 31, 47, 47) (  0,  0,  0))
         (( 16, 32, 48) ( 31, 47, 63) (  0,  0,  0))
         (( 16, 32, 64) ( 31, 47, 79) (  0,  0,  0))
         (( 16, 32, 80) ( 31, 47, 95) (  0,  0,  0))
         (( 16, 32, 96) ( 31, 47,111) (  0,  0,  0))
         (( 16, 32,112) ( 31, 47,127) (  0,  0,  0))
         (( 16, 48,  0) ( 31, 63, 15) (  0,  0,  0))
         (( 16, 48, 16) ( 31, 63, 31) (  0,  0,  0))
         (( 16, 48, 32) ( 31, 63, 47) (  0,  0,  0))
         (( 16, 48, 48) ( 31, 63, 63) (  0,  0,  0))
         (( 16, 48, 64) ( 31, 63, 79) (  0,  0,  0))
         (( 16, 48, 80) ( 31, 63, 95) (  0,  0,  0))
         (( 16, 48, 96) ( 31, 63,111) (  0,  0,  0))
         (( 16, 48,112) ( 31, 63,127) (  0,  0,  0))
         (( 16, 64,  0) ( 31, 79, 15) (  0,  0,  0))
         (( 16, 64, 16) ( 31, 79, 31) (  0,  0,  0))
         (( 16, 64, 32) ( 31, 79, 47) (  0,  0,  0))
         (( 16, 64, 48) ( 31, 79, 63) (  0,  0,  0))
         (( 16, 64, 64) ( 31, 79, 79) (  0,  0,  0))
         (( 16, 64, 80) ( 31, 79, 95) (  0,  0,  0))
         (( 16, 64, 96) ( 31, 79,111) (  0,  0,  0))
         (( 16, 64,112) ( 31, 79,127) (  0,  0,  0))
         (( 16, 80,  0) ( 31, 95, 15) (  0,  0,  0))
         (( 16, 80, 16) ( 31, 95, 31) (  0,  0,  0))
         (( 16, 80, 32) ( 31, 95, 47) (  0,  0,  0))
         (( 16, 80, 48) ( 31, 95, 63) (  0,  0,  0))
         (( 16, 80, 64) ( 31, 95, 79) (  0,  0,  0))
         (( 16, 80, 80) ( 31, 95, 95) (  0,  0,  0))
         (( 16, 80, 96) ( 31, 95,111) (  0,  0,  0))
         (( 16, 80,112) ( 31, 95,127) (  0,  0,  0))
         (( 16, 96,  0) ( 31,111, 15) (  0,  0,  0))
         (( 16, 96, 16) ( 31,111, 31) (  0,  0,  0))
         (( 16, 96, 32) ( 31,111, 47) (  0,  0,  0))
         (( 16, 96, 48) ( 31,111, 63) (  0,  0,  0))
         (( 16, 96, 64) ( 31,111, 79) (  0,  0,  0))
         (( 16, 96, 80) ( 31,111, 95) (  0,  0,  0))
         (( 16, 96, 96) ( 31,111,111) (  0,  0,  0))
         (( 16, 96,112) ( 31,111,127) (  0,  0,  0))
         (( 16,112,  0) ( 31,127, 15) (  0,  0,  0))
         (( 16,112, 16) ( 31,127, 31) (  0,  0,  0))
         (( 16,112, 32) ( 31,127, 47) (  0,  0,  0))
         (( 16,112, 48) ( 31,127, 63) (  0,  0,  0))
         (( 16,112, 64) ( 31,127, 79) (  0,  0,  0))
         (( 16,112, 80) ( 31,127, 95) (  0,  0,  0))
         (( 16,112, 96) ( 31,127,111) (  0,  0,  0))
         (( 16,112,112) ( 31,127,127) (  0,  0,  0))
         (( 32,  0,  0) ( 47, 15, 15) (  0,  0,  0))
         (( 32,  0, 16) ( 47, 15, 31) (  0,  0,  0))
         (( 32,  0, 32) ( 47, 15, 47) (  0,  0,  0))
         (( 32,  0, 48) ( 47, 15, 63) (  0,  0,  0))
         (( 32,  0, 64) ( 47, 15, 79) (  0,  0,  0))
         (( 32,  0, 80) ( 47, 15, 95) (  0,  0,  0))
         (( 32,  0, 96) ( 47, 15,111) (  0,  0,  0))
         (( 32,  0,112) ( 47, 15,127) (  0,  0,  0))
         (( 32, 16,  0) ( 47, 31, 15) (  0,  0,  0))
         (( 32, 16, 16) ( 47, 31, 31) (  0,  0,  0))
         (( 32, 16, 32) ( 47, 31, 47) (  0,  0,  0))
         (( 32, 16, 48) ( 47, 31, 63) (  0,  0,  0))
         (( 32, 16, 64) ( 47, 31, 79) (  0,  0,  0))
         (( 32, 16, 80) ( 47, 31, 95) (  0,  0,  0))
         (( 32, 16, 96) ( 47, 31,111) (  0,  0,  0))
         (( 32, 16,112) ( 47, 31,127) (  0,  0,  0))
         (( 32, 32,  0) ( 47, 47, 15) (  0,  0,  0))
         (( 32, 32, 16) ( 47, 47, 31) (  0,  0,  0))
         (( 32, 32, 32) ( 47, 47, 47) (  0,  0,  0))
         (( 32, 32, 48) ( 47, 47, 63) (  0,  0,  0))
         (( 32, 32, 64) ( 47, 47, 79) (  0,  0,  0))
         (( 32, 32, 80) ( 47, 47, 95) (  0,  0,  0))
         (( 32, 32, 96) ( 47, 47,111) (  0,  0,  0))
         (( 32, 32,112) ( 47, 47,127) (  0,  0,  0))
         (( 32, 48,  0) ( 47, 63, 15) (  0,  0,  0))
         (( 32, 48, 16) ( 47, 63, 31) (  0,  0,  0))
         (( 32, 48, 32) ( 47, 63, 47) (  0,  0,  0))
         (( 32, 48, 48) ( 47, 63, 63) (  0,  0,  0))
         (( 32, 48, 64) ( 47, 63, 79) (  0,  0,  0))
         (( 32, 48, 80) ( 47, 63, 95) (  0,  0,  0))
         (( 32, 48, 96) ( 47, 63,111) (  0,  0,  0))
         (( 32, 48,112) ( 47, 63,127) (  0,  0,  0))
         (( 32, 64,  0) ( 47, 79, 15) (  0,  0,  0))
         (( 32, 64, 16) ( 47, 79, 31) (  0,  0,  0))
         (( 32, 64, 32) ( 47, 79, 47) (  0,  0,  0))
         (( 32, 64, 48) ( 47, 79, 63) (  0,  0,  0))
         (( 32, 64, 64) ( 47, 79, 79) (  0,  0,  0))
         (( 32, 64, 80) ( 47, 79, 95) (  0,  0,  0))
         (( 32, 64, 96) ( 47, 79,111) (  0,  0,  0))
         (( 32, 64,112) ( 47, 79,127) (  0,  0,  0))
         (( 32, 80,  0) ( 47, 95, 15) (  0,  0,  0))
         (( 32, 80, 16) ( 47, 95, 31) (  0,  0,  0))
         (( 32, 80, 32) ( 47, 95, 47) (  0,  0,  0))
         (( 32, 80, 48) ( 47, 95, 63) (  0,  0,  0))
         (( 32, 80, 64) ( 47, 95, 79) (  0,  0,  0))
         (( 32, 80, 80) ( 47, 95, 95) (  0,  0,  0))
         (( 32, 80, 96) ( 47, 95,111) (  0,  0,  0))
         (( 32, 80,112) ( 47, 95,127) (  0,  0,  0))
         (( 32, 96,  0) ( 47,111, 15) (  0,  0,  0))
         (( 32, 96, 16) ( 47,111, 31) (  0,  0,  0))
         (( 32, 96, 32) ( 47,111, 47) (  0,  0,  0))
         (( 32, 96, 48) ( 47,111, 63) (  0,  0,  0))
         (( 32, 96, 64) ( 47,111, 79) (  0,  0,  0))
         (( 32, 96, 80) ( 47,111, 95) (  0,  0,  0))
         (( 32, 96, 96) ( 47,111,111) (  0,  0,  0))
         (( 32, 96,112) ( 47,111,127) (  0,  0,  0))
         (( 32,112,  0) ( 47,127, 15) (  0,  0,  0))
         (( 32,112, 16) ( 47,127, 31) (  0,  0,  0))
         (( 32,112, 32) ( 47,127, 47) (  0,  0,  0))
         (( 32,112, 48) ( 47,127, 63) (  0,  0,  0))
         (( 32,112, 64) ( 47,127, 79) (  0,  0,  0))
         (( 32,112, 80) ( 47,127, 95) (  0,  0,  0))
         (( 32,112, 96) ( 47,127,111) (  0,  0,  0))
         (( 32,112,112) ( 47,127,127) (  0,  0,  0))
         (( 48,  0,  0) ( 63, 15, 15) (  0,  0,  0))
         (( 48,  0, 16) ( 63, 15, 31) (  0,  0,  0))
         (( 48,  0, 32) ( 63, 15, 47) (  0,  0,  0))
         (( 48,  0, 48) ( 63, 15, 63) (  0,  0,  0))
         (( 48,  0, 64) ( 63, 15, 79) (  0,  0,  0))
         (( 48,  0, 80) ( 63, 15, 95) (  0,  0,  0))
         (( 48,  0, 96) ( 63, 15,111) (  0,  0,  0))
         (( 48,  0,112) ( 63, 15,127) (  0,  0,  0))
         (( 48, 16,  0) ( 63, 31, 15) (  0,  0,  0))
         (( 48, 16, 16) ( 63, 31, 31) (  0,  0,  0))
         (( 48, 16, 32) ( 63, 31, 47) (  0,  0,  0))
         (( 48, 16, 48) ( 63, 31, 63) (  0,  0,  0))
         (( 48, 16, 64) ( 63, 31, 79) (  0,  0,  0))
         (( 48, 16, 80) ( 63, 31, 95) (  0,  0,  0))
         (( 48, 16, 96) ( 63, 31,111) (  0,  0,  0))
         (( 48, 16,112) ( 63, 31,127) (  0,  0,  0))
         (( 48, 32,  0) ( 63, 47, 15) (  0,  0,  0))
         (( 48, 32, 16) ( 63, 47, 31) (  0,  0,  0))
         (( 48, 32, 32) ( 63, 47, 47) (  0,  0,  0))
         (( 48, 32, 48) ( 63, 47, 63) (  0,  0,  0))
         (( 48, 32, 64) ( 63, 47, 79) (  0,  0,  0))
         (( 48, 32, 80) ( 63, 47, 95) (  0,  0,  0))
         (( 48, 32, 96) ( 63, 47,111) (  0,  0,  0))
         (( 48, 32,112) ( 63, 47,127) (  0,  0,  0))
         (( 48, 48,  0) ( 63, 63, 15) (  0,  0,  0))
         (( 48, 48, 16) ( 63, 63, 31) (  0,  0,  0))
         (( 48, 48, 32) ( 63, 63, 47) (  0,  0,  0))
         (( 48, 48, 48) ( 63, 63, 63) (  0,  0,  0))
         (( 48, 48, 64) ( 63, 63, 79) (  0,  0,  0))
         (( 48, 48, 80) ( 63, 63, 95) (  0,  0,  0))
         (( 48, 48, 96) ( 63, 63,111) (  0,  0,  0))
         (( 48, 48,112) ( 63, 63,127) (  0,  0,  0))
         (( 48, 64,  0) ( 63, 79, 15) (  0,  0,  0))
         (( 48, 64, 16) ( 63, 79, 31) (  0,  0,  0))
         (( 48, 64, 32) ( 63, 79, 47) (  0,  0,  0))
         (( 48, 64, 48) ( 63, 79, 63) (  0,  0,  0))
         (( 48, 64, 64) ( 63, 79, 79) (  0,  0,  0))
         (( 48, 64, 80) ( 63, 79, 95) (  0,  0,  0))
         (( 48, 64, 96) ( 63, 79,111) (  0,  0,  0))
         (( 48, 64,112) ( 63, 79,127) (  0,  0,  0))
         (( 48, 80,  0) ( 63, 95, 15) (  0,  0,  0))
         (( 48, 80, 16) ( 63, 95, 31) (  0,  0,  0))
         (( 48, 80, 32) ( 63, 95, 47) (  0,  0,  0))
         (( 48, 80, 48) ( 63, 95, 63) (  0,  0,  0))
         (( 48, 80, 64) ( 63, 95, 79) (  0,  0,  0))
         (( 48, 80, 80) ( 63, 95, 95) (  0,  0,  0))
         (( 48, 80, 96) ( 63, 95,111) (  0,  0,  0))
         (( 48, 80,112) ( 63, 95,127) (  0,  0,  0))
         (( 48, 96,  0) ( 63,111, 15) (  0,  0,  0))
         (( 48, 96, 16) ( 63,111, 31) (  0,  0,  0))
         (( 48, 96, 32) ( 63,111, 47) (  0,  0,  0))
         (( 48, 96, 48) ( 63,111, 63) (  0,  0,  0))
         (( 48, 96, 64) ( 63,111, 79) (  0,  0,  0))
         (( 48, 96, 80) ( 63,111, 95) (  0,  0,  0))
         (( 48, 96, 96) ( 63,111,111) (  0,  0,  0))
         (( 48, 96,112) ( 63,111,127) (  0,  0,  0))
         (( 48,112,  0) ( 63,127, 15) (  0,  0,  0))
         (( 48,112, 16) ( 63,127, 31) (  0,  0,  0))
         (( 48,112, 32) ( 63,127, 47) (  0,  0,  0))
         (( 48,112, 48) ( 63,127, 63) (  0,  0,  0))
         (( 48,112, 64) ( 63,127, 79) (  0,  0,  0))
         (( 48,112, 80) ( 63,127, 95) (  0,  0,  0))
         (( 48,112, 96) ( 63,127,111) (  0,  0,  0))
         (( 48,112,112) ( 63,127,127) (  0,  0,  0))
         (( 64,  0,  0) ( 79, 15, 15) (  0,  0,  0))
         (( 64,  0, 16) ( 79, 15, 31) (  0,  0,  0))
         (( 64,  0, 32) ( 79, 15, 47) (  0,  0,  0))
         (( 64,  0, 48) ( 79, 15, 63) (  0,  0,  0))
         (( 64,  0, 64) ( 79, 15, 79) (  0,  0,  0))
         (( 64,  0, 80) ( 79, 15, 95) (  0,  0,  0))
         (( 64,  0, 96) ( 79, 15,111) (  0,  0,  0))
         (( 64,  0,112) ( 79, 15,127) (  0,  0,  0))
         (( 64, 16,  0) ( 79, 31, 15) (  0,  0,  0))
         (( 64, 16, 16) ( 79, 31, 31) (  0,  0,  0))
         (( 64, 16, 32) ( 79, 31, 47) (  0,  0,  0))
         (( 64, 16, 48) ( 79, 31, 63) (  0,  0,  0))
         (( 64, 16, 64) ( 79, 31, 79) (  0,  0,  0))
         (( 64, 16, 80) ( 79, 31, 95) (  0,  0,  0))
         (( 64, 16, 96) ( 79, 31,111) (  0,  0,  0))
         (( 64, 16,112) ( 79, 31,127) (  0,  0,  0))
         (( 64, 32,  0) ( 79, 47, 15) (  0,  0,  0))
         (( 64, 32, 16) ( 79, 47, 31) (  0,  0,  0))
         (( 64, 32, 32) ( 79, 47, 47) (  0,  0,  0))
         (( 64, 32, 48) ( 79, 47, 63) (  0,  0,  0))
         (( 64, 32, 64) ( 79, 47, 79) (  0,  0,  0))
         (( 64, 32, 80) ( 79, 47, 95) (  0,  0,  0))
         (( 64, 32, 96) ( 79, 47,111) (  0,  0,  0))
         (( 64, 32,112) ( 79, 47,127) (  0,  0,  0))
         (( 64, 48,  0) ( 79, 63, 15) (  0,  0,  0))
         (( 64, 48, 16) ( 79, 63, 31) (  0,  0,  0))
         (( 64, 48, 32) ( 79, 63, 47) (  0,  0,  0))
         (( 64, 48, 48) ( 79, 63, 63) (  0,  0,  0))
         (( 64, 48, 64) ( 79, 63, 79) (  0,  0,  0))
         (( 64, 48, 80) ( 79, 63, 95) (  0,  0,  0))
         (( 64, 48, 96) ( 79, 63,111) (  0,  0,  0))
         (( 64, 48,112) ( 79, 63,127) (  0,  0,  0))
         (( 64, 64,  0) ( 79, 79, 15) (  0,  0,  0))
         (( 64, 64, 16) ( 79, 79, 31) (  0,  0,  0))
         (( 64, 64, 32) ( 79, 79, 47) (  0,  0,  0))
         (( 64, 64, 48) ( 79, 79, 63) (  0,  0,  0))
         (( 64, 64, 64) ( 79, 79, 79) (  0,  0,  0))
         (( 64, 64, 80) ( 79, 79, 95) (  0,  0,  0))
         (( 64, 64, 96) ( 79, 79,111) (  0,  0,  0))
         (( 64, 64,112) ( 79, 79,127) (  0,  0,  0))
         (( 64, 80,  0) ( 79, 95, 15) (  0,  0,  0))
         (( 64, 80, 16) ( 79, 95, 31) (  0,  0,  0))
         (( 64, 80, 32) ( 79, 95, 47) (  0,  0,  0))
         (( 64, 80, 48) ( 79, 95, 63) (  0,  0,  0))
         (( 64, 80, 64) ( 79, 95, 79) (  0,  0,  0))
         (( 64, 80, 80) ( 79, 95, 95) (  0,  0,  0))
         (( 64, 80, 96) ( 79, 95,111) (  0,  0,  0))
         (( 64, 80,112) ( 79, 95,127) (  0,  0,  0))
         (( 64, 96,  0) ( 79,111, 15) (  0,  0,  0))
         (( 64, 96, 16) ( 79,111, 31) (  0,  0,  0))
         (( 64, 96, 32) ( 79,111, 47) (  0,  0,  0))
         (( 64, 96, 48) ( 79,111, 63) (  0,  0,  0))
         (( 64, 96, 64) ( 79,111, 79) (  0,  0,  0))
         (( 64, 96, 80) ( 79,111, 95) (  0,  0,  0))
         (( 64, 96, 96) ( 79,111,111) (  0,  0,  0))
         (( 64, 96,112) ( 79,111,127) (  0,  0,  0))
         (( 64,112,  0) ( 79,127, 15) (  0,  0,  0))
         (( 64,112, 16) ( 79,127, 31) (  0,  0,  0))
         (( 64,112, 32) ( 79,127, 47) (  0,  0,  0))
         (( 64,112, 48) ( 79,127, 63) (  0,  0,  0))
         (( 64,112, 64) ( 79,127, 79) (  0,  0,  0))
         (( 64,112, 80) ( 79,127, 95) (  0,  0,  0))
         (( 64,112, 96) ( 79,127,111) (  0,  0,  0))
         (( 64,112,112) ( 79,127,127) (  0,  0,  0))
         (( 80,  0,  0) ( 95, 15, 15) (  0,  0,  0))
         (( 80,  0, 16) ( 95, 15, 31) (  0,  0,  0))
         (( 80,  0, 32) ( 95, 15, 47) (  0,  0,  0))
         (( 80,  0, 48) ( 95, 15, 63) (  0,  0,  0))
         (( 80,  0, 64) ( 95, 15, 79) (  0,  0,  0))
         (( 80,  0, 80) ( 95, 15, 95) (  0,  0,  0))
         (( 80,  0, 96) ( 95, 15,111) (  0,  0,  0))
         (( 80,  0,112) ( 95, 15,127) (  0,  0,  0))
         (( 80, 16,  0) ( 95, 31, 15) (  0,  0,  0))
         (( 80, 16, 16) ( 95, 31, 31) (  0,  0,  0))
         (( 80, 16, 32) ( 95, 31, 47) (  0,  0,  0))
         (( 80, 16, 48) ( 95, 31, 63) (  0,  0,  0))
         (( 80, 16, 64) ( 95, 31, 79) (  0,  0,  0))
         (( 80, 16, 80) ( 95, 31, 95) (  0,  0,  0))
         (( 80, 16, 96) ( 95, 31,111) (  0,  0,  0))
         (( 80, 16,112) ( 95, 31,127) (  0,  0,  0))
         (( 80, 32,  0) ( 95, 47, 15) (  0,  0,  0))
         (( 80, 32, 16) ( 95, 47, 31) (  0,  0,  0))
         (( 80, 32, 32) ( 95, 47, 47) (  0,  0,  0))
         (( 80, 32, 48) ( 95, 47, 63) (  0,  0,  0))
         (( 80, 32, 64) ( 95, 47, 79) (  0,  0,  0))
         (( 80, 32, 80) ( 95, 47, 95) (  0,  0,  0))
         (( 80, 32, 96) ( 95, 47,111) (  0,  0,  0))
         (( 80, 32,112) ( 95, 47,127) (  0,  0,  0))
         (( 80, 48,  0) ( 95, 63, 15) (  0,  0,  0))
         (( 80, 48, 16) ( 95, 63, 31) (  0,  0,  0))
         (( 80, 48, 32) ( 95, 63, 47) (  0,  0,  0))
         (( 80, 48, 48) ( 95, 63, 63) (  0,  0,  0))
         (( 80, 48, 64) ( 95, 63, 79) (  0,  0,  0))
         (( 80, 48, 80) ( 95, 63, 95) (  0,  0,  0))
         (( 80, 48, 96) ( 95, 63,111) (  0,  0,  0))
         (( 80, 48,112) ( 95, 63,127) (  0,  0,  0))
         (( 80, 64,  0) ( 95, 79, 15) (  0,  0,  0))
         (( 80, 64, 16) ( 95, 79, 31) (  0,  0,  0))
         (( 80, 64, 32) ( 95, 79, 47) (  0,  0,  0))
         (( 80, 64, 48) ( 95, 79, 63) (  0,  0,  0))
         (( 80, 64, 64) ( 95, 79, 79) (  0,  0,  0))
         (( 80, 64, 80) ( 95, 79, 95) (  0,  0,  0))
         (( 80, 64, 96) ( 95, 79,111) (  0,  0,  0))
         (( 80, 64,112) ( 95, 79,127) (  0,  0,  0))
         (( 80, 80,  0) ( 95, 95, 15) (  0,  0,  0))
         (( 80, 80, 16) ( 95, 95, 31) (  0,  0,  0))
         (( 80, 80, 32) ( 95, 95, 47) (  0,  0,  0))
         (( 80, 80, 48) ( 95, 95, 63) (  0,  0,  0))
         (( 80, 80, 64) ( 95, 95, 79) (  0,  0,  0))
         (( 80, 80, 80) ( 95, 95, 95) (  0,  0,  0))
         (( 80, 80, 96) ( 95, 95,111) (  0,  0,  0))
         (( 80, 80,112) ( 95, 95,127) (  0,  0,  0))
         (( 80, 96,  0) ( 95,111, 15) (  0,  0,  0))
         (( 80, 96, 16) ( 95,111, 31) (  0,  0,  0))
         (( 80, 96, 32) ( 95,111, 47) (  0,  0,  0))
         (( 80, 96, 48) ( 95,111, 63) (  0,  0,  0))
         (( 80, 96, 64) ( 95,111, 79) (  0,  0,  0))
         (( 80, 96, 80) ( 95,111, 95) (  0,  0,  0))
         (( 80, 96, 96) ( 95,111,111) (  0,  0,  0))
         (( 80, 96,112) ( 95,111,127) (  0,  0,  0))
         (( 80,112,  0) ( 95,127, 15) (  0,  0,  0))
         (( 80,112, 16) ( 95,127, 31) (  0,  0,  0))
         (( 80,112, 32) ( 95,127, 47) (  0,  0,  0))
         (( 80,112, 48) ( 95,127, 63) (  0,  0,  0))
         (( 80,112, 64) ( 95,127, 79) (  0,  0,  0))
         (( 80,112, 80) ( 95,127, 95) (  0,  0,  0))
         (( 80,112, 96) ( 95,127,111) (  0,  0,  0))
         (( 80,112,112) ( 95,127,127) (  0,  0,  0))
         (( 96,  0,  0) (111, 15, 15) (  0,  0,  0))
         (( 96,  0, 16) (111, 15, 31) (  0,  0,  0))
         (( 96,  0, 32) (111, 15, 47) (  0,  0,  0))
         (( 96,  0, 48) (111, 15, 63) (  0,  0,  0))
         (( 96,  0, 64) (111, 15, 79) (  0,  0,  0))
         (( 96,  0, 80) (111, 15, 95) (  0,  0,  0))
         (( 96,  0, 96) (111, 15,111) (  0,  0,  0))
         (( 96,  0,112) (111, 15,127) (  0,  0,  0))
         (( 96, 16,  0) (111, 31, 15) (  0,  0,  0))
         (( 96, 16, 16) (111, 31, 31) (  0,  0,  0))
         (( 96, 16, 32) (111, 31, 47) (  0,  0,  0))
         (( 96, 16, 48) (111, 31, 63) (  0,  0,  0))
         (( 96, 16, 64) (111, 31, 79) (  0,  0,  0))
         (( 96, 16, 80) (111, 31, 95) (  0,  0,  0))
         (( 96, 16, 96) (111, 31,111) (  0,  0,  0))
         (( 96, 16,112) (111, 31,127) (  0,  0,  0))
         (( 96, 32,  0) (111, 47, 15) (  0,  0,  0))
         (( 96, 32, 16) (111, 47, 31) (  0,  0,  0))
         (( 96, 32, 32) (111, 47, 47) (  0,  0,  0))
         (( 96, 32, 48) (111, 47, 63) (  0,  0,  0))
         (( 96, 32, 64) (111, 47, 79) (  0,  0,  0))
         (( 96, 32, 80) (111, 47, 95) (  0,  0,  0))
         (( 96, 32, 96) (111, 47,111) (  0,  0,  0))
         (( 96, 32,112) (111, 47,127) (  0,  0,  0))
         (( 96, 48,  0) (111, 63, 15) (  0,  0,  0))
         (( 96, 48, 16) (111, 63, 31) (  0,  0,  0))
         (( 96, 48, 32) (111, 63, 47) (  0,  0,  0))
         (( 96, 48, 48) (111, 63, 63) (  0,  0,  0))
         (( 96, 48, 64) (111, 63, 79) (  0,  0,  0))
         (( 96, 48, 80) (111, 63, 95) (  0,  0,  0))
         (( 96, 48, 96) (111, 63,111) (  0,  0,  0))
         (( 96, 48,112) (111, 63,127) (  0,  0,  0))
         (( 96, 64,  0) (111, 79, 15) (  0,  0,  0))
         (( 96, 64, 16) (111, 79, 31) (  0,  0,  0))
         (( 96, 64, 32) (111, 79, 47) (  0,  0,  0))
         (( 96, 64, 48) (111, 79, 63) (  0,  0,  0))
         (( 96, 64, 64) (111, 79, 79) (  0,  0,  0))
         (( 96, 64, 80) (111, 79, 95) (  0,  0,  0))
         (( 96, 64, 96) (111, 79,111) (  0,  0,  0))
         (( 96, 64,112) (111, 79,127) (  0,  0,  0))
         (( 96, 80,  0) (111, 95, 15) (  0,  0,  0))
         (( 96, 80, 16) (111, 95, 31) (  0,  0,  0))
         (( 96, 80, 32) (111, 95, 47) (  0,  0,  0))
         (( 96, 80, 48) (111, 95, 63) (  0,  0,  0))
         (( 96, 80, 64) (111, 95, 79) (  0,  0,  0))
         (( 96, 80, 80) (111, 95, 95) (  0,  0,  0))
         (( 96, 80, 96) (111, 95,111) (  0,  0,  0))
         (( 96, 80,112) (111, 95,127) (  0,  0,  0))
         (( 96, 96,  0) (111,111, 15) (  0,  0,  0))
         (( 96, 96, 16) (111,111, 31) (  0,  0,  0))
         (( 96, 96, 32) (111,111, 47) (  0,  0,  0))
         (( 96, 96, 48) (111,111, 63) (  0,  0,  0))
         (( 96, 96, 64) (111,111, 79) (  0,  0,  0))
         (( 96, 96, 80) (111,111, 95) (  0,  0,  0))
         (( 96, 96, 96) (111,111,111) (  0,  0,  0))
         (( 96, 96,112) (111,111,127) (  0,  0,  0))
         (( 96,112,  0) (111,127, 15) (  0,  0,  0))
         (( 96,112, 16) (111,127, 31) (  0,  0,  0))
         (( 96,112, 32) (111,127, 47) (  0,  0,  0))
         (( 96,112, 48) (111,127, 63) (  0,  0,  0))
         (( 96,112, 64) (111,127, 79) (  0,  0,  0))
         (( 96,112, 80) (111,127, 95) (  0,  0,  0))
         (( 96,112, 96) (111,127,111) (  0,  0,  0))
         (( 96,112,112) (111,127,127) (  0,  0,  0))
         ((112,  0,  0) (127, 15, 15) (  0,  0,  0))
         ((112,  0, 16) (127, 15, 31) (  0,  0,  0))
         ((112,  0, 32) (127, 15, 47) (  0,  0,  0))
         ((112,  0, 48) (127, 15, 63) (  0,  0,  0))
         ((112,  0, 64) (127, 15, 79) (  0,  0,  0))
         ((112,  0, 80) (127, 15, 95) (  0,  0,  0))
         ((112,  0, 96) (127, 15,111) (  0,  0,  0))
         ((112,  0,112) (127, 15,127) (  0,  0,  0))
         ((112, 16,  0) (127, 31, 15) (  0,  0,  0))
         ((112, 16, 16) (127, 31, 31) (  0,  0,  0))
         ((112, 16, 32) (127, 31, 47) (  0,  0,  0))
         ((112, 16, 48) (127, 31, 63) (  0,  0,  0))
         ((112, 16, 64) (127, 31, 79) (  0,  0,  0))
         ((112, 16, 80) (127, 31, 95) (  0,  0,  0))
         ((112, 16, 96) (127, 31,111) (  0,  0,  0))
         ((112, 16,112) (127, 31,127) (  0,  0,  0))
         ((112, 32,  0) (127, 47, 15) (  0,  0,  0))
         ((112, 32, 16) (127, 47, 31) (  0,  0,  0))
         ((112, 32, 32) (127, 47, 47) (  0,  0,  0))
         ((112, 32, 48) (127, 47, 63) (  0,  0,  0))
         ((112, 32, 64) (127, 47, 79) (  0,  0,  0))
         ((112, 32, 80) (127, 47, 95) (  0,  0,  0))
         ((112, 32, 96) (127, 47,111) (  0,  0,  0))
         ((112, 32,112) (127, 47,127) (  0,  0,  0))
         ((112, 48,  0) (127, 63, 15) (  0,  0,  0))
         ((112, 48, 16) (127, 63, 31) (  0,  0,  0))
         ((112, 48, 32) (127, 63, 47) (  0,  0,  0))
         ((112, 48, 48) (127, 63, 63) (  0,  0,  0))
         ((112, 48, 64) (127, 63, 79) (  0,  0,  0))
         ((112, 48, 80) (127, 63, 95) (  0,  0,  0))
         ((112, 48, 96) (127, 63,111) (  0,  0,  0))
         ((112, 48,112) (127, 63,127) (  0,  0,  0))
         ((112, 64,  0) (127, 79, 15) (  0,  0,  0))
         ((112, 64, 16) (127, 79, 31) (  0,  0,  0))
         ((112, 64, 32) (127, 79, 47) (  0,  0,  0))
         ((112, 64, 48) (127, 79, 63) (  0,  0,  0))
         ((112, 64, 64) (127, 79, 79) (  0,  0,  0))
         ((112, 64, 80) (127, 79, 95) (  0,  0,  0))
         ((112, 64, 96) (127, 79,111) (  0,  0,  0))
         ((112, 64,112) (127, 79,127) (  0,  0,  0))
         ((112, 80,  0) (127, 95, 15) (  0,  0,  0))
         ((112, 80, 16) (127, 95, 31) (  0,  0,  0))
         ((112, 80, 32) (127, 95, 47) (  0,  0,  0))
         ((112, 80, 48) (127, 95, 63) (  0,  0,  0))
         ((112, 80, 64) (127, 95, 79) (  0,  0,  0))
         ((112, 80, 80) (127, 95, 95) (  0,  0,  0))
         ((112, 80, 96) (127, 95,111) (  0,  0,  0))
         ((112, 80,112) (127, 95,127) (  0,  0,  0))
         ((112, 96,  0) (127,111, 15) (  0,  0,  0))
         ((112, 96, 16) (127,111, 31) (  0,  0,  0))
         ((112, 96, 32) (127,111, 47) (  0,  0,  0))
         ((112, 96, 48) (127,111, 63) (  0,  0,  0))
         ((112, 96, 64) (127,111, 79) (  0,  0,  0))
         ((112, 96, 80) (127,111, 95) (  0,  0,  0))
         ((112, 96, 96) (127,111,111) (  0,  0,  0))
         ((112, 96,112) (127,111,127) (  0,  0,  0))
         ((112,112,  0) (127,127, 15) (  0,  0,  0))
         ((112,112, 16) (127,127, 31) (  0,  0,  0))
         ((112,112, 32) (127,127, 47) (  0,  0,  0))
         ((112,112, 48) (127,127, 63) (  0,  0,  0))
         ((112,112, 64) (127,127, 79) (  0,  0,  0))
         ((112,112, 80) (127,127, 95) (  0,  0,  0))
         ((112,112, 96) (127,127,111) (  0,  0,  0))
         ((112,112,112) (127,127,127) (  0,  0,  0))
