1
   ((   0,   0) (1279,1279) (   0,   0))  100
         ((   0,   0) ( 127, 127) (   0,   0))
         ((   0, 128) ( 127, 255) (   0,   0))
         ((   0, 256) ( 127, 383) (   0,   0))
         ((   0, 384) ( 127, 511) (   0,   0))
         ((   0, 512) ( 127, 639) (   0,   0))
         ((   0, 640) ( 127, 767) (   0,   0))
         ((   0, 768) ( 127, 895) (   0,   0))
         ((   0, 896) ( 127,1023) (   0,   0))
         ((   0,1024) ( 127,1151) (   0,   0))
         ((   0,1152) ( 127,1279) (   0,   0))
         (( 128,   0) ( 255, 127) (   0,   0))
         (( 128, 128) ( 255, 255) (   0,   0))
         (( 128, 256) ( 255, 383) (   0,   0))
         (( 128, 384) ( 255, 511) (   0,   0))
         (( 128, 512) ( 255, 639) (   0,   0))
         (( 128, 640) ( 255, 767) (   0,   0))
         (( 128, 768) ( 255, 895) (   0,   0))
         (( 128, 896) ( 255,1023) (   0,   0))
         (( 128,1024) ( 255,1151) (   0,   0))
         (( 128,1152) ( 255,1279) (   0,   0))
         (( 256,   0) ( 383, 127) (   0,   0))
         (( 256, 128) ( 383, 255) (   0,   0))
         (( 256, 256) ( 383, 383) (   0,   0))
         (( 256, 384) ( 383, 511) (   0,   0))
         (( 256, 512) ( 383, 639) (   0,   0))
         (( 256, 640) ( 383, 767) (   0,   0))
         (( 256, 768) ( 383, 895) (   0,   0))
         (( 256, 896) ( 383,1023) (   0,   0))
         (( 256,1024) ( 383,1151) (   0,   0))
         (( 256,1152) ( 383,1279) (   0,   0))
         (( 384,   0) ( 511, 127) (   0,   0))
         (( 384, 128) ( 511, 255) (   0,   0))
         (( 384, 256) ( 511, 383) (   0,   0))
         (( 384, 384) ( 511, 511) (   0,   0))
         (( 384, 512) ( 511, 639) (   0,   0))
         (( 384, 640) ( 511, 767) (   0,   0))
         (( 384, 768) ( 511, 895) (   0,   0))
         (( 384, 896) ( 511,1023) (   0,   0))
         (( 384,1024) ( 511,1151) (   0,   0))
         (( 384,1152) ( 511,1279) (   0,   0))
         (( 512,   0) ( 639, 127) (   0,   0))
         (( 512, 128) ( 639, 255) (   0,   0))
         (( 512, 256) ( 639, 383) (   0,   0))
         (( 512, 384) ( 639, 511) (   0,   0))
         (( 512, 512) ( 639, 639) (   0,   0))
         (( 512, 640) ( 639, 767) (   0,   0))
         (( 512, 768) ( 639, 895) (   0,   0))
         (( 512, 896) ( 639,1023) (   0,   0))
         (( 512,1024) ( 639,1151) (   0,   0))
         (( 512,1152) ( 639,1279) (   0,   0))
         (( 640,   0) ( 767, 127) (   0,   0))
         (( 640, 128) ( 767, 255) (   0,   0))
         (( 640, 256) ( 767, 383) (   0,   0))
         (( 640, 384) ( 767, 511) (   0,   0))
         (( 640, 512) ( 767, 639) (   0,   0))
         (( 640, 640) ( 767, 767) (   0,   0))
         (( 640, 768) ( 767, 895) (   0,   0))
         (( 640, 896) ( 767,1023) (   0,   0))
         (( 640,1024) ( 767,1151) (   0,   0))
         (( 640,1152) ( 767,1279) (   0,   0))
         (( 768,   0) ( 895, 127) (   0,   0))
         (( 768, 128) ( 895, 255) (   0,   0))
         (( 768, 256) ( 895, 383) (   0,   0))
         (( 768, 384) ( 895, 511) (   0,   0))
         (( 768, 512) ( 895, 639) (   0,   0))
         (( 768, 640) ( 895, 767) (   0,   0))
         (( 768, 768) ( 895, 895) (   0,   0))
         (( 768, 896) ( 895,1023) (   0,   0))
         (( 768,1024) ( 895,1151) (   0,   0))
         (( 768,1152) ( 895,1279) (   0,   0))
         (( 896,   0) (1023, 127) (   0,   0))
         (( 896, 128) (1023, 255) (   0,   0))
         (( 896, 256) (1023, 383) (   0,   0))
         (( 896, 384) (1023, 511) (   0,   0))
         (( 896, 512) (1023, 639) (   0,   0))
         (( 896, 640) (1023, 767) (   0,   0))
         (( 896, 768) (1023, 895) (   0,   0))
         (( 896, 896) (1023,1023) (   0,   0))
         (( 896,1024) (1023,1151) (   0,   0))
         (( 896,1152) (1023,1279) (   0,   0))
         ((1024,   0) (1151, 127) (   0,   0))
         ((1024, 128) (1151, 255) (   0,   0))
         ((1024, 256) (1151, 383) (   0,   0))
         ((1024, 384) (1151, 511) (   0,   0))
         ((1024, 512) (1151, 639) (   0,   0))
         ((1024, 640) (1151, 767) (   0,   0))
         ((1024, 768) (1151, 895) (   0,   0))
         ((1024, 896) (1151,1023) (   0,   0))
         ((1024,1024) (1151,1151) (   0,   0))
         ((1024,1152) (1151,1279) (   0,   0))
         ((1152,   0) (1279, 127) (   0,   0))
         ((1152, 128) (1279, 255) (   0,   0))
         ((1152, 256) (1279, 383) (   0,   0))
         ((1152, 384) (1279, 511) (   0,   0))
         ((1152, 512) (1279, 639) (   0,   0))
         ((1152, 640) (1279, 767) (   0,   0))
         ((1152, 768) (1279, 895) (   0,   0))
         ((1152, 896) (1279,1023) (   0,   0))
         ((1152,1024) (1279,1151) (   0,   0))
         ((1152,1152) (1279,1279) (   0,   0))
