3
   ((  0,  0,  0) ( 31, 31,127) (  0,  0,  0))      32
         ((  0,  0,  0) ( 15, 15, 15) (  0,  0,  0))
         ((  0,  0, 16) ( 15, 15, 31) (  0,  0,  0))
         ((  0,  0, 32) ( 15, 15, 47) (  0,  0,  0))
         ((  0,  0, 48) ( 15, 15, 63) (  0,  0,  0))
         ((  0,  0, 64) ( 15, 15, 79) (  0,  0,  0))
         ((  0,  0, 80) ( 15, 15, 95) (  0,  0,  0))
         ((  0,  0, 96) ( 15, 15,111) (  0,  0,  0))
         ((  0,  0,112) ( 15, 15,127) (  0,  0,  0))
         ((  0, 16,  0) ( 15, 31, 15) (  0,  0,  0))
         ((  0, 16, 16) ( 15, 31, 31) (  0,  0,  0))
         ((  0, 16, 32) ( 15, 31, 47) (  0,  0,  0))
         ((  0, 16, 48) ( 15, 31, 63) (  0,  0,  0))
         ((  0, 16, 64) ( 15, 31, 79) (  0,  0,  0))
         ((  0, 16, 80) ( 15, 31, 95) (  0,  0,  0))
         ((  0, 16, 96) ( 15, 31,111) (  0,  0,  0))
         ((  0, 16,112) ( 15, 31,127) (  0,  0,  0))
         (( 16,  0,  0) ( 31, 15, 15) (  0,  0,  0))
         (( 16,  0, 16) ( 31, 15, 31) (  0,  0,  0))
         (( 16,  0, 32) ( 31, 15, 47) (  0,  0,  0))
         (( 16,  0, 48) ( 31, 15, 63) (  0,  0,  0))
         (( 16,  0, 64) ( 31, 15, 79) (  0,  0,  0))
         (( 16,  0, 80) ( 31, 15, 95) (  0,  0,  0))
         (( 16,  0, 96) ( 31, 15,111) (  0,  0,  0))
         (( 16,  0,112) ( 31, 15,127) (  0,  0,  0))
         (( 16, 16,  0) ( 31, 31, 15) (  0,  0,  0))
         (( 16, 16, 16) ( 31, 31, 31) (  0,  0,  0))
         (( 16, 16, 32) ( 31, 31, 47) (  0,  0,  0))
         (( 16, 16, 48) ( 31, 31, 63) (  0,  0,  0))
         (( 16, 16, 64) ( 31, 31, 79) (  0,  0,  0))
         (( 16, 16, 80) ( 31, 31, 95) (  0,  0,  0))
         (( 16, 16, 96) ( 31, 31,111) (  0,  0,  0))
         (( 16, 16,112) ( 31, 31,127) (  0,  0,  0))
   ((  0,  0,  0) ( 63, 63,255) (  0,  0,  0))      64
         ((  0,  0,154) ( 15, 15,169) (  0,  0,  0))
         ((  0,  0,170) ( 15, 15,185) (  0,  0,  0))
         ((  0,  0,186) ( 15, 15,201) (  0,  0,  0))
         ((  0,  0,202) ( 15, 15,217) (  0,  0,  0))
         ((  0, 16,154) ( 15, 31,169) (  0,  0,  0))
         ((  0, 16,170) ( 15, 31,185) (  0,  0,  0))
         ((  0, 16,186) ( 15, 31,201) (  0,  0,  0))
         ((  0, 16,202) ( 15, 31,217) (  0,  0,  0))
         ((  0, 32,154) ( 15, 47,169) (  0,  0,  0))
         ((  0, 32,170) ( 15, 47,185) (  0,  0,  0))
         ((  0, 32,186) ( 15, 47,201) (  0,  0,  0))
         ((  0, 32,202) ( 15, 47,217) (  0,  0,  0))
         ((  0, 48,154) ( 15, 63,169) (  0,  0,  0))
         ((  0, 48,170) ( 15, 63,185) (  0,  0,  0))
         ((  0, 48,186) ( 15, 63,201) (  0,  0,  0))
         ((  0, 48,202) ( 15, 63,217) (  0,  0,  0))
         (( 16,  0,154) ( 31, 15,169) (  0,  0,  0))
         (( 16,  0,170) ( 31, 15,185) (  0,  0,  0))
         (( 16,  0,186) ( 31, 15,201) (  0,  0,  0))
         (( 16,  0,202) ( 31, 15,217) (  0,  0,  0))
         (( 16, 16,154) ( 31, 31,169) (  0,  0,  0))
         (( 16, 16,170) ( 31, 31,185) (  0,  0,  0))
         (( 16, 16,186) ( 31, 31,201) (  0,  0,  0))
         (( 16, 16,202) ( 31, 31,217) (  0,  0,  0))
         (( 16, 32,154) ( 31, 47,169) (  0,  0,  0))
         (( 16, 32,170) ( 31, 47,185) (  0,  0,  0))
         (( 16, 32,186) ( 31, 47,201) (  0,  0,  0))
         (( 16, 32,202) ( 31, 47,217) (  0,  0,  0))
         (( 16, 48,154) ( 31, 63,169) (  0,  0,  0))
         (( 16, 48,170) ( 31, 63,185) (  0,  0,  0))
         (( 16, 48,186) ( 31, 63,201) (  0,  0,  0))
         (( 16, 48,202) ( 31, 63,217) (  0,  0,  0))
         (( 32,  0,154) ( 47, 15,169) (  0,  0,  0))
         (( 32,  0,170) ( 47, 15,185) (  0,  0,  0))
         (( 32,  0,186) ( 47, 15,201) (  0,  0,  0))
         (( 32,  0,202) ( 47, 15,217) (  0,  0,  0))
         (( 32, 16,154) ( 47, 31,169) (  0,  0,  0))
         (( 32, 16,170) ( 47, 31,185) (  0,  0,  0))
         (( 32, 16,186) ( 47, 31,201) (  0,  0,  0))
         (( 32, 16,202) ( 47, 31,217) (  0,  0,  0))
         (( 32, 32,154) ( 47, 47,169) (  0,  0,  0))
         (( 32, 32,170) ( 47, 47,185) (  0,  0,  0))
         (( 32, 32,186) ( 47, 47,201) (  0,  0,  0))
         (( 32, 32,202) ( 47, 47,217) (  0,  0,  0))
         (( 32, 48,154) ( 47, 63,169) (  0,  0,  0))
         (( 32, 48,170) ( 47, 63,185) (  0,  0,  0))
         (( 32, 48,186) ( 47, 63,201) (  0,  0,  0))
         (( 32, 48,202) ( 47, 63,217) (  0,  0,  0))
         (( 48,  0,154) ( 63, 15,169) (  0,  0,  0))
         (( 48,  0,170) ( 63, 15,185) (  0,  0,  0))
         (( 48,  0,186) ( 63, 15,201) (  0,  0,  0))
         (( 48,  0,202) ( 63, 15,217) (  0,  0,  0))
         (( 48, 16,154) ( 63, 31,169) (  0,  0,  0))
         (( 48, 16,170) ( 63, 31,185) (  0,  0,  0))
         (( 48, 16,186) ( 63, 31,201) (  0,  0,  0))
         (( 48, 16,202) ( 63, 31,217) (  0,  0,  0))
         (( 48, 32,154) ( 63, 47,169) (  0,  0,  0))
         (( 48, 32,170) ( 63, 47,185) (  0,  0,  0))
         (( 48, 32,186) ( 63, 47,201) (  0,  0,  0))
         (( 48, 32,202) ( 63, 47,217) (  0,  0,  0))
         (( 48, 48,154) ( 63, 63,169) (  0,  0,  0))
         (( 48, 48,170) ( 63, 63,185) (  0,  0,  0))
         (( 48, 48,186) ( 63, 63,201) (  0,  0,  0))
         (( 48, 48,202) ( 63, 63,217) (  0,  0,  0))
   ((  0,  0,  0) (127,127,511) (  0,  0,  0))      64
         ((  0,  0,360) ( 15, 15,375) (  0,  0,  0))
         ((  0, 16,360) ( 15, 31,375) (  0,  0,  0))
         ((  0, 32,360) ( 15, 47,375) (  0,  0,  0))
         ((  0, 48,360) ( 15, 63,375) (  0,  0,  0))
         ((  0, 64,360) ( 15, 79,375) (  0,  0,  0))
         ((  0, 80,360) ( 15, 95,375) (  0,  0,  0))
         ((  0, 96,360) ( 15,111,375) (  0,  0,  0))
         ((  0,112,360) ( 15,127,375) (  0,  0,  0))
         (( 16,  0,360) ( 31, 15,375) (  0,  0,  0))
         (( 16, 16,360) ( 31, 31,375) (  0,  0,  0))
         (( 16, 32,360) ( 31, 47,375) (  0,  0,  0))
         (( 16, 48,360) ( 31, 63,375) (  0,  0,  0))
         (( 16, 64,360) ( 31, 79,375) (  0,  0,  0))
         (( 16, 80,360) ( 31, 95,375) (  0,  0,  0))
         (( 16, 96,360) ( 31,111,375) (  0,  0,  0))
         (( 16,112,360) ( 31,127,375) (  0,  0,  0))
         (( 32,  0,360) ( 47, 15,375) (  0,  0,  0))
         (( 32, 16,360) ( 47, 31,375) (  0,  0,  0))
         (( 32, 32,360) ( 47, 47,375) (  0,  0,  0))
         (( 32, 48,360) ( 47, 63,375) (  0,  0,  0))
         (( 32, 64,360) ( 47, 79,375) (  0,  0,  0))
         (( 32, 80,360) ( 47, 95,375) (  0,  0,  0))
         (( 32, 96,360) ( 47,111,375) (  0,  0,  0))
         (( 32,112,360) ( 47,127,375) (  0,  0,  0))
         (( 48,  0,360) ( 63, 15,375) (  0,  0,  0))
         (( 48, 16,360) ( 63, 31,375) (  0,  0,  0))
         (( 48, 32,360) ( 63, 47,375) (  0,  0,  0))
         (( 48, 48,360) ( 63, 63,375) (  0,  0,  0))
         (( 48, 64,360) ( 63, 79,375) (  0,  0,  0))
         (( 48, 80,360) ( 63, 95,375) (  0,  0,  0))
         (( 48, 96,360) ( 63,111,375) (  0,  0,  0))
         (( 48,112,360) ( 63,127,375) (  0,  0,  0))
         (( 64,  0,360) ( 79, 15,375) (  0,  0,  0))
         (( 64, 16,360) ( 79, 31,375) (  0,  0,  0))
         (( 64, 32,360) ( 79, 47,375) (  0,  0,  0))
         (( 64, 48,360) ( 79, 63,375) (  0,  0,  0))
         (( 64, 64,360) ( 79, 79,375) (  0,  0,  0))
         (( 64, 80,360) ( 79, 95,375) (  0,  0,  0))
         (( 64, 96,360) ( 79,111,375) (  0,  0,  0))
         (( 64,112,360) ( 79,127,375) (  0,  0,  0))
         (( 80,  0,360) ( 95, 15,375) (  0,  0,  0))
         (( 80, 16,360) ( 95, 31,375) (  0,  0,  0))
         (( 80, 32,360) ( 95, 47,375) (  0,  0,  0))
         (( 80, 48,360) ( 95, 63,375) (  0,  0,  0))
         (( 80, 64,360) ( 95, 79,375) (  0,  0,  0))
         (( 80, 80,360) ( 95, 95,375) (  0,  0,  0))
         (( 80, 96,360) ( 95,111,375) (  0,  0,  0))
         (( 80,112,360) ( 95,127,375) (  0,  0,  0))
         (( 96,  0,360) (111, 15,375) (  0,  0,  0))
         (( 96, 16,360) (111, 31,375) (  0,  0,  0))
         (( 96, 32,360) (111, 47,375) (  0,  0,  0))
         (( 96, 48,360) (111, 63,375) (  0,  0,  0))
         (( 96, 64,360) (111, 79,375) (  0,  0,  0))
         (( 96, 80,360) (111, 95,375) (  0,  0,  0))
         (( 96, 96,360) (111,111,375) (  0,  0,  0))
         (( 96,112,360) (111,127,375) (  0,  0,  0))
         ((112,  0,360) (127, 15,375) (  0,  0,  0))
         ((112, 16,360) (127, 31,375) (  0,  0,  0))
         ((112, 32,360) (127, 47,375) (  0,  0,  0))
         ((112, 48,360) (127, 63,375) (  0,  0,  0))
         ((112, 64,360) (127, 79,375) (  0,  0,  0))
         ((112, 80,360) (127, 95,375) (  0,  0,  0))
         ((112, 96,360) (127,111,375) (  0,  0,  0))
         ((112,112,360) (127,127,375) (  0,  0,  0))
