2
   ((  0,  0) (255,255) (  0,  0))    1
         ((  0,  0) (255,255) (  0,  0))
   ((  0,  0) (511,511) (  0,  0))    1
         ((  0,352) (511,479) (  0,  0))

2
   ((  0,  0) (255,255) (  0,  0))    16
         ((  0,  0) ( 63, 63) (  0,  0))
         ((  0, 64) ( 63,127) (  0,  0))
         ((  0,128) ( 63,191) (  0,  0))
         ((  0,192) ( 63,255) (  0,  0))
         (( 64,  0) (127, 63) (  0,  0))
         (( 64, 64) (127,127) (  0,  0))
         (( 64,128) (127,191) (  0,  0))
         (( 64,192) (127,255) (  0,  0))
         ((128,  0) (191, 63) (  0,  0))
         ((128, 64) (191,127) (  0,  0))
         ((128,128) (191,191) (  0,  0))
         ((128,192) (191,255) (  0,  0))
         ((192,  0) (255, 63) (  0,  0))
         ((192, 64) (255,127) (  0,  0))
         ((192,128) (255,191) (  0,  0))
         ((192,192) (255,255) (  0,  0))
   ((  0,  0) (511,511) (  0,  0))    16
         ((  0,352) ( 63,415) (  0,  0))
         ((  0,416) ( 63,479) (  0,  0))
         (( 64,352) (127,415) (  0,  0))
         (( 64,416) (127,479) (  0,  0))
         ((128,352) (191,415) (  0,  0))
         ((128,416) (191,479) (  0,  0))
         ((192,352) (255,415) (  0,  0))
         ((192,416) (255,479) (  0,  0))
         ((256,352) (319,415) (  0,  0))
         ((256,416) (319,479) (  0,  0))
         ((320,352) (383,415) (  0,  0))
         ((320,416) (383,479) (  0,  0))
         ((384,352) (447,415) (  0,  0))
         ((384,416) (447,479) (  0,  0))
         ((448,352) (511,415) (  0,  0))
         ((448,416) (511,479) (  0,  0))
