2
   ((  0,  0) (127,127) (  0,  0))    1
         ((  0,  0) (127,127) (  0,  0))
   ((  0,  0) (255,255) (  0,  0))    1
         ((  0,176) (255,239) (  0,  0))

2
   ((  0,  0) (127,127) (  0,  0))    4
         ((  0,  0) ( 63, 63) (  0,  0))
         ((  0, 64) ( 63,127) (  0,  0))
         (( 64,  0) (127, 63) (  0,  0))
         (( 64, 64) (127,127) (  0,  0))
   ((  0,  0) (255,255) (  0,  0))    4
         ((  0,176) ( 63,239) (  0,  0))
         (( 64,176) (127,239) (  0,  0))
         ((128,176) (191,239) (  0,  0))
         ((192,176) (255,239) (  0,  0))
