1
   ((   0,   0,   0) ( 511, 511, 767) (   0,   0,   0))      768
         ((   0,   0,   0) (  63,  63,  63) (   0,   0,   0))
         ((   0,   0,  64) (  63,  63, 127) (   0,   0,   0))
         ((   0,   0, 128) (  63,  63, 191) (   0,   0,   0))
         ((   0,   0, 192) (  63,  63, 255) (   0,   0,   0))
         ((   0,   0, 256) (  63,  63, 319) (   0,   0,   0))
         ((   0,   0, 320) (  63,  63, 383) (   0,   0,   0))
         ((   0,   0, 384) (  63,  63, 447) (   0,   0,   0))
         ((   0,   0, 448) (  63,  63, 511) (   0,   0,   0))
         ((   0,   0, 512) (  63,  63, 575) (   0,   0,   0))
         ((   0,   0, 576) (  63,  63, 639) (   0,   0,   0))
         ((   0,   0, 640) (  63,  63, 703) (   0,   0,   0))
         ((   0,   0, 704) (  63,  63, 767) (   0,   0,   0))
         ((   0,  64,   0) (  63, 127,  63) (   0,   0,   0))
         ((   0,  64,  64) (  63, 127, 127) (   0,   0,   0))
         ((   0,  64, 128) (  63, 127, 191) (   0,   0,   0))
         ((   0,  64, 192) (  63, 127, 255) (   0,   0,   0))
         ((   0,  64, 256) (  63, 127, 319) (   0,   0,   0))
         ((   0,  64, 320) (  63, 127, 383) (   0,   0,   0))
         ((   0,  64, 384) (  63, 127, 447) (   0,   0,   0))
         ((   0,  64, 448) (  63, 127, 511) (   0,   0,   0))
         ((   0,  64, 512) (  63, 127, 575) (   0,   0,   0))
         ((   0,  64, 576) (  63, 127, 639) (   0,   0,   0))
         ((   0,  64, 640) (  63, 127, 703) (   0,   0,   0))
         ((   0,  64, 704) (  63, 127, 767) (   0,   0,   0))
         ((   0, 128,   0) (  63, 191,  63) (   0,   0,   0))
         ((   0, 128,  64) (  63, 191, 127) (   0,   0,   0))
         ((   0, 128, 128) (  63, 191, 191) (   0,   0,   0))
         ((   0, 128, 192) (  63, 191, 255) (   0,   0,   0))
         ((   0, 128, 256) (  63, 191, 319) (   0,   0,   0))
         ((   0, 128, 320) (  63, 191, 383) (   0,   0,   0))
         ((   0, 128, 384) (  63, 191, 447) (   0,   0,   0))
         ((   0, 128, 448) (  63, 191, 511) (   0,   0,   0))
         ((   0, 128, 512) (  63, 191, 575) (   0,   0,   0))
         ((   0, 128, 576) (  63, 191, 639) (   0,   0,   0))
         ((   0, 128, 640) (  63, 191, 703) (   0,   0,   0))
         ((   0, 128, 704) (  63, 191, 767) (   0,   0,   0))
         ((   0, 192,   0) (  63, 255,  63) (   0,   0,   0))
         ((   0, 192,  64) (  63, 255, 127) (   0,   0,   0))
         ((   0, 192, 128) (  63, 255, 191) (   0,   0,   0))
         ((   0, 192, 192) (  63, 255, 255) (   0,   0,   0))
         ((   0, 192, 256) (  63, 255, 319) (   0,   0,   0))
         ((   0, 192, 320) (  63, 255, 383) (   0,   0,   0))
         ((   0, 192, 384) (  63, 255, 447) (   0,   0,   0))
         ((   0, 192, 448) (  63, 255, 511) (   0,   0,   0))
         ((   0, 192, 512) (  63, 255, 575) (   0,   0,   0))
         ((   0, 192, 576) (  63, 255, 639) (   0,   0,   0))
         ((   0, 192, 640) (  63, 255, 703) (   0,   0,   0))
         ((   0, 192, 704) (  63, 255, 767) (   0,   0,   0))
         ((   0, 256,   0) (  63, 319,  63) (   0,   0,   0))
         ((   0, 256,  64) (  63, 319, 127) (   0,   0,   0))
         ((   0, 256, 128) (  63, 319, 191) (   0,   0,   0))
         ((   0, 256, 192) (  63, 319, 255) (   0,   0,   0))
         ((   0, 256, 256) (  63, 319, 319) (   0,   0,   0))
         ((   0, 256, 320) (  63, 319, 383) (   0,   0,   0))
         ((   0, 256, 384) (  63, 319, 447) (   0,   0,   0))
         ((   0, 256, 448) (  63, 319, 511) (   0,   0,   0))
         ((   0, 256, 512) (  63, 319, 575) (   0,   0,   0))
         ((   0, 256, 576) (  63, 319, 639) (   0,   0,   0))
         ((   0, 256, 640) (  63, 319, 703) (   0,   0,   0))
         ((   0, 256, 704) (  63, 319, 767) (   0,   0,   0))
         ((   0, 320,   0) (  63, 383,  63) (   0,   0,   0))
         ((   0, 320,  64) (  63, 383, 127) (   0,   0,   0))
         ((   0, 320, 128) (  63, 383, 191) (   0,   0,   0))
         ((   0, 320, 192) (  63, 383, 255) (   0,   0,   0))
         ((   0, 320, 256) (  63, 383, 319) (   0,   0,   0))
         ((   0, 320, 320) (  63, 383, 383) (   0,   0,   0))
         ((   0, 320, 384) (  63, 383, 447) (   0,   0,   0))
         ((   0, 320, 448) (  63, 383, 511) (   0,   0,   0))
         ((   0, 320, 512) (  63, 383, 575) (   0,   0,   0))
         ((   0, 320, 576) (  63, 383, 639) (   0,   0,   0))
         ((   0, 320, 640) (  63, 383, 703) (   0,   0,   0))
         ((   0, 320, 704) (  63, 383, 767) (   0,   0,   0))
         ((   0, 384,   0) (  63, 447,  63) (   0,   0,   0))
         ((   0, 384,  64) (  63, 447, 127) (   0,   0,   0))
         ((   0, 384, 128) (  63, 447, 191) (   0,   0,   0))
         ((   0, 384, 192) (  63, 447, 255) (   0,   0,   0))
         ((   0, 384, 256) (  63, 447, 319) (   0,   0,   0))
         ((   0, 384, 320) (  63, 447, 383) (   0,   0,   0))
         ((   0, 384, 384) (  63, 447, 447) (   0,   0,   0))
         ((   0, 384, 448) (  63, 447, 511) (   0,   0,   0))
         ((   0, 384, 512) (  63, 447, 575) (   0,   0,   0))
         ((   0, 384, 576) (  63, 447, 639) (   0,   0,   0))
         ((   0, 384, 640) (  63, 447, 703) (   0,   0,   0))
         ((   0, 384, 704) (  63, 447, 767) (   0,   0,   0))
         ((   0, 448,   0) (  63, 511,  63) (   0,   0,   0))
         ((   0, 448,  64) (  63, 511, 127) (   0,   0,   0))
         ((   0, 448, 128) (  63, 511, 191) (   0,   0,   0))
         ((   0, 448, 192) (  63, 511, 255) (   0,   0,   0))
         ((   0, 448, 256) (  63, 511, 319) (   0,   0,   0))
         ((   0, 448, 320) (  63, 511, 383) (   0,   0,   0))
         ((   0, 448, 384) (  63, 511, 447) (   0,   0,   0))
         ((   0, 448, 448) (  63, 511, 511) (   0,   0,   0))
         ((   0, 448, 512) (  63, 511, 575) (   0,   0,   0))
         ((   0, 448, 576) (  63, 511, 639) (   0,   0,   0))
         ((   0, 448, 640) (  63, 511, 703) (   0,   0,   0))
         ((   0, 448, 704) (  63, 511, 767) (   0,   0,   0))
         ((  64,   0,   0) ( 127,  63,  63) (   0,   0,   0))
         ((  64,   0,  64) ( 127,  63, 127) (   0,   0,   0))
         ((  64,   0, 128) ( 127,  63, 191) (   0,   0,   0))
         ((  64,   0, 192) ( 127,  63, 255) (   0,   0,   0))
         ((  64,   0, 256) ( 127,  63, 319) (   0,   0,   0))
         ((  64,   0, 320) ( 127,  63, 383) (   0,   0,   0))
         ((  64,   0, 384) ( 127,  63, 447) (   0,   0,   0))
         ((  64,   0, 448) ( 127,  63, 511) (   0,   0,   0))
         ((  64,   0, 512) ( 127,  63, 575) (   0,   0,   0))
         ((  64,   0, 576) ( 127,  63, 639) (   0,   0,   0))
         ((  64,   0, 640) ( 127,  63, 703) (   0,   0,   0))
         ((  64,   0, 704) ( 127,  63, 767) (   0,   0,   0))
         ((  64,  64,   0) ( 127, 127,  63) (   0,   0,   0))
         ((  64,  64,  64) ( 127, 127, 127) (   0,   0,   0))
         ((  64,  64, 128) ( 127, 127, 191) (   0,   0,   0))
         ((  64,  64, 192) ( 127, 127, 255) (   0,   0,   0))
         ((  64,  64, 256) ( 127, 127, 319) (   0,   0,   0))
         ((  64,  64, 320) ( 127, 127, 383) (   0,   0,   0))
         ((  64,  64, 384) ( 127, 127, 447) (   0,   0,   0))
         ((  64,  64, 448) ( 127, 127, 511) (   0,   0,   0))
         ((  64,  64, 512) ( 127, 127, 575) (   0,   0,   0))
         ((  64,  64, 576) ( 127, 127, 639) (   0,   0,   0))
         ((  64,  64, 640) ( 127, 127, 703) (   0,   0,   0))
         ((  64,  64, 704) ( 127, 127, 767) (   0,   0,   0))
         ((  64, 128,   0) ( 127, 191,  63) (   0,   0,   0))
         ((  64, 128,  64) ( 127, 191, 127) (   0,   0,   0))
         ((  64, 128, 128) ( 127, 191, 191) (   0,   0,   0))
         ((  64, 128, 192) ( 127, 191, 255) (   0,   0,   0))
         ((  64, 128, 256) ( 127, 191, 319) (   0,   0,   0))
         ((  64, 128, 320) ( 127, 191, 383) (   0,   0,   0))
         ((  64, 128, 384) ( 127, 191, 447) (   0,   0,   0))
         ((  64, 128, 448) ( 127, 191, 511) (   0,   0,   0))
         ((  64, 128, 512) ( 127, 191, 575) (   0,   0,   0))
         ((  64, 128, 576) ( 127, 191, 639) (   0,   0,   0))
         ((  64, 128, 640) ( 127, 191, 703) (   0,   0,   0))
         ((  64, 128, 704) ( 127, 191, 767) (   0,   0,   0))
         ((  64, 192,   0) ( 127, 255,  63) (   0,   0,   0))
         ((  64, 192,  64) ( 127, 255, 127) (   0,   0,   0))
         ((  64, 192, 128) ( 127, 255, 191) (   0,   0,   0))
         ((  64, 192, 192) ( 127, 255, 255) (   0,   0,   0))
         ((  64, 192, 256) ( 127, 255, 319) (   0,   0,   0))
         ((  64, 192, 320) ( 127, 255, 383) (   0,   0,   0))
         ((  64, 192, 384) ( 127, 255, 447) (   0,   0,   0))
         ((  64, 192, 448) ( 127, 255, 511) (   0,   0,   0))
         ((  64, 192, 512) ( 127, 255, 575) (   0,   0,   0))
         ((  64, 192, 576) ( 127, 255, 639) (   0,   0,   0))
         ((  64, 192, 640) ( 127, 255, 703) (   0,   0,   0))
         ((  64, 192, 704) ( 127, 255, 767) (   0,   0,   0))
         ((  64, 256,   0) ( 127, 319,  63) (   0,   0,   0))
         ((  64, 256,  64) ( 127, 319, 127) (   0,   0,   0))
         ((  64, 256, 128) ( 127, 319, 191) (   0,   0,   0))
         ((  64, 256, 192) ( 127, 319, 255) (   0,   0,   0))
         ((  64, 256, 256) ( 127, 319, 319) (   0,   0,   0))
         ((  64, 256, 320) ( 127, 319, 383) (   0,   0,   0))
         ((  64, 256, 384) ( 127, 319, 447) (   0,   0,   0))
         ((  64, 256, 448) ( 127, 319, 511) (   0,   0,   0))
         ((  64, 256, 512) ( 127, 319, 575) (   0,   0,   0))
         ((  64, 256, 576) ( 127, 319, 639) (   0,   0,   0))
         ((  64, 256, 640) ( 127, 319, 703) (   0,   0,   0))
         ((  64, 256, 704) ( 127, 319, 767) (   0,   0,   0))
         ((  64, 320,   0) ( 127, 383,  63) (   0,   0,   0))
         ((  64, 320,  64) ( 127, 383, 127) (   0,   0,   0))
         ((  64, 320, 128) ( 127, 383, 191) (   0,   0,   0))
         ((  64, 320, 192) ( 127, 383, 255) (   0,   0,   0))
         ((  64, 320, 256) ( 127, 383, 319) (   0,   0,   0))
         ((  64, 320, 320) ( 127, 383, 383) (   0,   0,   0))
         ((  64, 320, 384) ( 127, 383, 447) (   0,   0,   0))
         ((  64, 320, 448) ( 127, 383, 511) (   0,   0,   0))
         ((  64, 320, 512) ( 127, 383, 575) (   0,   0,   0))
         ((  64, 320, 576) ( 127, 383, 639) (   0,   0,   0))
         ((  64, 320, 640) ( 127, 383, 703) (   0,   0,   0))
         ((  64, 320, 704) ( 127, 383, 767) (   0,   0,   0))
         ((  64, 384,   0) ( 127, 447,  63) (   0,   0,   0))
         ((  64, 384,  64) ( 127, 447, 127) (   0,   0,   0))
         ((  64, 384, 128) ( 127, 447, 191) (   0,   0,   0))
         ((  64, 384, 192) ( 127, 447, 255) (   0,   0,   0))
         ((  64, 384, 256) ( 127, 447, 319) (   0,   0,   0))
         ((  64, 384, 320) ( 127, 447, 383) (   0,   0,   0))
         ((  64, 384, 384) ( 127, 447, 447) (   0,   0,   0))
         ((  64, 384, 448) ( 127, 447, 511) (   0,   0,   0))
         ((  64, 384, 512) ( 127, 447, 575) (   0,   0,   0))
         ((  64, 384, 576) ( 127, 447, 639) (   0,   0,   0))
         ((  64, 384, 640) ( 127, 447, 703) (   0,   0,   0))
         ((  64, 384, 704) ( 127, 447, 767) (   0,   0,   0))
         ((  64, 448,   0) ( 127, 511,  63) (   0,   0,   0))
         ((  64, 448,  64) ( 127, 511, 127) (   0,   0,   0))
         ((  64, 448, 128) ( 127, 511, 191) (   0,   0,   0))
         ((  64, 448, 192) ( 127, 511, 255) (   0,   0,   0))
         ((  64, 448, 256) ( 127, 511, 319) (   0,   0,   0))
         ((  64, 448, 320) ( 127, 511, 383) (   0,   0,   0))
         ((  64, 448, 384) ( 127, 511, 447) (   0,   0,   0))
         ((  64, 448, 448) ( 127, 511, 511) (   0,   0,   0))
         ((  64, 448, 512) ( 127, 511, 575) (   0,   0,   0))
         ((  64, 448, 576) ( 127, 511, 639) (   0,   0,   0))
         ((  64, 448, 640) ( 127, 511, 703) (   0,   0,   0))
         ((  64, 448, 704) ( 127, 511, 767) (   0,   0,   0))
         (( 128,   0,   0) ( 191,  63,  63) (   0,   0,   0))
         (( 128,   0,  64) ( 191,  63, 127) (   0,   0,   0))
         (( 128,   0, 128) ( 191,  63, 191) (   0,   0,   0))
         (( 128,   0, 192) ( 191,  63, 255) (   0,   0,   0))
         (( 128,   0, 256) ( 191,  63, 319) (   0,   0,   0))
         (( 128,   0, 320) ( 191,  63, 383) (   0,   0,   0))
         (( 128,   0, 384) ( 191,  63, 447) (   0,   0,   0))
         (( 128,   0, 448) ( 191,  63, 511) (   0,   0,   0))
         (( 128,   0, 512) ( 191,  63, 575) (   0,   0,   0))
         (( 128,   0, 576) ( 191,  63, 639) (   0,   0,   0))
         (( 128,   0, 640) ( 191,  63, 703) (   0,   0,   0))
         (( 128,   0, 704) ( 191,  63, 767) (   0,   0,   0))
         (( 128,  64,   0) ( 191, 127,  63) (   0,   0,   0))
         (( 128,  64,  64) ( 191, 127, 127) (   0,   0,   0))
         (( 128,  64, 128) ( 191, 127, 191) (   0,   0,   0))
         (( 128,  64, 192) ( 191, 127, 255) (   0,   0,   0))
         (( 128,  64, 256) ( 191, 127, 319) (   0,   0,   0))
         (( 128,  64, 320) ( 191, 127, 383) (   0,   0,   0))
         (( 128,  64, 384) ( 191, 127, 447) (   0,   0,   0))
         (( 128,  64, 448) ( 191, 127, 511) (   0,   0,   0))
         (( 128,  64, 512) ( 191, 127, 575) (   0,   0,   0))
         (( 128,  64, 576) ( 191, 127, 639) (   0,   0,   0))
         (( 128,  64, 640) ( 191, 127, 703) (   0,   0,   0))
         (( 128,  64, 704) ( 191, 127, 767) (   0,   0,   0))
         (( 128, 128,   0) ( 191, 191,  63) (   0,   0,   0))
         (( 128, 128,  64) ( 191, 191, 127) (   0,   0,   0))
         (( 128, 128, 128) ( 191, 191, 191) (   0,   0,   0))
         (( 128, 128, 192) ( 191, 191, 255) (   0,   0,   0))
         (( 128, 128, 256) ( 191, 191, 319) (   0,   0,   0))
         (( 128, 128, 320) ( 191, 191, 383) (   0,   0,   0))
         (( 128, 128, 384) ( 191, 191, 447) (   0,   0,   0))
         (( 128, 128, 448) ( 191, 191, 511) (   0,   0,   0))
         (( 128, 128, 512) ( 191, 191, 575) (   0,   0,   0))
         (( 128, 128, 576) ( 191, 191, 639) (   0,   0,   0))
         (( 128, 128, 640) ( 191, 191, 703) (   0,   0,   0))
         (( 128, 128, 704) ( 191, 191, 767) (   0,   0,   0))
         (( 128, 192,   0) ( 191, 255,  63) (   0,   0,   0))
         (( 128, 192,  64) ( 191, 255, 127) (   0,   0,   0))
         (( 128, 192, 128) ( 191, 255, 191) (   0,   0,   0))
         (( 128, 192, 192) ( 191, 255, 255) (   0,   0,   0))
         (( 128, 192, 256) ( 191, 255, 319) (   0,   0,   0))
         (( 128, 192, 320) ( 191, 255, 383) (   0,   0,   0))
         (( 128, 192, 384) ( 191, 255, 447) (   0,   0,   0))
         (( 128, 192, 448) ( 191, 255, 511) (   0,   0,   0))
         (( 128, 192, 512) ( 191, 255, 575) (   0,   0,   0))
         (( 128, 192, 576) ( 191, 255, 639) (   0,   0,   0))
         (( 128, 192, 640) ( 191, 255, 703) (   0,   0,   0))
         (( 128, 192, 704) ( 191, 255, 767) (   0,   0,   0))
         (( 128, 256,   0) ( 191, 319,  63) (   0,   0,   0))
         (( 128, 256,  64) ( 191, 319, 127) (   0,   0,   0))
         (( 128, 256, 128) ( 191, 319, 191) (   0,   0,   0))
         (( 128, 256, 192) ( 191, 319, 255) (   0,   0,   0))
         (( 128, 256, 256) ( 191, 319, 319) (   0,   0,   0))
         (( 128, 256, 320) ( 191, 319, 383) (   0,   0,   0))
         (( 128, 256, 384) ( 191, 319, 447) (   0,   0,   0))
         (( 128, 256, 448) ( 191, 319, 511) (   0,   0,   0))
         (( 128, 256, 512) ( 191, 319, 575) (   0,   0,   0))
         (( 128, 256, 576) ( 191, 319, 639) (   0,   0,   0))
         (( 128, 256, 640) ( 191, 319, 703) (   0,   0,   0))
         (( 128, 256, 704) ( 191, 319, 767) (   0,   0,   0))
         (( 128, 320,   0) ( 191, 383,  63) (   0,   0,   0))
         (( 128, 320,  64) ( 191, 383, 127) (   0,   0,   0))
         (( 128, 320, 128) ( 191, 383, 191) (   0,   0,   0))
         (( 128, 320, 192) ( 191, 383, 255) (   0,   0,   0))
         (( 128, 320, 256) ( 191, 383, 319) (   0,   0,   0))
         (( 128, 320, 320) ( 191, 383, 383) (   0,   0,   0))
         (( 128, 320, 384) ( 191, 383, 447) (   0,   0,   0))
         (( 128, 320, 448) ( 191, 383, 511) (   0,   0,   0))
         (( 128, 320, 512) ( 191, 383, 575) (   0,   0,   0))
         (( 128, 320, 576) ( 191, 383, 639) (   0,   0,   0))
         (( 128, 320, 640) ( 191, 383, 703) (   0,   0,   0))
         (( 128, 320, 704) ( 191, 383, 767) (   0,   0,   0))
         (( 128, 384,   0) ( 191, 447,  63) (   0,   0,   0))
         (( 128, 384,  64) ( 191, 447, 127) (   0,   0,   0))
         (( 128, 384, 128) ( 191, 447, 191) (   0,   0,   0))
         (( 128, 384, 192) ( 191, 447, 255) (   0,   0,   0))
         (( 128, 384, 256) ( 191, 447, 319) (   0,   0,   0))
         (( 128, 384, 320) ( 191, 447, 383) (   0,   0,   0))
         (( 128, 384, 384) ( 191, 447, 447) (   0,   0,   0))
         (( 128, 384, 448) ( 191, 447, 511) (   0,   0,   0))
         (( 128, 384, 512) ( 191, 447, 575) (   0,   0,   0))
         (( 128, 384, 576) ( 191, 447, 639) (   0,   0,   0))
         (( 128, 384, 640) ( 191, 447, 703) (   0,   0,   0))
         (( 128, 384, 704) ( 191, 447, 767) (   0,   0,   0))
         (( 128, 448,   0) ( 191, 511,  63) (   0,   0,   0))
         (( 128, 448,  64) ( 191, 511, 127) (   0,   0,   0))
         (( 128, 448, 128) ( 191, 511, 191) (   0,   0,   0))
         (( 128, 448, 192) ( 191, 511, 255) (   0,   0,   0))
         (( 128, 448, 256) ( 191, 511, 319) (   0,   0,   0))
         (( 128, 448, 320) ( 191, 511, 383) (   0,   0,   0))
         (( 128, 448, 384) ( 191, 511, 447) (   0,   0,   0))
         (( 128, 448, 448) ( 191, 511, 511) (   0,   0,   0))
         (( 128, 448, 512) ( 191, 511, 575) (   0,   0,   0))
         (( 128, 448, 576) ( 191, 511, 639) (   0,   0,   0))
         (( 128, 448, 640) ( 191, 511, 703) (   0,   0,   0))
         (( 128, 448, 704) ( 191, 511, 767) (   0,   0,   0))
         (( 192,   0,   0) ( 255,  63,  63) (   0,   0,   0))
         (( 192,   0,  64) ( 255,  63, 127) (   0,   0,   0))
         (( 192,   0, 128) ( 255,  63, 191) (   0,   0,   0))
         (( 192,   0, 192) ( 255,  63, 255) (   0,   0,   0))
         (( 192,   0, 256) ( 255,  63, 319) (   0,   0,   0))
         (( 192,   0, 320) ( 255,  63, 383) (   0,   0,   0))
         (( 192,   0, 384) ( 255,  63, 447) (   0,   0,   0))
         (( 192,   0, 448) ( 255,  63, 511) (   0,   0,   0))
         (( 192,   0, 512) ( 255,  63, 575) (   0,   0,   0))
         (( 192,   0, 576) ( 255,  63, 639) (   0,   0,   0))
         (( 192,   0, 640) ( 255,  63, 703) (   0,   0,   0))
         (( 192,   0, 704) ( 255,  63, 767) (   0,   0,   0))
         (( 192,  64,   0) ( 255, 127,  63) (   0,   0,   0))
         (( 192,  64,  64) ( 255, 127, 127) (   0,   0,   0))
         (( 192,  64, 128) ( 255, 127, 191) (   0,   0,   0))
         (( 192,  64, 192) ( 255, 127, 255) (   0,   0,   0))
         (( 192,  64, 256) ( 255, 127, 319) (   0,   0,   0))
         (( 192,  64, 320) ( 255, 127, 383) (   0,   0,   0))
         (( 192,  64, 384) ( 255, 127, 447) (   0,   0,   0))
         (( 192,  64, 448) ( 255, 127, 511) (   0,   0,   0))
         (( 192,  64, 512) ( 255, 127, 575) (   0,   0,   0))
         (( 192,  64, 576) ( 255, 127, 639) (   0,   0,   0))
         (( 192,  64, 640) ( 255, 127, 703) (   0,   0,   0))
         (( 192,  64, 704) ( 255, 127, 767) (   0,   0,   0))
         (( 192, 128,   0) ( 255, 191,  63) (   0,   0,   0))
         (( 192, 128,  64) ( 255, 191, 127) (   0,   0,   0))
         (( 192, 128, 128) ( 255, 191, 191) (   0,   0,   0))
         (( 192, 128, 192) ( 255, 191, 255) (   0,   0,   0))
         (( 192, 128, 256) ( 255, 191, 319) (   0,   0,   0))
         (( 192, 128, 320) ( 255, 191, 383) (   0,   0,   0))
         (( 192, 128, 384) ( 255, 191, 447) (   0,   0,   0))
         (( 192, 128, 448) ( 255, 191, 511) (   0,   0,   0))
         (( 192, 128, 512) ( 255, 191, 575) (   0,   0,   0))
         (( 192, 128, 576) ( 255, 191, 639) (   0,   0,   0))
         (( 192, 128, 640) ( 255, 191, 703) (   0,   0,   0))
         (( 192, 128, 704) ( 255, 191, 767) (   0,   0,   0))
         (( 192, 192,   0) ( 255, 255,  63) (   0,   0,   0))
         (( 192, 192,  64) ( 255, 255, 127) (   0,   0,   0))
         (( 192, 192, 128) ( 255, 255, 191) (   0,   0,   0))
         (( 192, 192, 192) ( 255, 255, 255) (   0,   0,   0))
         (( 192, 192, 256) ( 255, 255, 319) (   0,   0,   0))
         (( 192, 192, 320) ( 255, 255, 383) (   0,   0,   0))
         (( 192, 192, 384) ( 255, 255, 447) (   0,   0,   0))
         (( 192, 192, 448) ( 255, 255, 511) (   0,   0,   0))
         (( 192, 192, 512) ( 255, 255, 575) (   0,   0,   0))
         (( 192, 192, 576) ( 255, 255, 639) (   0,   0,   0))
         (( 192, 192, 640) ( 255, 255, 703) (   0,   0,   0))
         (( 192, 192, 704) ( 255, 255, 767) (   0,   0,   0))
         (( 192, 256,   0) ( 255, 319,  63) (   0,   0,   0))
         (( 192, 256,  64) ( 255, 319, 127) (   0,   0,   0))
         (( 192, 256, 128) ( 255, 319, 191) (   0,   0,   0))
         (( 192, 256, 192) ( 255, 319, 255) (   0,   0,   0))
         (( 192, 256, 256) ( 255, 319, 319) (   0,   0,   0))
         (( 192, 256, 320) ( 255, 319, 383) (   0,   0,   0))
         (( 192, 256, 384) ( 255, 319, 447) (   0,   0,   0))
         (( 192, 256, 448) ( 255, 319, 511) (   0,   0,   0))
         (( 192, 256, 512) ( 255, 319, 575) (   0,   0,   0))
         (( 192, 256, 576) ( 255, 319, 639) (   0,   0,   0))
         (( 192, 256, 640) ( 255, 319, 703) (   0,   0,   0))
         (( 192, 256, 704) ( 255, 319, 767) (   0,   0,   0))
         (( 192, 320,   0) ( 255, 383,  63) (   0,   0,   0))
         (( 192, 320,  64) ( 255, 383, 127) (   0,   0,   0))
         (( 192, 320, 128) ( 255, 383, 191) (   0,   0,   0))
         (( 192, 320, 192) ( 255, 383, 255) (   0,   0,   0))
         (( 192, 320, 256) ( 255, 383, 319) (   0,   0,   0))
         (( 192, 320, 320) ( 255, 383, 383) (   0,   0,   0))
         (( 192, 320, 384) ( 255, 383, 447) (   0,   0,   0))
         (( 192, 320, 448) ( 255, 383, 511) (   0,   0,   0))
         (( 192, 320, 512) ( 255, 383, 575) (   0,   0,   0))
         (( 192, 320, 576) ( 255, 383, 639) (   0,   0,   0))
         (( 192, 320, 640) ( 255, 383, 703) (   0,   0,   0))
         (( 192, 320, 704) ( 255, 383, 767) (   0,   0,   0))
         (( 192, 384,   0) ( 255, 447,  63) (   0,   0,   0))
         (( 192, 384,  64) ( 255, 447, 127) (   0,   0,   0))
         (( 192, 384, 128) ( 255, 447, 191) (   0,   0,   0))
         (( 192, 384, 192) ( 255, 447, 255) (   0,   0,   0))
         (( 192, 384, 256) ( 255, 447, 319) (   0,   0,   0))
         (( 192, 384, 320) ( 255, 447, 383) (   0,   0,   0))
         (( 192, 384, 384) ( 255, 447, 447) (   0,   0,   0))
         (( 192, 384, 448) ( 255, 447, 511) (   0,   0,   0))
         (( 192, 384, 512) ( 255, 447, 575) (   0,   0,   0))
         (( 192, 384, 576) ( 255, 447, 639) (   0,   0,   0))
         (( 192, 384, 640) ( 255, 447, 703) (   0,   0,   0))
         (( 192, 384, 704) ( 255, 447, 767) (   0,   0,   0))
         (( 192, 448,   0) ( 255, 511,  63) (   0,   0,   0))
         (( 192, 448,  64) ( 255, 511, 127) (   0,   0,   0))
         (( 192, 448, 128) ( 255, 511, 191) (   0,   0,   0))
         (( 192, 448, 192) ( 255, 511, 255) (   0,   0,   0))
         (( 192, 448, 256) ( 255, 511, 319) (   0,   0,   0))
         (( 192, 448, 320) ( 255, 511, 383) (   0,   0,   0))
         (( 192, 448, 384) ( 255, 511, 447) (   0,   0,   0))
         (( 192, 448, 448) ( 255, 511, 511) (   0,   0,   0))
         (( 192, 448, 512) ( 255, 511, 575) (   0,   0,   0))
         (( 192, 448, 576) ( 255, 511, 639) (   0,   0,   0))
         (( 192, 448, 640) ( 255, 511, 703) (   0,   0,   0))
         (( 192, 448, 704) ( 255, 511, 767) (   0,   0,   0))
         (( 256,   0,   0) ( 319,  63,  63) (   0,   0,   0))
         (( 256,   0,  64) ( 319,  63, 127) (   0,   0,   0))
         (( 256,   0, 128) ( 319,  63, 191) (   0,   0,   0))
         (( 256,   0, 192) ( 319,  63, 255) (   0,   0,   0))
         (( 256,   0, 256) ( 319,  63, 319) (   0,   0,   0))
         (( 256,   0, 320) ( 319,  63, 383) (   0,   0,   0))
         (( 256,   0, 384) ( 319,  63, 447) (   0,   0,   0))
         (( 256,   0, 448) ( 319,  63, 511) (   0,   0,   0))
         (( 256,   0, 512) ( 319,  63, 575) (   0,   0,   0))
         (( 256,   0, 576) ( 319,  63, 639) (   0,   0,   0))
         (( 256,   0, 640) ( 319,  63, 703) (   0,   0,   0))
         (( 256,   0, 704) ( 319,  63, 767) (   0,   0,   0))
         (( 256,  64,   0) ( 319, 127,  63) (   0,   0,   0))
         (( 256,  64,  64) ( 319, 127, 127) (   0,   0,   0))
         (( 256,  64, 128) ( 319, 127, 191) (   0,   0,   0))
         (( 256,  64, 192) ( 319, 127, 255) (   0,   0,   0))
         (( 256,  64, 256) ( 319, 127, 319) (   0,   0,   0))
         (( 256,  64, 320) ( 319, 127, 383) (   0,   0,   0))
         (( 256,  64, 384) ( 319, 127, 447) (   0,   0,   0))
         (( 256,  64, 448) ( 319, 127, 511) (   0,   0,   0))
         (( 256,  64, 512) ( 319, 127, 575) (   0,   0,   0))
         (( 256,  64, 576) ( 319, 127, 639) (   0,   0,   0))
         (( 256,  64, 640) ( 319, 127, 703) (   0,   0,   0))
         (( 256,  64, 704) ( 319, 127, 767) (   0,   0,   0))
         (( 256, 128,   0) ( 319, 191,  63) (   0,   0,   0))
         (( 256, 128,  64) ( 319, 191, 127) (   0,   0,   0))
         (( 256, 128, 128) ( 319, 191, 191) (   0,   0,   0))
         (( 256, 128, 192) ( 319, 191, 255) (   0,   0,   0))
         (( 256, 128, 256) ( 319, 191, 319) (   0,   0,   0))
         (( 256, 128, 320) ( 319, 191, 383) (   0,   0,   0))
         (( 256, 128, 384) ( 319, 191, 447) (   0,   0,   0))
         (( 256, 128, 448) ( 319, 191, 511) (   0,   0,   0))
         (( 256, 128, 512) ( 319, 191, 575) (   0,   0,   0))
         (( 256, 128, 576) ( 319, 191, 639) (   0,   0,   0))
         (( 256, 128, 640) ( 319, 191, 703) (   0,   0,   0))
         (( 256, 128, 704) ( 319, 191, 767) (   0,   0,   0))
         (( 256, 192,   0) ( 319, 255,  63) (   0,   0,   0))
         (( 256, 192,  64) ( 319, 255, 127) (   0,   0,   0))
         (( 256, 192, 128) ( 319, 255, 191) (   0,   0,   0))
         (( 256, 192, 192) ( 319, 255, 255) (   0,   0,   0))
         (( 256, 192, 256) ( 319, 255, 319) (   0,   0,   0))
         (( 256, 192, 320) ( 319, 255, 383) (   0,   0,   0))
         (( 256, 192, 384) ( 319, 255, 447) (   0,   0,   0))
         (( 256, 192, 448) ( 319, 255, 511) (   0,   0,   0))
         (( 256, 192, 512) ( 319, 255, 575) (   0,   0,   0))
         (( 256, 192, 576) ( 319, 255, 639) (   0,   0,   0))
         (( 256, 192, 640) ( 319, 255, 703) (   0,   0,   0))
         (( 256, 192, 704) ( 319, 255, 767) (   0,   0,   0))
         (( 256, 256,   0) ( 319, 319,  63) (   0,   0,   0))
         (( 256, 256,  64) ( 319, 319, 127) (   0,   0,   0))
         (( 256, 256, 128) ( 319, 319, 191) (   0,   0,   0))
         (( 256, 256, 192) ( 319, 319, 255) (   0,   0,   0))
         (( 256, 256, 256) ( 319, 319, 319) (   0,   0,   0))
         (( 256, 256, 320) ( 319, 319, 383) (   0,   0,   0))
         (( 256, 256, 384) ( 319, 319, 447) (   0,   0,   0))
         (( 256, 256, 448) ( 319, 319, 511) (   0,   0,   0))
         (( 256, 256, 512) ( 319, 319, 575) (   0,   0,   0))
         (( 256, 256, 576) ( 319, 319, 639) (   0,   0,   0))
         (( 256, 256, 640) ( 319, 319, 703) (   0,   0,   0))
         (( 256, 256, 704) ( 319, 319, 767) (   0,   0,   0))
         (( 256, 320,   0) ( 319, 383,  63) (   0,   0,   0))
         (( 256, 320,  64) ( 319, 383, 127) (   0,   0,   0))
         (( 256, 320, 128) ( 319, 383, 191) (   0,   0,   0))
         (( 256, 320, 192) ( 319, 383, 255) (   0,   0,   0))
         (( 256, 320, 256) ( 319, 383, 319) (   0,   0,   0))
         (( 256, 320, 320) ( 319, 383, 383) (   0,   0,   0))
         (( 256, 320, 384) ( 319, 383, 447) (   0,   0,   0))
         (( 256, 320, 448) ( 319, 383, 511) (   0,   0,   0))
         (( 256, 320, 512) ( 319, 383, 575) (   0,   0,   0))
         (( 256, 320, 576) ( 319, 383, 639) (   0,   0,   0))
         (( 256, 320, 640) ( 319, 383, 703) (   0,   0,   0))
         (( 256, 320, 704) ( 319, 383, 767) (   0,   0,   0))
         (( 256, 384,   0) ( 319, 447,  63) (   0,   0,   0))
         (( 256, 384,  64) ( 319, 447, 127) (   0,   0,   0))
         (( 256, 384, 128) ( 319, 447, 191) (   0,   0,   0))
         (( 256, 384, 192) ( 319, 447, 255) (   0,   0,   0))
         (( 256, 384, 256) ( 319, 447, 319) (   0,   0,   0))
         (( 256, 384, 320) ( 319, 447, 383) (   0,   0,   0))
         (( 256, 384, 384) ( 319, 447, 447) (   0,   0,   0))
         (( 256, 384, 448) ( 319, 447, 511) (   0,   0,   0))
         (( 256, 384, 512) ( 319, 447, 575) (   0,   0,   0))
         (( 256, 384, 576) ( 319, 447, 639) (   0,   0,   0))
         (( 256, 384, 640) ( 319, 447, 703) (   0,   0,   0))
         (( 256, 384, 704) ( 319, 447, 767) (   0,   0,   0))
         (( 256, 448,   0) ( 319, 511,  63) (   0,   0,   0))
         (( 256, 448,  64) ( 319, 511, 127) (   0,   0,   0))
         (( 256, 448, 128) ( 319, 511, 191) (   0,   0,   0))
         (( 256, 448, 192) ( 319, 511, 255) (   0,   0,   0))
         (( 256, 448, 256) ( 319, 511, 319) (   0,   0,   0))
         (( 256, 448, 320) ( 319, 511, 383) (   0,   0,   0))
         (( 256, 448, 384) ( 319, 511, 447) (   0,   0,   0))
         (( 256, 448, 448) ( 319, 511, 511) (   0,   0,   0))
         (( 256, 448, 512) ( 319, 511, 575) (   0,   0,   0))
         (( 256, 448, 576) ( 319, 511, 639) (   0,   0,   0))
         (( 256, 448, 640) ( 319, 511, 703) (   0,   0,   0))
         (( 256, 448, 704) ( 319, 511, 767) (   0,   0,   0))
         (( 320,   0,   0) ( 383,  63,  63) (   0,   0,   0))
         (( 320,   0,  64) ( 383,  63, 127) (   0,   0,   0))
         (( 320,   0, 128) ( 383,  63, 191) (   0,   0,   0))
         (( 320,   0, 192) ( 383,  63, 255) (   0,   0,   0))
         (( 320,   0, 256) ( 383,  63, 319) (   0,   0,   0))
         (( 320,   0, 320) ( 383,  63, 383) (   0,   0,   0))
         (( 320,   0, 384) ( 383,  63, 447) (   0,   0,   0))
         (( 320,   0, 448) ( 383,  63, 511) (   0,   0,   0))
         (( 320,   0, 512) ( 383,  63, 575) (   0,   0,   0))
         (( 320,   0, 576) ( 383,  63, 639) (   0,   0,   0))
         (( 320,   0, 640) ( 383,  63, 703) (   0,   0,   0))
         (( 320,   0, 704) ( 383,  63, 767) (   0,   0,   0))
         (( 320,  64,   0) ( 383, 127,  63) (   0,   0,   0))
         (( 320,  64,  64) ( 383, 127, 127) (   0,   0,   0))
         (( 320,  64, 128) ( 383, 127, 191) (   0,   0,   0))
         (( 320,  64, 192) ( 383, 127, 255) (   0,   0,   0))
         (( 320,  64, 256) ( 383, 127, 319) (   0,   0,   0))
         (( 320,  64, 320) ( 383, 127, 383) (   0,   0,   0))
         (( 320,  64, 384) ( 383, 127, 447) (   0,   0,   0))
         (( 320,  64, 448) ( 383, 127, 511) (   0,   0,   0))
         (( 320,  64, 512) ( 383, 127, 575) (   0,   0,   0))
         (( 320,  64, 576) ( 383, 127, 639) (   0,   0,   0))
         (( 320,  64, 640) ( 383, 127, 703) (   0,   0,   0))
         (( 320,  64, 704) ( 383, 127, 767) (   0,   0,   0))
         (( 320, 128,   0) ( 383, 191,  63) (   0,   0,   0))
         (( 320, 128,  64) ( 383, 191, 127) (   0,   0,   0))
         (( 320, 128, 128) ( 383, 191, 191) (   0,   0,   0))
         (( 320, 128, 192) ( 383, 191, 255) (   0,   0,   0))
         (( 320, 128, 256) ( 383, 191, 319) (   0,   0,   0))
         (( 320, 128, 320) ( 383, 191, 383) (   0,   0,   0))
         (( 320, 128, 384) ( 383, 191, 447) (   0,   0,   0))
         (( 320, 128, 448) ( 383, 191, 511) (   0,   0,   0))
         (( 320, 128, 512) ( 383, 191, 575) (   0,   0,   0))
         (( 320, 128, 576) ( 383, 191, 639) (   0,   0,   0))
         (( 320, 128, 640) ( 383, 191, 703) (   0,   0,   0))
         (( 320, 128, 704) ( 383, 191, 767) (   0,   0,   0))
         (( 320, 192,   0) ( 383, 255,  63) (   0,   0,   0))
         (( 320, 192,  64) ( 383, 255, 127) (   0,   0,   0))
         (( 320, 192, 128) ( 383, 255, 191) (   0,   0,   0))
         (( 320, 192, 192) ( 383, 255, 255) (   0,   0,   0))
         (( 320, 192, 256) ( 383, 255, 319) (   0,   0,   0))
         (( 320, 192, 320) ( 383, 255, 383) (   0,   0,   0))
         (( 320, 192, 384) ( 383, 255, 447) (   0,   0,   0))
         (( 320, 192, 448) ( 383, 255, 511) (   0,   0,   0))
         (( 320, 192, 512) ( 383, 255, 575) (   0,   0,   0))
         (( 320, 192, 576) ( 383, 255, 639) (   0,   0,   0))
         (( 320, 192, 640) ( 383, 255, 703) (   0,   0,   0))
         (( 320, 192, 704) ( 383, 255, 767) (   0,   0,   0))
         (( 320, 256,   0) ( 383, 319,  63) (   0,   0,   0))
         (( 320, 256,  64) ( 383, 319, 127) (   0,   0,   0))
         (( 320, 256, 128) ( 383, 319, 191) (   0,   0,   0))
         (( 320, 256, 192) ( 383, 319, 255) (   0,   0,   0))
         (( 320, 256, 256) ( 383, 319, 319) (   0,   0,   0))
         (( 320, 256, 320) ( 383, 319, 383) (   0,   0,   0))
         (( 320, 256, 384) ( 383, 319, 447) (   0,   0,   0))
         (( 320, 256, 448) ( 383, 319, 511) (   0,   0,   0))
         (( 320, 256, 512) ( 383, 319, 575) (   0,   0,   0))
         (( 320, 256, 576) ( 383, 319, 639) (   0,   0,   0))
         (( 320, 256, 640) ( 383, 319, 703) (   0,   0,   0))
         (( 320, 256, 704) ( 383, 319, 767) (   0,   0,   0))
         (( 320, 320,   0) ( 383, 383,  63) (   0,   0,   0))
         (( 320, 320,  64) ( 383, 383, 127) (   0,   0,   0))
         (( 320, 320, 128) ( 383, 383, 191) (   0,   0,   0))
         (( 320, 320, 192) ( 383, 383, 255) (   0,   0,   0))
         (( 320, 320, 256) ( 383, 383, 319) (   0,   0,   0))
         (( 320, 320, 320) ( 383, 383, 383) (   0,   0,   0))
         (( 320, 320, 384) ( 383, 383, 447) (   0,   0,   0))
         (( 320, 320, 448) ( 383, 383, 511) (   0,   0,   0))
         (( 320, 320, 512) ( 383, 383, 575) (   0,   0,   0))
         (( 320, 320, 576) ( 383, 383, 639) (   0,   0,   0))
         (( 320, 320, 640) ( 383, 383, 703) (   0,   0,   0))
         (( 320, 320, 704) ( 383, 383, 767) (   0,   0,   0))
         (( 320, 384,   0) ( 383, 447,  63) (   0,   0,   0))
         (( 320, 384,  64) ( 383, 447, 127) (   0,   0,   0))
         (( 320, 384, 128) ( 383, 447, 191) (   0,   0,   0))
         (( 320, 384, 192) ( 383, 447, 255) (   0,   0,   0))
         (( 320, 384, 256) ( 383, 447, 319) (   0,   0,   0))
         (( 320, 384, 320) ( 383, 447, 383) (   0,   0,   0))
         (( 320, 384, 384) ( 383, 447, 447) (   0,   0,   0))
         (( 320, 384, 448) ( 383, 447, 511) (   0,   0,   0))
         (( 320, 384, 512) ( 383, 447, 575) (   0,   0,   0))
         (( 320, 384, 576) ( 383, 447, 639) (   0,   0,   0))
         (( 320, 384, 640) ( 383, 447, 703) (   0,   0,   0))
         (( 320, 384, 704) ( 383, 447, 767) (   0,   0,   0))
         (( 320, 448,   0) ( 383, 511,  63) (   0,   0,   0))
         (( 320, 448,  64) ( 383, 511, 127) (   0,   0,   0))
         (( 320, 448, 128) ( 383, 511, 191) (   0,   0,   0))
         (( 320, 448, 192) ( 383, 511, 255) (   0,   0,   0))
         (( 320, 448, 256) ( 383, 511, 319) (   0,   0,   0))
         (( 320, 448, 320) ( 383, 511, 383) (   0,   0,   0))
         (( 320, 448, 384) ( 383, 511, 447) (   0,   0,   0))
         (( 320, 448, 448) ( 383, 511, 511) (   0,   0,   0))
         (( 320, 448, 512) ( 383, 511, 575) (   0,   0,   0))
         (( 320, 448, 576) ( 383, 511, 639) (   0,   0,   0))
         (( 320, 448, 640) ( 383, 511, 703) (   0,   0,   0))
         (( 320, 448, 704) ( 383, 511, 767) (   0,   0,   0))
         (( 384,   0,   0) ( 447,  63,  63) (   0,   0,   0))
         (( 384,   0,  64) ( 447,  63, 127) (   0,   0,   0))
         (( 384,   0, 128) ( 447,  63, 191) (   0,   0,   0))
         (( 384,   0, 192) ( 447,  63, 255) (   0,   0,   0))
         (( 384,   0, 256) ( 447,  63, 319) (   0,   0,   0))
         (( 384,   0, 320) ( 447,  63, 383) (   0,   0,   0))
         (( 384,   0, 384) ( 447,  63, 447) (   0,   0,   0))
         (( 384,   0, 448) ( 447,  63, 511) (   0,   0,   0))
         (( 384,   0, 512) ( 447,  63, 575) (   0,   0,   0))
         (( 384,   0, 576) ( 447,  63, 639) (   0,   0,   0))
         (( 384,   0, 640) ( 447,  63, 703) (   0,   0,   0))
         (( 384,   0, 704) ( 447,  63, 767) (   0,   0,   0))
         (( 384,  64,   0) ( 447, 127,  63) (   0,   0,   0))
         (( 384,  64,  64) ( 447, 127, 127) (   0,   0,   0))
         (( 384,  64, 128) ( 447, 127, 191) (   0,   0,   0))
         (( 384,  64, 192) ( 447, 127, 255) (   0,   0,   0))
         (( 384,  64, 256) ( 447, 127, 319) (   0,   0,   0))
         (( 384,  64, 320) ( 447, 127, 383) (   0,   0,   0))
         (( 384,  64, 384) ( 447, 127, 447) (   0,   0,   0))
         (( 384,  64, 448) ( 447, 127, 511) (   0,   0,   0))
         (( 384,  64, 512) ( 447, 127, 575) (   0,   0,   0))
         (( 384,  64, 576) ( 447, 127, 639) (   0,   0,   0))
         (( 384,  64, 640) ( 447, 127, 703) (   0,   0,   0))
         (( 384,  64, 704) ( 447, 127, 767) (   0,   0,   0))
         (( 384, 128,   0) ( 447, 191,  63) (   0,   0,   0))
         (( 384, 128,  64) ( 447, 191, 127) (   0,   0,   0))
         (( 384, 128, 128) ( 447, 191, 191) (   0,   0,   0))
         (( 384, 128, 192) ( 447, 191, 255) (   0,   0,   0))
         (( 384, 128, 256) ( 447, 191, 319) (   0,   0,   0))
         (( 384, 128, 320) ( 447, 191, 383) (   0,   0,   0))
         (( 384, 128, 384) ( 447, 191, 447) (   0,   0,   0))
         (( 384, 128, 448) ( 447, 191, 511) (   0,   0,   0))
         (( 384, 128, 512) ( 447, 191, 575) (   0,   0,   0))
         (( 384, 128, 576) ( 447, 191, 639) (   0,   0,   0))
         (( 384, 128, 640) ( 447, 191, 703) (   0,   0,   0))
         (( 384, 128, 704) ( 447, 191, 767) (   0,   0,   0))
         (( 384, 192,   0) ( 447, 255,  63) (   0,   0,   0))
         (( 384, 192,  64) ( 447, 255, 127) (   0,   0,   0))
         (( 384, 192, 128) ( 447, 255, 191) (   0,   0,   0))
         (( 384, 192, 192) ( 447, 255, 255) (   0,   0,   0))
         (( 384, 192, 256) ( 447, 255, 319) (   0,   0,   0))
         (( 384, 192, 320) ( 447, 255, 383) (   0,   0,   0))
         (( 384, 192, 384) ( 447, 255, 447) (   0,   0,   0))
         (( 384, 192, 448) ( 447, 255, 511) (   0,   0,   0))
         (( 384, 192, 512) ( 447, 255, 575) (   0,   0,   0))
         (( 384, 192, 576) ( 447, 255, 639) (   0,   0,   0))
         (( 384, 192, 640) ( 447, 255, 703) (   0,   0,   0))
         (( 384, 192, 704) ( 447, 255, 767) (   0,   0,   0))
         (( 384, 256,   0) ( 447, 319,  63) (   0,   0,   0))
         (( 384, 256,  64) ( 447, 319, 127) (   0,   0,   0))
         (( 384, 256, 128) ( 447, 319, 191) (   0,   0,   0))
         (( 384, 256, 192) ( 447, 319, 255) (   0,   0,   0))
         (( 384, 256, 256) ( 447, 319, 319) (   0,   0,   0))
         (( 384, 256, 320) ( 447, 319, 383) (   0,   0,   0))
         (( 384, 256, 384) ( 447, 319, 447) (   0,   0,   0))
         (( 384, 256, 448) ( 447, 319, 511) (   0,   0,   0))
         (( 384, 256, 512) ( 447, 319, 575) (   0,   0,   0))
         (( 384, 256, 576) ( 447, 319, 639) (   0,   0,   0))
         (( 384, 256, 640) ( 447, 319, 703) (   0,   0,   0))
         (( 384, 256, 704) ( 447, 319, 767) (   0,   0,   0))
         (( 384, 320,   0) ( 447, 383,  63) (   0,   0,   0))
         (( 384, 320,  64) ( 447, 383, 127) (   0,   0,   0))
         (( 384, 320, 128) ( 447, 383, 191) (   0,   0,   0))
         (( 384, 320, 192) ( 447, 383, 255) (   0,   0,   0))
         (( 384, 320, 256) ( 447, 383, 319) (   0,   0,   0))
         (( 384, 320, 320) ( 447, 383, 383) (   0,   0,   0))
         (( 384, 320, 384) ( 447, 383, 447) (   0,   0,   0))
         (( 384, 320, 448) ( 447, 383, 511) (   0,   0,   0))
         (( 384, 320, 512) ( 447, 383, 575) (   0,   0,   0))
         (( 384, 320, 576) ( 447, 383, 639) (   0,   0,   0))
         (( 384, 320, 640) ( 447, 383, 703) (   0,   0,   0))
         (( 384, 320, 704) ( 447, 383, 767) (   0,   0,   0))
         (( 384, 384,   0) ( 447, 447,  63) (   0,   0,   0))
         (( 384, 384,  64) ( 447, 447, 127) (   0,   0,   0))
         (( 384, 384, 128) ( 447, 447, 191) (   0,   0,   0))
         (( 384, 384, 192) ( 447, 447, 255) (   0,   0,   0))
         (( 384, 384, 256) ( 447, 447, 319) (   0,   0,   0))
         (( 384, 384, 320) ( 447, 447, 383) (   0,   0,   0))
         (( 384, 384, 384) ( 447, 447, 447) (   0,   0,   0))
         (( 384, 384, 448) ( 447, 447, 511) (   0,   0,   0))
         (( 384, 384, 512) ( 447, 447, 575) (   0,   0,   0))
         (( 384, 384, 576) ( 447, 447, 639) (   0,   0,   0))
         (( 384, 384, 640) ( 447, 447, 703) (   0,   0,   0))
         (( 384, 384, 704) ( 447, 447, 767) (   0,   0,   0))
         (( 384, 448,   0) ( 447, 511,  63) (   0,   0,   0))
         (( 384, 448,  64) ( 447, 511, 127) (   0,   0,   0))
         (( 384, 448, 128) ( 447, 511, 191) (   0,   0,   0))
         (( 384, 448, 192) ( 447, 511, 255) (   0,   0,   0))
         (( 384, 448, 256) ( 447, 511, 319) (   0,   0,   0))
         (( 384, 448, 320) ( 447, 511, 383) (   0,   0,   0))
         (( 384, 448, 384) ( 447, 511, 447) (   0,   0,   0))
         (( 384, 448, 448) ( 447, 511, 511) (   0,   0,   0))
         (( 384, 448, 512) ( 447, 511, 575) (   0,   0,   0))
         (( 384, 448, 576) ( 447, 511, 639) (   0,   0,   0))
         (( 384, 448, 640) ( 447, 511, 703) (   0,   0,   0))
         (( 384, 448, 704) ( 447, 511, 767) (   0,   0,   0))
         (( 448,   0,   0) ( 511,  63,  63) (   0,   0,   0))
         (( 448,   0,  64) ( 511,  63, 127) (   0,   0,   0))
         (( 448,   0, 128) ( 511,  63, 191) (   0,   0,   0))
         (( 448,   0, 192) ( 511,  63, 255) (   0,   0,   0))
         (( 448,   0, 256) ( 511,  63, 319) (   0,   0,   0))
         (( 448,   0, 320) ( 511,  63, 383) (   0,   0,   0))
         (( 448,   0, 384) ( 511,  63, 447) (   0,   0,   0))
         (( 448,   0, 448) ( 511,  63, 511) (   0,   0,   0))
         (( 448,   0, 512) ( 511,  63, 575) (   0,   0,   0))
         (( 448,   0, 576) ( 511,  63, 639) (   0,   0,   0))
         (( 448,   0, 640) ( 511,  63, 703) (   0,   0,   0))
         (( 448,   0, 704) ( 511,  63, 767) (   0,   0,   0))
         (( 448,  64,   0) ( 511, 127,  63) (   0,   0,   0))
         (( 448,  64,  64) ( 511, 127, 127) (   0,   0,   0))
         (( 448,  64, 128) ( 511, 127, 191) (   0,   0,   0))
         (( 448,  64, 192) ( 511, 127, 255) (   0,   0,   0))
         (( 448,  64, 256) ( 511, 127, 319) (   0,   0,   0))
         (( 448,  64, 320) ( 511, 127, 383) (   0,   0,   0))
         (( 448,  64, 384) ( 511, 127, 447) (   0,   0,   0))
         (( 448,  64, 448) ( 511, 127, 511) (   0,   0,   0))
         (( 448,  64, 512) ( 511, 127, 575) (   0,   0,   0))
         (( 448,  64, 576) ( 511, 127, 639) (   0,   0,   0))
         (( 448,  64, 640) ( 511, 127, 703) (   0,   0,   0))
         (( 448,  64, 704) ( 511, 127, 767) (   0,   0,   0))
         (( 448, 128,   0) ( 511, 191,  63) (   0,   0,   0))
         (( 448, 128,  64) ( 511, 191, 127) (   0,   0,   0))
         (( 448, 128, 128) ( 511, 191, 191) (   0,   0,   0))
         (( 448, 128, 192) ( 511, 191, 255) (   0,   0,   0))
         (( 448, 128, 256) ( 511, 191, 319) (   0,   0,   0))
         (( 448, 128, 320) ( 511, 191, 383) (   0,   0,   0))
         (( 448, 128, 384) ( 511, 191, 447) (   0,   0,   0))
         (( 448, 128, 448) ( 511, 191, 511) (   0,   0,   0))
         (( 448, 128, 512) ( 511, 191, 575) (   0,   0,   0))
         (( 448, 128, 576) ( 511, 191, 639) (   0,   0,   0))
         (( 448, 128, 640) ( 511, 191, 703) (   0,   0,   0))
         (( 448, 128, 704) ( 511, 191, 767) (   0,   0,   0))
         (( 448, 192,   0) ( 511, 255,  63) (   0,   0,   0))
         (( 448, 192,  64) ( 511, 255, 127) (   0,   0,   0))
         (( 448, 192, 128) ( 511, 255, 191) (   0,   0,   0))
         (( 448, 192, 192) ( 511, 255, 255) (   0,   0,   0))
         (( 448, 192, 256) ( 511, 255, 319) (   0,   0,   0))
         (( 448, 192, 320) ( 511, 255, 383) (   0,   0,   0))
         (( 448, 192, 384) ( 511, 255, 447) (   0,   0,   0))
         (( 448, 192, 448) ( 511, 255, 511) (   0,   0,   0))
         (( 448, 192, 512) ( 511, 255, 575) (   0,   0,   0))
         (( 448, 192, 576) ( 511, 255, 639) (   0,   0,   0))
         (( 448, 192, 640) ( 511, 255, 703) (   0,   0,   0))
         (( 448, 192, 704) ( 511, 255, 767) (   0,   0,   0))
         (( 448, 256,   0) ( 511, 319,  63) (   0,   0,   0))
         (( 448, 256,  64) ( 511, 319, 127) (   0,   0,   0))
         (( 448, 256, 128) ( 511, 319, 191) (   0,   0,   0))
         (( 448, 256, 192) ( 511, 319, 255) (   0,   0,   0))
         (( 448, 256, 256) ( 511, 319, 319) (   0,   0,   0))
         (( 448, 256, 320) ( 511, 319, 383) (   0,   0,   0))
         (( 448, 256, 384) ( 511, 319, 447) (   0,   0,   0))
         (( 448, 256, 448) ( 511, 319, 511) (   0,   0,   0))
         (( 448, 256, 512) ( 511, 319, 575) (   0,   0,   0))
         (( 448, 256, 576) ( 511, 319, 639) (   0,   0,   0))
         (( 448, 256, 640) ( 511, 319, 703) (   0,   0,   0))
         (( 448, 256, 704) ( 511, 319, 767) (   0,   0,   0))
         (( 448, 320,   0) ( 511, 383,  63) (   0,   0,   0))
         (( 448, 320,  64) ( 511, 383, 127) (   0,   0,   0))
         (( 448, 320, 128) ( 511, 383, 191) (   0,   0,   0))
         (( 448, 320, 192) ( 511, 383, 255) (   0,   0,   0))
         (( 448, 320, 256) ( 511, 383, 319) (   0,   0,   0))
         (( 448, 320, 320) ( 511, 383, 383) (   0,   0,   0))
         (( 448, 320, 384) ( 511, 383, 447) (   0,   0,   0))
         (( 448, 320, 448) ( 511, 383, 511) (   0,   0,   0))
         (( 448, 320, 512) ( 511, 383, 575) (   0,   0,   0))
         (( 448, 320, 576) ( 511, 383, 639) (   0,   0,   0))
         (( 448, 320, 640) ( 511, 383, 703) (   0,   0,   0))
         (( 448, 320, 704) ( 511, 383, 767) (   0,   0,   0))
         (( 448, 384,   0) ( 511, 447,  63) (   0,   0,   0))
         (( 448, 384,  64) ( 511, 447, 127) (   0,   0,   0))
         (( 448, 384, 128) ( 511, 447, 191) (   0,   0,   0))
         (( 448, 384, 192) ( 511, 447, 255) (   0,   0,   0))
         (( 448, 384, 256) ( 511, 447, 319) (   0,   0,   0))
         (( 448, 384, 320) ( 511, 447, 383) (   0,   0,   0))
         (( 448, 384, 384) ( 511, 447, 447) (   0,   0,   0))
         (( 448, 384, 448) ( 511, 447, 511) (   0,   0,   0))
         (( 448, 384, 512) ( 511, 447, 575) (   0,   0,   0))
         (( 448, 384, 576) ( 511, 447, 639) (   0,   0,   0))
         (( 448, 384, 640) ( 511, 447, 703) (   0,   0,   0))
         (( 448, 384, 704) ( 511, 447, 767) (   0,   0,   0))
         (( 448, 448,   0) ( 511, 511,  63) (   0,   0,   0))
         (( 448, 448,  64) ( 511, 511, 127) (   0,   0,   0))
         (( 448, 448, 128) ( 511, 511, 191) (   0,   0,   0))
         (( 448, 448, 192) ( 511, 511, 255) (   0,   0,   0))
         (( 448, 448, 256) ( 511, 511, 319) (   0,   0,   0))
         (( 448, 448, 320) ( 511, 511, 383) (   0,   0,   0))
         (( 448, 448, 384) ( 511, 511, 447) (   0,   0,   0))
         (( 448, 448, 448) ( 511, 511, 511) (   0,   0,   0))
         (( 448, 448, 512) ( 511, 511, 575) (   0,   0,   0))
         (( 448, 448, 576) ( 511, 511, 639) (   0,   0,   0))
         (( 448, 448, 640) ( 511, 511, 703) (   0,   0,   0))
         (( 448, 448, 704) ( 511, 511, 767) (   0,   0,   0))
