# npts =    64
# num of variables =     6
# density
# temperature
# pressure
# carbon-12       
# oxygen-16       
# magnesium-24    
      3906250.000000000          2661529279.279279          598263513.5135136         0.1789741413271488E+28     0.4974201554646994         0.4983201919341772         0.4259652601123398E-02
      11718750.00000000          2529582725.211230          582701920.7573929         0.1671862874360905E+28     0.4974226576020537         0.4983226985989212         0.4254643799025046E-02
      19531250.00000000          2289265983.556047          553301230.8434708         0.1462505745117476E+28     0.4974271545483668         0.4983272036820490         0.4245641769584202E-02
      27343750.00000000          1980144792.068014          513163932.5238753         0.1204024434327769E+28     0.4974326540156616         0.4983327131001291         0.4234632884209365E-02
      35156250.00000000          1645055261.630658          466021447.1872557         0.9389379233934170E+27     0.4974376532922654         0.4983377214224685         0.4224625285266092E-02
      42968750.00000000          1319868574.257506          415528740.3025440         0.6986451411464454E+27     0.4974928855609939         0.4982928741206900         0.4214240318316165E-02
      50781250.00000000          1028362174.471606          364835786.9839599         0.4996408704694463E+27     0.4974975036473527         0.4982974996331173         0.4204996719530142E-02
      58593750.00000000          782079908.4195468          316240049.4575769         0.3457477761100814E+27     0.4975021458333626         0.4983021492839489         0.4195704882688524E-02
      66406250.00000000          583136805.8959135          271239244.9158800         0.2328440022935314E+27     0.4975060944245301         0.4983061042246097         0.4187801350860093E-02
      74218750.00000000          427820763.8297383          230628623.2751774         0.1533098191419359E+27     0.4975100807720996         0.4983100969823865         0.4179822245513884E-02
      82031250.00000000          309658555.1813169          194673581.2362418         0.9901939489015530E+26     0.4975134107685675         0.4983134323336225         0.4173156897809865E-02
      89843750.00000000          221514509.9969257          163283692.6251254         0.6286403112332835E+26     0.4975157933019987         0.4983158186982632         0.4168387999738039E-02
      97656250.00000000          156741498.0233043          135397262.2180587         0.3925872858547887E+26     0.4999999999500000         0.4999999999500000         0.9999999999000000E-10
      105468750.0000000          109663304.7593155          126077272.7272727         0.2410423440067348E+26     0.4999999999500000         0.4999999999500000         0.9999999999000000E-10
      113281250.0000000          75811656.34204145          121145833.3333333         0.1452256848552081E+26     0.4999999999500000         0.4999999999500000         0.9999999999000000E-10
      121093750.0000000          51681148.51986448          116653125.0000000         0.8553904760301881E+25     0.4999999999500000         0.4999999999500000         0.9999999999000000E-10
      128906250.0000000          34617129.39002155          112446875.0000000         0.4895853897901526E+25     0.4999999999500000         0.4999999999500000         0.9999999999000000E-10
      136718750.0000000          22655374.77337892          108083088.2352941         0.2697551989301288E+25     0.4999999999500000         0.4999999999500000         0.9999999999000000E-10
      144531250.0000000          14359147.05857607          102941015.6250000         0.1409997281121443E+25     0.4999999999500000         0.4999999999500000         0.9999999999000000E-10
      152343750.0000000          8686053.938472828          96595020.16129032         0.6824968133821817E+24     0.4999999999500000         0.4999999999500000         0.9999999999000000E-10
      160156250.0000000          4885320.808508893          88102076.61290322         0.2929727378239732E+24     0.4999999999500000         0.4999999999500000         0.9999999999000000E-10
      167968750.0000000          2416548.376010412          86750000.00000000         0.1020095751936789E+24     0.4999999999500000         0.4999999999500000         0.9999999999000000E-10
      175781250.0000000          905734.5073733026          86750000.00000000         0.2264606293417732E+23     0.4999999999500000         0.4999999999500000         0.9999999999000000E-10
      183593750.0000000          95551.34775668761          86750000.00000000         0.7395761274351822E+21     0.4999999999500000         0.4999999999500000         0.9999999999000000E-10
      191406250.0000000         0.1000000000000000E-03      5000000.000000000          1600042867924.352         0.4999999999500000         0.4999999999500000         0.9999999999000000E-10
      199218750.0000000         0.1000000000000000E-03      5000000.000000000          1600042867924.352         0.4999999999500000         0.4999999999500000         0.9999999999000000E-10
      207031250.0000000         0.1000000000000000E-03      5000000.000000000          1600042867924.352         0.4999999999500000         0.4999999999500000         0.9999999999000000E-10
      214843750.0000000         0.1000000000000000E-03      5000000.000000000          1600042867924.352         0.4999999999500000         0.4999999999500000         0.9999999999000000E-10
      222656250.0000000         0.1000000000000000E-03      5000000.000000000          1600042867924.352         0.4999999999500000         0.4999999999500000         0.9999999999000000E-10
      230468750.0000000         0.1000000000000000E-03      5000000.000000000          1600042867924.352         0.4999999999500000         0.4999999999500000         0.9999999999000000E-10
      238281250.0000000         0.1000000000000000E-03      5000000.000000000          1600042867924.352         0.4999999999500000         0.4999999999500000         0.9999999999000000E-10
      246093750.0000000         0.1000000000000000E-03      5000000.000000000          1600042867924.352         0.4999999999500000         0.4999999999500000         0.9999999999000000E-10
      253906250.0000000         0.1000000000000000E-03      5000000.000000000          1600042867924.352         0.4999999999500000         0.4999999999500000         0.9999999999000000E-10
      261718750.0000000         0.1000000000000000E-03      5000000.000000000          1600042867924.352         0.4999999999500000         0.4999999999500000         0.9999999999000000E-10
      269531250.0000000         0.1000000000000000E-03      5000000.000000000          1600042867924.352         0.4999999999500000         0.4999999999500000         0.9999999999000000E-10
      277343750.0000000         0.1000000000000000E-03      5000000.000000000          1600042867924.352         0.4999999999500000         0.4999999999500000         0.9999999999000000E-10
      285156250.0000000         0.1000000000000000E-03      5000000.000000000          1600042867924.352         0.4999999999500000         0.4999999999500000         0.9999999999000000E-10
      292968750.0000000         0.1000000000000000E-03      5000000.000000000          1600042867924.352         0.4999999999500000         0.4999999999500000         0.9999999999000000E-10
      300781250.0000000         0.1000000000000000E-03      5000000.000000000          1600042867924.352         0.4999999999500000         0.4999999999500000         0.9999999999000000E-10
      308593750.0000000         0.1000000000000000E-03      5000000.000000000          1600042867924.352         0.4999999999500000         0.4999999999500000         0.9999999999000000E-10
      316406250.0000000         0.1000000000000000E-03      5000000.000000000          1600042867924.352         0.4999999999500000         0.4999999999500000         0.9999999999000000E-10
      324218750.0000000         0.1000000000000000E-03      5000000.000000000          1600042867924.352         0.4999999999500000         0.4999999999500000         0.9999999999000000E-10
      332031250.0000000         0.1000000000000000E-03      5000000.000000000          1600042867924.352         0.4999999999500000         0.4999999999500000         0.9999999999000000E-10
      339843750.0000000         0.1000000000000000E-03      5000000.000000000          1600042867924.352         0.4999999999500000         0.4999999999500000         0.9999999999000000E-10
      347656250.0000000         0.1000000000000000E-03      5000000.000000000          1600042867924.352         0.4999999999500000         0.4999999999500000         0.9999999999000000E-10
      355468750.0000000         0.1000000000000000E-03      5000000.000000000          1600042867924.352         0.4999999999500000         0.4999999999500000         0.9999999999000000E-10
      363281250.0000000         0.1000000000000000E-03      5000000.000000000          1600042867924.352         0.4999999999500000         0.4999999999500000         0.9999999999000000E-10
      371093750.0000000         0.1000000000000000E-03      5000000.000000000          1600042867924.352         0.4999999999500000         0.4999999999500000         0.9999999999000000E-10
      378906250.0000000         0.1000000000000000E-03      5000000.000000000          1600042867924.352         0.4999999999500000         0.4999999999500000         0.9999999999000000E-10
      386718750.0000000         0.1000000000000000E-03      5000000.000000000          1600042867924.352         0.4999999999500000         0.4999999999500000         0.9999999999000000E-10
      394531250.0000000         0.1000000000000000E-03      5000000.000000000          1600042867924.352         0.4999999999500000         0.4999999999500000         0.9999999999000000E-10
      402343750.0000000         0.1000000000000000E-03      5000000.000000000          1600042867924.352         0.4999999999500000         0.4999999999500000         0.9999999999000000E-10
      410156250.0000000         0.1000000000000000E-03      5000000.000000000          1600042867924.352         0.4999999999500000         0.4999999999500000         0.9999999999000000E-10
      417968750.0000000         0.1000000000000000E-03      5000000.000000000          1600042867924.352         0.4999999999500000         0.4999999999500000         0.9999999999000000E-10
      425781250.0000000         0.1000000000000000E-03      5000000.000000000          1600042867924.352         0.4999999999500000         0.4999999999500000         0.9999999999000000E-10
      433593750.0000000         0.1000000000000000E-03      5000000.000000000          1600042867924.352         0.4999999999500000         0.4999999999500000         0.9999999999000000E-10
      441406250.0000000         0.1000000000000000E-03      5000000.000000000          1600042867924.352         0.4999999999500000         0.4999999999500000         0.9999999999000000E-10
      449218750.0000000         0.1000000000000000E-03      5000000.000000000          1600042867924.352         0.4999999999500000         0.4999999999500000         0.9999999999000000E-10
      457031250.0000000         0.1000000000000000E-03      5000000.000000000          1600042867924.352         0.4999999999500000         0.4999999999500000         0.9999999999000000E-10
      464843750.0000000         0.1000000000000000E-03      5000000.000000000          1600042867924.352         0.4999999999500000         0.4999999999500000         0.9999999999000000E-10
      472656250.0000000         0.1000000000000000E-03      5000000.000000000          1600042867924.352         0.4999999999500000         0.4999999999500000         0.9999999999000000E-10
      480468750.0000000         0.1000000000000000E-03      5000000.000000000          1600042867924.352         0.4999999999500000         0.4999999999500000         0.9999999999000000E-10
      488281250.0000000         0.1000000000000000E-03      5000000.000000000          1600042867924.352         0.4999999999500000         0.4999999999500000         0.9999999999000000E-10
      496093750.0000000         0.1000000000000000E-03      5000000.000000000          1600042867924.352         0.4999999999500000         0.4999999999500000         0.9999999999000000E-10
