# npts =   240
# num of variables =     6
# density
# temperature
# pressure
# carbon-12       
# oxygen-16       
# ash             
      1041666.666666667          2644438822.838253          625289354.3844595         0.1774770624045168E+28     0.4969598249701493         0.4980044487132784         0.5035726316572259E-02
      3125000.000000000          2635014279.072789          624135814.1642387         0.1766300241554710E+28     0.4969600655972818         0.4980046065378891         0.5035327864829144E-02
      5208333.333333333          2616290279.573919          621837956.0561002         0.1749502346702585E+28     0.4969606152360808         0.4980049690213678         0.5034415742551483E-02
      7291666.666666666          2588517403.111327          618414502.5973704         0.1724661282685733E+28     0.4969616366484765         0.4980056424703811         0.5032720881142422E-02
      9375000.000000000          2552062878.645356          613893229.0447644         0.1692191419739804E+28     0.4969631773091214         0.4980066586666271         0.5030164024251505E-02
      11458333.33333333          2507401409.362905          608310525.1543275         0.1652623970070905E+28     0.4969651778089909         0.4980079789441025         0.5026843246906730E-02
      13541666.66666667          2455099210.542398          601710289.7010785         0.1606590294697444E+28     0.4969674669923184         0.4980094879746211         0.5023045033060476E-02
      15625000.00000000          2395805895.671917          594143703.5277058         0.1554802676476654E+28     0.4969700917019140         0.4980112177584461         0.5018690539639903E-02
      17708333.33333333          2330236541.012377          585668366.8909527         0.1498033403723562E+28     0.4969729751605642         0.4980131179210812         0.5013906918354683E-02
      19791666.66666666          2259151048.432546          576346767.0884258         0.1437093245681599E+28     0.4969760259679096         0.4980151279878904         0.5008846044199856E-02
      21875000.00000000          2183336964.117078          566245184.7386377         0.1372810285339074E+28     0.4969791801826043         0.4980172061287877         0.5003613688607961E-02
      23958333.33333333          2103595183.424191          555432951.5134680         0.1306009859166118E+28     0.4969823863191057         0.4980193190702505         0.4998294610643841E-02
      26041666.66666666          2020728921.897897          543982110.1898078         0.1237496177638926E+28     0.4969855540557160         0.4980214052866784         0.4993040657605653E-02
      28125000.00000000          1935528127.190435          531966266.7023516         0.1168036152829504E+28     0.4969886556306289         0.4980234487492926         0.4987895620078630E-02
      30208333.33333333          1848752399.208292          519459057.2215368         0.1098345973966129E+28     0.4969917313628664         0.4980254741059063         0.4982794531227279E-02
      32291666.66666666          1761122377.881890          506533690.1122377         0.1029080631533469E+28     0.4969947862481542         0.4980274855923676         0.4977728159478183E-02
      34375000.00000000          1673299891.564312          493260426.5687058         0.9608265550033871E+27     0.4969977807028821         0.4980294581190118         0.4972761178106077E-02
      36458333.33333333          1585899478.399607          479708469.7683547         0.8940970304438709E+27     0.4970007317529199         0.4980314012869912         0.4967866960088967E-02
      38541666.66666666          1499479870.940283          465945004.1129830         0.8293298784388524E+27     0.4970036467259442         0.4980333200260546         0.4963033248001274E-02
      40625000.00000000          1414539278.517610          452034442.3687013         0.7668875286746092E+27     0.4970065884677677         0.4980352572191384         0.4958154313093852E-02
      42708333.33333333          1331498903.679582          438035456.6568384         0.7070594388380296E+27     0.4970096267767704         0.4980372583031051         0.4953114920124559E-02
      44791666.66666666          1250721911.085280          424003761.1572443         0.6500661387662577E+27     0.4970123802454013         0.4980390723604901         0.4948547394108489E-02
      46875000.00000000          1172516903.457189          409991883.2455824         0.5960640157274243E+27     0.4970150537382289         0.4980408324506234         0.4944113811147796E-02
      48958333.33333333          1097133393.277849          396048267.5900950         0.5451510381622142E+27     0.4970177310186497         0.4980425946463592         0.4939674334991110E-02
      51041666.66666666          1024751916.344961          382214482.1078022         0.4973734845266974E+27     0.4970204126874334         0.4980443608857137         0.4935226426852993E-02
      53125000.00000000          955515024.2636589          368530114.6877534         0.4527326702472309E+27     0.4970230925467500         0.4980461264718438         0.4930780981406193E-02
      55208333.33333333          889520676.3166132          355031032.6934326         0.4111912552360596E+27     0.4970257609280180         0.4980478832236046         0.4926355848377444E-02
      57291666.66666666          826814377.6660739          341746793.0216483         0.3726798836662620E+27     0.4970284188447258         0.4980496337331891         0.4921947422085154E-02
      59375000.00000000          767410065.3885622          328703875.4447542         0.3371034269828497E+27     0.4970310584476316         0.4980513718230056         0.4917569729362777E-02
      61458333.33333333          711295980.9885049          315926430.1789779         0.3043463561972077E+27     0.4970336751146091         0.4980530947086896         0.4913230176701300E-02
      63541666.66666666          658424175.6339138          303433098.5241007         0.2742778803978689E+27     0.4970362636103799         0.4980547987753552         0.4908937614264935E-02
      65625000.00000000          608725756.5073719          291239441.6870608         0.2467566295382107E+27     0.4970388218491569         0.4980564838000673         0.4904694350775937E-02
      67708333.33333333          562119769.0214161          279359633.9531916         0.2216344014484702E+27     0.4970413411823663         0.4980581431051956         0.4900515712438131E-02
      69791666.66666666          518501809.0532964          267802931.4110963         0.1987595524235596E+27     0.4970438151040872         0.4980597723094672         0.4896412586445562E-02
      71875000.00000000          477758935.6732351          256576616.2529460         0.1779799356883986E+27     0.4970462381755271         0.4980613682804192         0.4892393544053623E-02
      73958333.33333333          439774058.4173346          245686928.1010462         0.1591450518725600E+27     0.4970485970610568         0.4980629209916287         0.4888481947314620E-02
      76041666.66666666          404416101.3921368          235135701.3464673         0.1421079684847112E+27     0.4970508864458815         0.4980644285233926         0.4884685030725967E-02
      78125000.00000000          371556007.2469417          224924395.8700972         0.1267268118186147E+27     0.4970530917020489         0.4980658800343687         0.4881028263582485E-02
      80208333.33333333          341063661.4953964          215053103.0988602         0.1128657149906959E+27     0.4970552091588870         0.4980672753443665         0.4877515496746448E-02
      82291666.66666666          312803365.1327480          205518577.2647594         0.1003956808927276E+27     0.4970572200718197         0.4980685993603325         0.4874180567847801E-02
      84375000.00000000          286646855.7212485          196318217.1177765         0.8919507686955412E+26     0.4970591155539997         0.4980698479504578         0.4871036495542505E-02
      86458333.33333333          262465830.8781821          187447530.2427784         0.7914984648632539E+26     0.4970608731917830         0.4980710043342598         0.4868122473957130E-02
      88541666.66666666          240134031.2682514          178900449.1542319         0.7015368407011207E+26     0.4970624780255559         0.4980720611128140         0.4865460861630016E-02
      90625000.00000000          219533308.7574722          170671645.7680274         0.6210794295457051E+26     0.4970638979816866         0.4980729961088327         0.4863105909480666E-02
      92708333.33333333          200545623.7823110          162753343.2760585         0.5492148564052894E+26     0.4970651045741944         0.4980737909766570         0.4861104449148479E-02
      94791666.66666666          183061161.7910390          155138432.8036868         0.4851046334909738E+26     0.4970660493893490         0.4980744138967249         0.4859536713926052E-02
      96875000.00000000          166974922.4206894          147819265.5513134         0.4279795977347602E+26     0.4970666411630363         0.4980748025510482         0.4858556285915448E-02
      98958333.33333333          152169746.0613180          140246516.8026569         0.3771392724363786E+26     0.4999999999482303         0.4999999999517697         0.9999999999170555E-10
      101041666.6666667          138587031.0218486          133518858.6541155         0.3319423630071827E+26     0.4999999999499930         0.4999999999500071         0.9999999999000707E-10
      103125000.0000000          126116934.1818489          127250621.3752165         0.2918034178229872E+26     0.4999999999499972         0.4999999999500029         0.9999999999000284E-10
      105208333.3333333          114663233.6349572          125880908.6773417         0.2561963243537170E+26     0.4999999999499963         0.4999999999500037         0.9999999999000369E-10
      107291666.6666667          104165305.1366807          124544149.0077985         0.2246442936734803E+26     0.4999999999500000         0.4999999999500000         0.9999999999000000E-10
      109375000.0000000          94548715.41679694          123236354.3680515         0.1967143413926884E+26     0.4999999999500000         0.4999999999500000         0.9999999999000000E-10
      111458333.3333333          85745580.80403924          121955805.7510086         0.1720161361446666E+26     0.4999999999499931         0.4999999999500069         0.9999999999000693E-10
      113541666.6666667          77690906.97170636          120703206.3440366         0.1501984155178917E+26     0.4999999999499952         0.4999999999500048         0.9999999999000482E-10
      115625000.0000000          70325899.28725608          119474414.5114557         0.1309455868409165E+26     0.4999999999499953         0.4999999999500048         0.9999999999000478E-10
      117708333.3333333          63594944.36542054          118267415.9649988         0.1139744329657422E+26     0.4999999999499936         0.4999999999500064         0.9999999999000637E-10
      119791666.6666667          57447019.16787254          117084956.1239304         0.9903118698001981E+25     0.4999999999500000         0.4999999999500000         0.9999999999000000E-10
      121875000.0000000          51834868.06056140          115935849.9052966         0.8588868520971901E+25     0.4999999999500000         0.4999999999500000         0.9999999999000000E-10
      123958333.3333333          46714492.34164542          114815778.0435857         0.7434384301301739E+25     0.4999999999500000         0.4999999999500000         0.9999999999000000E-10
      126041666.6666667          42045867.74144153          113720063.5463283         0.6421525635496776E+25     0.4999999999500000         0.4999999999500000         0.9999999999000000E-10
      128125000.0000000          37791341.08887041          112642139.9351675         0.5534105410063229E+25     0.4999999999500000         0.4999999999500000         0.9999999999000000E-10
      130208333.3333333          33917057.81911677          111515636.7436699         0.4757691024078677E+25     0.4999999999500000         0.4999999999500000         0.9999999999000000E-10
      132291666.6666667          30390973.54469722          110367228.6524344         0.4079424932862248E+25     0.4999999999500000         0.4999999999500000         0.9999999999000000E-10
      134375000.0000000          27184267.06764082          109205367.1811556         0.3487863704639920E+25     0.4999999999500000         0.4999999999500000         0.9999999999000000E-10
      136458333.3333333          24269940.64892304          108002404.9873403         0.2972828217797278E+25     0.4999999999500000         0.4999999999500000         0.9999999999000000E-10
      138541666.6666667          21623588.70921673          106763807.8603039         0.2525271088818401E+25     0.4999999999500000         0.4999999999500000         0.9999999999000000E-10
      140625000.0000000          19222426.26650074          105478951.3573060         0.2137155780948902E+25     0.4999999999500000         0.4999999999500000         0.9999999999000000E-10
      142708333.3333333          17045887.02401016          104115964.9309493         0.1801348345923099E+25     0.4999999999500000         0.4999999999500000         0.9999999999000000E-10
      144791666.6666667          15074752.36781245          102684504.0529328         0.1511519876905567E+25     0.4999999999500000         0.4999999999500000         0.9999999999000000E-10
      146875000.0000000          13291670.99919002          101190586.2472466         0.1262059636206798E+25     0.4999999999500000         0.4999999999500000         0.9999999999000000E-10
      148958333.3333333          11680611.78072761          99493064.45888868         0.1047995174939772E+25     0.4999999999500000         0.4999999999500000         0.9999999999000000E-10
      151041666.6666667          10226794.34247072          97795542.67053077         0.8649239928825353E+24     0.4999999999500000         0.4999999999500000         0.9999999999000000E-10
      153125000.0000000          8916829.802108929          95954210.05400574         0.7089499860596684E+24     0.4999999999500000         0.4999999999500000         0.9999999999000000E-10
      155208333.3333333          7738550.350019231          93713929.31038000         0.5766252533549458E+24     0.4999999999500000         0.4999999999500000         0.9999999999000000E-10
      157291666.6666667          6680403.639099345          91473648.56675422         0.4649027033272387E+24     0.4999999999500000         0.4999999999500000         0.9999999999000000E-10
      159375000.0000000          5732070.977179935          89233367.82312845         0.3710923216195774E+24     0.4999999999500000         0.4999999999500000         0.9999999999000000E-10
      161458333.3333333          4884174.126546613          86993087.07950270         0.2928185571003402E+24     0.4999999999500000         0.4999999999500000         0.9999999999000000E-10
      163541666.6666667          4127289.763894182          86590809.93107912         0.2279904976680351E+24     0.4999999999500000         0.4999999999500000         0.9999999999000000E-10
      165625000.0000000          3454508.666638110          86590809.93107912         0.1747632469858262E+24     0.4999999999500000         0.4999999999500000         0.9999999999000000E-10
      167708333.3333333          2858892.637625225          86590809.93107912         0.1315025875292312E+24     0.4999999999500000         0.4999999999500000         0.9999999999000000E-10
      169791666.6666667          2333931.016237692          86590809.93107912         0.9676680680779162E+23     0.4999999999500000         0.4999999999500000         0.9999999999000000E-10
      171875000.0000000          1873722.690712246          86590809.93107912         0.6928565404323709E+23     0.4999999999500000         0.4999999999500000         0.9999999999000000E-10
      173958333.3333333          1472951.076573678          86590809.93107912         0.4794000582576925E+23     0.4999999999500000         0.4999999999500000         0.9999999999000000E-10
      176041666.6666667          1126868.001316311          86590809.93107912         0.3174349652233629E+23     0.4999999999500000         0.4999999999500000         0.9999999999000000E-10
      178125000.0000000          831292.0458207488          86590809.93107912         0.1982581237734615E+23     0.4999999999500000         0.4999999999500000         0.9999999999000000E-10
      180208333.3333333          582644.7452747395          86590809.93107912         0.1141720916053850E+23     0.4999999999500000         0.4999999999500000         0.9999999999000000E-10
      182291666.6666667          378051.5464190525          86590809.93107912         0.5833578048582450E+22     0.4999999999500000         0.4999999999500000         0.9999999999000000E-10
      184375000.0000000          215599.6981258960          86590809.93107912         0.2460804720363388E+22     0.4999999999500000         0.4999999999500000         0.9999999999000000E-10
      186458333.3333333          95147.39902064645          86590809.93107912         0.7346547635146554E+21     0.4999999999500000         0.4999999999500000         0.9999999999000000E-10
      188541666.6666667          21009.61737985833          86590809.93107912         0.1036602598376824E+21     0.4999999999500000         0.4999999999500000         0.9999999999000000E-10
      190625000.0000000         0.1000000000000000E-03      5000000.000000000          1600042867924.364         0.4999999999500000         0.4999999999500000         0.9999999999000000E-10
      192708333.3333333         0.1000000000000000E-03      5000000.000000000          1600042867924.364         0.4999999999500000         0.4999999999500000         0.9999999999000000E-10
      194791666.6666667         0.1000000000000000E-03      5000000.000000000          1600042867924.364         0.4999999999500000         0.4999999999500000         0.9999999999000000E-10
      196875000.0000000         0.1000000000000000E-03      5000000.000000000          1600042867924.364         0.4999999999500000         0.4999999999500000         0.9999999999000000E-10
      198958333.3333333         0.1000000000000000E-03      5000000.000000000          1600042867924.364         0.4999999999500000         0.4999999999500000         0.9999999999000000E-10
      201041666.6666667         0.1000000000000000E-03      5000000.000000000          1600042867924.364         0.4999999999500000         0.4999999999500000         0.9999999999000000E-10
      203125000.0000000         0.1000000000000000E-03      5000000.000000000          1600042867924.364         0.4999999999500000         0.4999999999500000         0.9999999999000000E-10
      205208333.3333333         0.1000000000000000E-03      5000000.000000000          1600042867924.364         0.4999999999500000         0.4999999999500000         0.9999999999000000E-10
      207291666.6666667         0.1000000000000000E-03      5000000.000000000          1600042867924.364         0.4999999999500000         0.4999999999500000         0.9999999999000000E-10
      209375000.0000000         0.1000000000000000E-03      5000000.000000000          1600042867924.364         0.4999999999500000         0.4999999999500000         0.9999999999000000E-10
      211458333.3333333         0.1000000000000000E-03      5000000.000000000          1600042867924.364         0.4999999999500000         0.4999999999500000         0.9999999999000000E-10
      213541666.6666667         0.1000000000000000E-03      5000000.000000000          1600042867924.364         0.4999999999500000         0.4999999999500000         0.9999999999000000E-10
      215625000.0000000         0.1000000000000000E-03      5000000.000000000          1600042867924.364         0.4999999999500000         0.4999999999500000         0.9999999999000000E-10
      217708333.3333333         0.1000000000000000E-03      5000000.000000000          1600042867924.364         0.4999999999500000         0.4999999999500000         0.9999999999000000E-10
      219791666.6666667         0.1000000000000000E-03      5000000.000000000          1600042867924.364         0.4999999999500000         0.4999999999500000         0.9999999999000000E-10
      221875000.0000000         0.1000000000000000E-03      5000000.000000000          1600042867924.364         0.4999999999500000         0.4999999999500000         0.9999999999000000E-10
      223958333.3333333         0.1000000000000000E-03      5000000.000000000          1600042867924.364         0.4999999999500000         0.4999999999500000         0.9999999999000000E-10
      226041666.6666667         0.1000000000000000E-03      5000000.000000000          1600042867924.364         0.4999999999500000         0.4999999999500000         0.9999999999000000E-10
      228125000.0000000         0.1000000000000000E-03      5000000.000000000          1600042867924.364         0.4999999999500000         0.4999999999500000         0.9999999999000000E-10
      230208333.3333333         0.1000000000000000E-03      5000000.000000000          1600042867924.364         0.4999999999500000         0.4999999999500000         0.9999999999000000E-10
      232291666.6666667         0.1000000000000000E-03      5000000.000000000          1600042867924.364         0.4999999999500000         0.4999999999500000         0.9999999999000000E-10
      234375000.0000000         0.1000000000000000E-03      5000000.000000000          1600042867924.364         0.4999999999500000         0.4999999999500000         0.9999999999000000E-10
      236458333.3333333         0.1000000000000000E-03      5000000.000000000          1600042867924.364         0.4999999999500000         0.4999999999500000         0.9999999999000000E-10
      238541666.6666667         0.1000000000000000E-03      5000000.000000000          1600042867924.364         0.4999999999500000         0.4999999999500000         0.9999999999000000E-10
      240625000.0000000         0.1000000000000000E-03      5000000.000000000          1600042867924.364         0.4999999999500000         0.4999999999500000         0.9999999999000000E-10
      242708333.3333333         0.1000000000000000E-03      5000000.000000000          1600042867924.364         0.4999999999500000         0.4999999999500000         0.9999999999000000E-10
      244791666.6666667         0.1000000000000000E-03      5000000.000000000          1600042867924.364         0.4999999999500000         0.4999999999500000         0.9999999999000000E-10
      246875000.0000000         0.1000000000000000E-03      5000000.000000000          1600042867924.364         0.4999999999500000         0.4999999999500000         0.9999999999000000E-10
      248958333.3333333         0.1000000000000000E-03      5000000.000000000          1600042867924.364         0.4999999999500000         0.4999999999500000         0.9999999999000000E-10
      251041666.6666667         0.1000000000000000E-03      5000000.000000000          1600042867924.364         0.4999999999500000         0.4999999999500000         0.9999999999000000E-10
      253125000.0000000         0.1000000000000000E-03      5000000.000000000          1600042867924.364         0.4999999999500000         0.4999999999500000         0.9999999999000000E-10
      255208333.3333333         0.1000000000000000E-03      5000000.000000000          1600042867924.364         0.4999999999500000         0.4999999999500000         0.9999999999000000E-10
      257291666.6666667         0.1000000000000000E-03      5000000.000000000          1600042867924.364         0.4999999999500000         0.4999999999500000         0.9999999999000000E-10
      259375000.0000000         0.1000000000000000E-03      5000000.000000000          1600042867924.364         0.4999999999500000         0.4999999999500000         0.9999999999000000E-10
      261458333.3333333         0.1000000000000000E-03      5000000.000000000          1600042867924.364         0.4999999999500000         0.4999999999500000         0.9999999999000000E-10
      263541666.6666667         0.1000000000000000E-03      5000000.000000000          1600042867924.364         0.4999999999500000         0.4999999999500000         0.9999999999000000E-10
      265625000.0000000         0.1000000000000000E-03      5000000.000000000          1600042867924.364         0.4999999999500000         0.4999999999500000         0.9999999999000000E-10
      267708333.3333333         0.1000000000000000E-03      5000000.000000000          1600042867924.364         0.4999999999500000         0.4999999999500000         0.9999999999000000E-10
      269791666.6666666         0.1000000000000000E-03      5000000.000000000          1600042867924.364         0.4999999999500000         0.4999999999500000         0.9999999999000000E-10
      271875000.0000000         0.1000000000000000E-03      5000000.000000000          1600042867924.364         0.4999999999500000         0.4999999999500000         0.9999999999000000E-10
      273958333.3333333         0.1000000000000000E-03      5000000.000000000          1600042867924.364         0.4999999999500000         0.4999999999500000         0.9999999999000000E-10
      276041666.6666666         0.1000000000000000E-03      5000000.000000000          1600042867924.364         0.4999999999500000         0.4999999999500000         0.9999999999000000E-10
      278125000.0000000         0.1000000000000000E-03      5000000.000000000          1600042867924.364         0.4999999999500000         0.4999999999500000         0.9999999999000000E-10
      280208333.3333333         0.1000000000000000E-03      5000000.000000000          1600042867924.364         0.4999999999500000         0.4999999999500000         0.9999999999000000E-10
      282291666.6666666         0.1000000000000000E-03      5000000.000000000          1600042867924.364         0.4999999999500000         0.4999999999500000         0.9999999999000000E-10
      284375000.0000000         0.1000000000000000E-03      5000000.000000000          1600042867924.364         0.4999999999500000         0.4999999999500000         0.9999999999000000E-10
      286458333.3333333         0.1000000000000000E-03      5000000.000000000          1600042867924.364         0.4999999999500000         0.4999999999500000         0.9999999999000000E-10
      288541666.6666666         0.1000000000000000E-03      5000000.000000000          1600042867924.364         0.4999999999500000         0.4999999999500000         0.9999999999000000E-10
      290625000.0000000         0.1000000000000000E-03      5000000.000000000          1600042867924.364         0.4999999999500000         0.4999999999500000         0.9999999999000000E-10
      292708333.3333333         0.1000000000000000E-03      5000000.000000000          1600042867924.364         0.4999999999500000         0.4999999999500000         0.9999999999000000E-10
      294791666.6666666         0.1000000000000000E-03      5000000.000000000          1600042867924.364         0.4999999999500000         0.4999999999500000         0.9999999999000000E-10
      296875000.0000000         0.1000000000000000E-03      5000000.000000000          1600042867924.364         0.4999999999500000         0.4999999999500000         0.9999999999000000E-10
      298958333.3333333         0.1000000000000000E-03      5000000.000000000          1600042867924.364         0.4999999999500000         0.4999999999500000         0.9999999999000000E-10
      301041666.6666666         0.1000000000000000E-03      5000000.000000000          1600042867924.364         0.4999999999500000         0.4999999999500000         0.9999999999000000E-10
      303125000.0000000         0.1000000000000000E-03      5000000.000000000          1600042867924.364         0.4999999999500000         0.4999999999500000         0.9999999999000000E-10
      305208333.3333333         0.1000000000000000E-03      5000000.000000000          1600042867924.364         0.4999999999500000         0.4999999999500000         0.9999999999000000E-10
      307291666.6666666         0.1000000000000000E-03      5000000.000000000          1600042867924.364         0.4999999999500000         0.4999999999500000         0.9999999999000000E-10
      309375000.0000000         0.1000000000000000E-03      5000000.000000000          1600042867924.364         0.4999999999500000         0.4999999999500000         0.9999999999000000E-10
      311458333.3333333         0.1000000000000000E-03      5000000.000000000          1600042867924.364         0.4999999999500000         0.4999999999500000         0.9999999999000000E-10
      313541666.6666666         0.1000000000000000E-03      5000000.000000000          1600042867924.364         0.4999999999500000         0.4999999999500000         0.9999999999000000E-10
      315625000.0000000         0.1000000000000000E-03      5000000.000000000          1600042867924.364         0.4999999999500000         0.4999999999500000         0.9999999999000000E-10
      317708333.3333333         0.1000000000000000E-03      5000000.000000000          1600042867924.364         0.4999999999500000         0.4999999999500000         0.9999999999000000E-10
      319791666.6666666         0.1000000000000000E-03      5000000.000000000          1600042867924.364         0.4999999999500000         0.4999999999500000         0.9999999999000000E-10
      321875000.0000000         0.1000000000000000E-03      5000000.000000000          1600042867924.364         0.4999999999500000         0.4999999999500000         0.9999999999000000E-10
      323958333.3333333         0.1000000000000000E-03      5000000.000000000          1600042867924.364         0.4999999999500000         0.4999999999500000         0.9999999999000000E-10
      326041666.6666666         0.1000000000000000E-03      5000000.000000000          1600042867924.364         0.4999999999500000         0.4999999999500000         0.9999999999000000E-10
      328125000.0000000         0.1000000000000000E-03      5000000.000000000          1600042867924.364         0.4999999999500000         0.4999999999500000         0.9999999999000000E-10
      330208333.3333333         0.1000000000000000E-03      5000000.000000000          1600042867924.364         0.4999999999500000         0.4999999999500000         0.9999999999000000E-10
      332291666.6666666         0.1000000000000000E-03      5000000.000000000          1600042867924.364         0.4999999999500000         0.4999999999500000         0.9999999999000000E-10
      334375000.0000000         0.1000000000000000E-03      5000000.000000000          1600042867924.364         0.4999999999500000         0.4999999999500000         0.9999999999000000E-10
      336458333.3333333         0.1000000000000000E-03      5000000.000000000          1600042867924.364         0.4999999999500000         0.4999999999500000         0.9999999999000000E-10
      338541666.6666666         0.1000000000000000E-03      5000000.000000000          1600042867924.364         0.4999999999500000         0.4999999999500000         0.9999999999000000E-10
      340625000.0000000         0.1000000000000000E-03      5000000.000000000          1600042867924.364         0.4999999999500000         0.4999999999500000         0.9999999999000000E-10
      342708333.3333333         0.1000000000000000E-03      5000000.000000000          1600042867924.364         0.4999999999500000         0.4999999999500000         0.9999999999000000E-10
      344791666.6666666         0.1000000000000000E-03      5000000.000000000          1600042867924.364         0.4999999999500000         0.4999999999500000         0.9999999999000000E-10
      346875000.0000000         0.1000000000000000E-03      5000000.000000000          1600042867924.364         0.4999999999500000         0.4999999999500000         0.9999999999000000E-10
      348958333.3333333         0.1000000000000000E-03      5000000.000000000          1600042867924.364         0.4999999999500000         0.4999999999500000         0.9999999999000000E-10
      351041666.6666666         0.1000000000000000E-03      5000000.000000000          1600042867924.364         0.4999999999500000         0.4999999999500000         0.9999999999000000E-10
      353125000.0000000         0.1000000000000000E-03      5000000.000000000          1600042867924.364         0.4999999999500000         0.4999999999500000         0.9999999999000000E-10
      355208333.3333333         0.1000000000000000E-03      5000000.000000000          1600042867924.364         0.4999999999500000         0.4999999999500000         0.9999999999000000E-10
      357291666.6666666         0.1000000000000000E-03      5000000.000000000          1600042867924.364         0.4999999999500000         0.4999999999500000         0.9999999999000000E-10
      359375000.0000000         0.1000000000000000E-03      5000000.000000000          1600042867924.364         0.4999999999500000         0.4999999999500000         0.9999999999000000E-10
      361458333.3333333         0.1000000000000000E-03      5000000.000000000          1600042867924.364         0.4999999999500000         0.4999999999500000         0.9999999999000000E-10
      363541666.6666666         0.1000000000000000E-03      5000000.000000000          1600042867924.364         0.4999999999500000         0.4999999999500000         0.9999999999000000E-10
      365625000.0000000         0.1000000000000000E-03      5000000.000000000          1600042867924.364         0.4999999999500000         0.4999999999500000         0.9999999999000000E-10
      367708333.3333333         0.1000000000000000E-03      5000000.000000000          1600042867924.364         0.4999999999500000         0.4999999999500000         0.9999999999000000E-10
      369791666.6666666         0.1000000000000000E-03      5000000.000000000          1600042867924.364         0.4999999999500000         0.4999999999500000         0.9999999999000000E-10
      371875000.0000000         0.1000000000000000E-03      5000000.000000000          1600042867924.364         0.4999999999500000         0.4999999999500000         0.9999999999000000E-10
      373958333.3333333         0.1000000000000000E-03      5000000.000000000          1600042867924.364         0.4999999999500000         0.4999999999500000         0.9999999999000000E-10
      376041666.6666666         0.1000000000000000E-03      5000000.000000000          1600042867924.364         0.4999999999500000         0.4999999999500000         0.9999999999000000E-10
      378125000.0000000         0.1000000000000000E-03      5000000.000000000          1600042867924.364         0.4999999999500000         0.4999999999500000         0.9999999999000000E-10
      380208333.3333333         0.1000000000000000E-03      5000000.000000000          1600042867924.364         0.4999999999500000         0.4999999999500000         0.9999999999000000E-10
      382291666.6666666         0.1000000000000000E-03      5000000.000000000          1600042867924.364         0.4999999999500000         0.4999999999500000         0.9999999999000000E-10
      384375000.0000000         0.1000000000000000E-03      5000000.000000000          1600042867924.364         0.4999999999500000         0.4999999999500000         0.9999999999000000E-10
      386458333.3333333         0.1000000000000000E-03      5000000.000000000          1600042867924.364         0.4999999999500000         0.4999999999500000         0.9999999999000000E-10
      388541666.6666666         0.1000000000000000E-03      5000000.000000000          1600042867924.364         0.4999999999500000         0.4999999999500000         0.9999999999000000E-10
      390625000.0000000         0.1000000000000000E-03      5000000.000000000          1600042867924.364         0.4999999999500000         0.4999999999500000         0.9999999999000000E-10
      392708333.3333333         0.1000000000000000E-03      5000000.000000000          1600042867924.364         0.4999999999500000         0.4999999999500000         0.9999999999000000E-10
      394791666.6666666         0.1000000000000000E-03      5000000.000000000          1600042867924.364         0.4999999999500000         0.4999999999500000         0.9999999999000000E-10
      396875000.0000000         0.1000000000000000E-03      5000000.000000000          1600042867924.364         0.4999999999500000         0.4999999999500000         0.9999999999000000E-10
      398958333.3333333         0.1000000000000000E-03      5000000.000000000          1600042867924.364         0.4999999999500000         0.4999999999500000         0.9999999999000000E-10
      401041666.6666666         0.1000000000000000E-03      5000000.000000000          1600042867924.364         0.4999999999500000         0.4999999999500000         0.9999999999000000E-10
      403125000.0000000         0.1000000000000000E-03      5000000.000000000          1600042867924.364         0.4999999999500000         0.4999999999500000         0.9999999999000000E-10
      405208333.3333333         0.1000000000000000E-03      5000000.000000000          1600042867924.364         0.4999999999500000         0.4999999999500000         0.9999999999000000E-10
      407291666.6666666         0.1000000000000000E-03      5000000.000000000          1600042867924.364         0.4999999999500000         0.4999999999500000         0.9999999999000000E-10
      409375000.0000000         0.1000000000000000E-03      5000000.000000000          1600042867924.364         0.4999999999500000         0.4999999999500000         0.9999999999000000E-10
      411458333.3333333         0.1000000000000000E-03      5000000.000000000          1600042867924.364         0.4999999999500000         0.4999999999500000         0.9999999999000000E-10
      413541666.6666666         0.1000000000000000E-03      5000000.000000000          1600042867924.364         0.4999999999500000         0.4999999999500000         0.9999999999000000E-10
      415625000.0000000         0.1000000000000000E-03      5000000.000000000          1600042867924.364         0.4999999999500000         0.4999999999500000         0.9999999999000000E-10
      417708333.3333333         0.1000000000000000E-03      5000000.000000000          1600042867924.364         0.4999999999500000         0.4999999999500000         0.9999999999000000E-10
      419791666.6666666         0.1000000000000000E-03      5000000.000000000          1600042867924.364         0.4999999999500000         0.4999999999500000         0.9999999999000000E-10
      421875000.0000000         0.1000000000000000E-03      5000000.000000000          1600042867924.364         0.4999999999500000         0.4999999999500000         0.9999999999000000E-10
      423958333.3333333         0.1000000000000000E-03      5000000.000000000          1600042867924.364         0.4999999999500000         0.4999999999500000         0.9999999999000000E-10
      426041666.6666666         0.1000000000000000E-03      5000000.000000000          1600042867924.364         0.4999999999500000         0.4999999999500000         0.9999999999000000E-10
      428125000.0000000         0.1000000000000000E-03      5000000.000000000          1600042867924.364         0.4999999999500000         0.4999999999500000         0.9999999999000000E-10
      430208333.3333333         0.1000000000000000E-03      5000000.000000000          1600042867924.364         0.4999999999500000         0.4999999999500000         0.9999999999000000E-10
      432291666.6666666         0.1000000000000000E-03      5000000.000000000          1600042867924.364         0.4999999999500000         0.4999999999500000         0.9999999999000000E-10
      434375000.0000000         0.1000000000000000E-03      5000000.000000000          1600042867924.364         0.4999999999500000         0.4999999999500000         0.9999999999000000E-10
      436458333.3333333         0.1000000000000000E-03      5000000.000000000          1600042867924.364         0.4999999999500000         0.4999999999500000         0.9999999999000000E-10
      438541666.6666666         0.1000000000000000E-03      5000000.000000000          1600042867924.364         0.4999999999500000         0.4999999999500000         0.9999999999000000E-10
      440625000.0000000         0.1000000000000000E-03      5000000.000000000          1600042867924.364         0.4999999999500000         0.4999999999500000         0.9999999999000000E-10
      442708333.3333333         0.1000000000000000E-03      5000000.000000000          1600042867924.364         0.4999999999500000         0.4999999999500000         0.9999999999000000E-10
      444791666.6666666         0.1000000000000000E-03      5000000.000000000          1600042867924.364         0.4999999999500000         0.4999999999500000         0.9999999999000000E-10
      446875000.0000000         0.1000000000000000E-03      5000000.000000000          1600042867924.364         0.4999999999500000         0.4999999999500000         0.9999999999000000E-10
      448958333.3333333         0.1000000000000000E-03      5000000.000000000          1600042867924.364         0.4999999999500000         0.4999999999500000         0.9999999999000000E-10
      451041666.6666666         0.1000000000000000E-03      5000000.000000000          1600042867924.364         0.4999999999500000         0.4999999999500000         0.9999999999000000E-10
      453125000.0000000         0.1000000000000000E-03      5000000.000000000          1600042867924.364         0.4999999999500000         0.4999999999500000         0.9999999999000000E-10
      455208333.3333333         0.1000000000000000E-03      5000000.000000000          1600042867924.364         0.4999999999500000         0.4999999999500000         0.9999999999000000E-10
      457291666.6666666         0.1000000000000000E-03      5000000.000000000          1600042867924.364         0.4999999999500000         0.4999999999500000         0.9999999999000000E-10
      459375000.0000000         0.1000000000000000E-03      5000000.000000000          1600042867924.364         0.4999999999500000         0.4999999999500000         0.9999999999000000E-10
      461458333.3333333         0.1000000000000000E-03      5000000.000000000          1600042867924.364         0.4999999999500000         0.4999999999500000         0.9999999999000000E-10
      463541666.6666666         0.1000000000000000E-03      5000000.000000000          1600042867924.364         0.4999999999500000         0.4999999999500000         0.9999999999000000E-10
      465625000.0000000         0.1000000000000000E-03      5000000.000000000          1600042867924.364         0.4999999999500000         0.4999999999500000         0.9999999999000000E-10
      467708333.3333333         0.1000000000000000E-03      5000000.000000000          1600042867924.364         0.4999999999500000         0.4999999999500000         0.9999999999000000E-10
      469791666.6666666         0.1000000000000000E-03      5000000.000000000          1600042867924.364         0.4999999999500000         0.4999999999500000         0.9999999999000000E-10
      471875000.0000000         0.1000000000000000E-03      5000000.000000000          1600042867924.364         0.4999999999500000         0.4999999999500000         0.9999999999000000E-10
      473958333.3333333         0.1000000000000000E-03      5000000.000000000          1600042867924.364         0.4999999999500000         0.4999999999500000         0.9999999999000000E-10
      476041666.6666666         0.1000000000000000E-03      5000000.000000000          1600042867924.364         0.4999999999500000         0.4999999999500000         0.9999999999000000E-10
      478125000.0000000         0.1000000000000000E-03      5000000.000000000          1600042867924.364         0.4999999999500000         0.4999999999500000         0.9999999999000000E-10
      480208333.3333333         0.1000000000000000E-03      5000000.000000000          1600042867924.364         0.4999999999500000         0.4999999999500000         0.9999999999000000E-10
      482291666.6666666         0.1000000000000000E-03      5000000.000000000          1600042867924.364         0.4999999999500000         0.4999999999500000         0.9999999999000000E-10
      484375000.0000000         0.1000000000000000E-03      5000000.000000000          1600042867924.364         0.4999999999500000         0.4999999999500000         0.9999999999000000E-10
      486458333.3333333         0.1000000000000000E-03      5000000.000000000          1600042867924.364         0.4999999999500000         0.4999999999500000         0.9999999999000000E-10
      488541666.6666666         0.1000000000000000E-03      5000000.000000000          1600042867924.364         0.4999999999500000         0.4999999999500000         0.9999999999000000E-10
      490625000.0000000         0.1000000000000000E-03      5000000.000000000          1600042867924.364         0.4999999999500000         0.4999999999500000         0.9999999999000000E-10
      492708333.3333333         0.1000000000000000E-03      5000000.000000000          1600042867924.364         0.4999999999500000         0.4999999999500000         0.9999999999000000E-10
      494791666.6666666         0.1000000000000000E-03      5000000.000000000          1600042867924.364         0.4999999999500000         0.4999999999500000         0.9999999999000000E-10
      496875000.0000000         0.1000000000000000E-03      5000000.000000000          1600042867924.364         0.4999999999500000         0.4999999999500000         0.9999999999000000E-10
      498958333.3333333         0.1000000000000000E-03      5000000.000000000          1600042867924.364         0.4999999999500000         0.4999999999500000         0.9999999999000000E-10
